1 180
1.440
1.440
1.440
1.440
1.490
1.440
1.440
1.440
1.540
1.770
1.770
1.770
1.770
1.720
1.770
1.770
1.710
1.560
1.510
1.510
1.560
1.560
1.560
1.560
1.560
1.560
1.610
1.610
1.610
1.710
1.660
1.660
1.790
1.740
1.640
1.490
1.490
1.490
1.590
1.590
1.590
1.590
1.690
1.690
1.690
1.740
1.740
1.740
1.840
1.210
1.160
1.210
1.260
1.210
1.260
1.210
1.310
1.310
1.310
1.360
1.310
1.360
3.910
3.860
3.860
3.960
4.160
4.360
4.510
4.710
4.960
5.210
5.460
5.760
6.110
6.510
6.860
8.110
8.110
8.660
9.460
10.410
11.510
13.110
15.060
17.460
21.960
26.860
51.060
51.060
36.810
39.310
39.110
29.560
51.060
15.760
13.010
11.060
9.660
8.560
7.710
7.010
6.410
5.960
5.560
5.160
4.860
4.560
4.310
4.060
3.860
3.710
3.560
3.360
3.260
3.110
2.960
2.910
2.810
2.710
2.610
2.540
2.490
2.390
2.390
2.290
2.240
2.190
2.140
2.090
2.040
1.990
1.940
1.940
1.890
1.840
1.840
1.790
1.790
1.740
1.690
1.640
1.640
1.590
1.590
1.540
1.590
1.490
1.540
1.490
1.490
1.440
1.440
1.440
1.440
1.440
1.390
1.390
1.390
1.390
1.340
1.370
1.370
1.370
1.370
1.320
1.320
1.320
1.320
1.340
1.320
1.320
1.320
1.320
1.320
1.320
1.270
1.270
1.270
1.270
-538.675 -405.525 -2.205385
