1 180
1.640
1.590
1.640
1.610
1.610
1.610
1.660
1.660
1.660
1.710
1.760
1.710
1.710
1.710
1.610
1.660
1.710
1.660
1.640
1.640
1.670
1.690
1.690
1.720
1.740
1.740
1.790
1.770
1.820
1.790
1.840
1.890
1.890
1.940
1.940
1.940
1.990
2.040
2.040
2.090
2.090
2.140
2.190
2.240
2.290
2.340
2.340
2.440
2.440
2.490
2.590
2.590
2.690
2.740
2.840
2.890
2.960
3.110
3.160
3.360
51.060
51.110
51.060
51.060
4.510
4.360
4.360
4.510
4.710
5.010
5.260
5.510
5.860
6.260
9.560
9.510
9.510
9.460
9.460
10.660
12.010
14.260
16.560
19.110
19.110
32.710
51.060
51.060
51.060
33.110
32.760
24.360
51.060
14.360
12.160
10.610
9.460
8.560
7.810
7.110
6.560
6.160
5.710
5.410
5.060
4.810
4.510
4.360
4.110
3.910
3.810
3.610
3.410
3.360
3.210
3.210
51.060
3.060
3.060
3.010
3.010
2.910
2.910
2.760
2.710
2.660
2.610
2.510
2.510
2.460
2.310
2.310
2.210
2.110
1.960
1.940
1.940
1.890
1.840
1.840
1.790
1.790
1.790
1.740
1.690
1.740
1.690
1.690
1.640
1.640
1.590
1.590
1.590
1.590
1.540
1.540
1.540
1.540
1.490
1.490
1.490
1.470
1.520
1.470
1.470
1.470
1.470
1.470
1.470
1.470
1.470
1.470
1.470
1.470
1.470
1.470
1.470
1.420
1.470
1.420
-522.772 -375.914 -1.923385
