1 180
0.590
0.590
0.590
0.540
0.590
0.540
0.590
0.540
0.540
0.540
0.540
0.540
0.490
0.490
0.490
0.490
0.490
0.490
0.490
0.440
0.440
0.460
0.510
0.610
0.610
0.540
0.540
0.540
0.540
0.540
0.540
0.510
0.610
0.610
0.610
0.610
0.660
0.660
0.660
0.610
0.660
0.660
0.660
0.710
0.660
0.710
0.710
0.710
0.710
0.760
0.760
0.760
0.760
0.810
0.810
0.810
0.810
3.260
51.060
3.410
3.310
51.060
51.110
1.860
1.740
1.760
1.710
1.710
1.710
1.710
7.410
51.060
51.060
51.060
51.060
2.460
2.360
2.410
2.360
2.410
51.060
3.460
3.110
3.110
3.060
3.060
3.810
3.810
3.810
4.560
4.560
4.810
5.360
6.110
6.860
7.610
8.360
9.960
13.160
13.210
13.160
2.360
2.310
2.110
2.090
2.090
2.110
13.210
13.260
13.260
13.260
9.960
9.210
8.510
7.710
6.960
6.960
6.210
6.210
5.460
5.510
4.760
4.710
4.760
4.910
3.960
3.960
4.110
4.210
51.060
3.310
3.310
3.360
3.410
51.060
51.060
51.060
2.860
2.660
2.710
2.710
2.660
51.060
51.060
51.060
51.060
51.060
51.060
51.060
1.860
1.810
1.710
1.660
1.690
1.660
1.760
1.760
1.860
51.060
2.460
2.310
2.160
2.310
0.410
0.360
0.290
0.290
0.340
0.340
0.290
0.260
0.360
0.360
0.360
0.360
0.360
0.410
0.410
0.460
0.560
-61.442 38.049 2.433795
