1 180
1.830
1.880
1.830
1.830
1.880
1.830
1.830
1.830
1.880
1.880
1.880
1.880
1.880
1.900
1.930
1.930
1.900
1.980
1.950
1.950
1.950
2.000
2.000
2.050
2.050
2.050
2.100
2.100
2.150
2.150
2.200
2.200
2.250
2.250
2.250
2.300
2.400
2.400
2.450
2.450
2.550
2.550
2.550
2.650
2.700
2.750
2.800
2.850
2.950
3.000
3.100
3.120
3.220
3.370
3.570
3.920
4.120
51.070
51.070
51.070
4.420
4.370
4.420
4.520
4.770
4.970
5.220
5.520
5.720
6.070
6.420
6.820
7.270
7.770
8.820
9.120
9.920
10.920
12.170
13.720
15.870
20.220
22.370
35.070
35.220
51.070
51.070
51.070
25.920
22.270
16.370
14.720
12.120
10.270
9.020
7.970
7.220
6.470
5.970
5.520
5.120
4.820
4.470
4.170
3.970
3.770
3.620
3.420
3.270
3.120
3.020
2.870
2.770
2.670
2.570
2.520
2.450
2.400
2.350
2.250
2.150
2.100
2.050
2.050
2.000
1.900
1.850
1.850
1.800
1.750
1.750
1.700
1.700
1.650
1.650
1.600
1.600
1.550
1.550
1.500
1.500
1.450
1.450
1.400
1.450
1.400
1.400
1.350
1.350
1.350
1.350
1.300
1.300
1.350
1.300
1.300
1.300
1.250
1.250
1.250
1.230
1.250
1.230
1.280
1.280
1.230
1.230
1.230
1.230
1.230
1.230
1.180
1.230
1.230
1.180
1.180
1.230
1.180
1.180
1.230
-546.525 -416.199 -2.204385
