1 180
1.460
1.510
1.910
1.510
1.560
1.610
1.760
1.760
10.110
1.810
10.210
10.210
10.310
6.110
8.710
1.660
1.660
1.760
1.760
6.860
6.560
1.760
3.660
3.110
3.210
3.310
1.660
1.610
1.610
1.710
3.510
3.510
3.510
4.510
4.410
4.260
4.210
3.210
3.060
2.960
2.960
2.910
3.810
3.710
3.460
3.460
3.010
2.260
2.260
2.360
2.860
3.310
3.310
3.210
3.160
3.110
3.110
3.110
3.060
3.010
2.960
2.960
2.960
2.910
2.910
2.910
2.860
2.860
2.810
2.810
2.810
2.810
2.760
2.760
2.740
2.790
3.110
3.410
3.810
4.410
5.110
6.160
7.660
10.410
23.910
37.760
23.810
37.860
23.360
16.560
16.510
15.710
12.010
11.210
12.110
7.910
7.460
7.410
7.460
6.510
7.060
5.660
5.760
5.590
4.710
4.460
3.710
3.560
3.360
3.210
3.110
3.010
3.040
3.040
3.040
3.110
3.110
3.160
3.210
3.210
3.260
3.510
3.660
3.760
2.510
2.360
2.310
3.360
3.110
3.510
3.410
3.410
3.510
3.610
3.660
4.610
4.610
4.710
4.760
4.810
6.560
6.360
6.360
1.860
1.760
1.760
1.660
1.860
5.610
5.610
5.560
5.510
5.510
5.660
5.110
5.560
1.660
1.910
5.010
1.760
1.760
4.810
4.860
4.960
1.810
1.710
1.610
1.610
1.610
1.660
1.560
1.560
1.560
1.510
1.460
1.440
1.470
1.420
1.440
1.460
-292.410 -7.086 2.790795
