1 180
0.690
0.690
0.690
0.640
0.690
0.690
0.690
0.690
0.690
0.660
0.710
0.710
0.710
0.790
0.840
0.890
0.890
0.890
0.890
0.890
0.890
0.840
0.940
0.940
0.940
0.940
0.940
0.940
0.940
0.940
0.990
0.990
1.040
0.990
1.040
1.040
1.040
1.090
1.090
2.040
2.040
2.060
2.110
2.160
2.360
4.860
4.760
4.660
4.610
4.510
4.510
4.410
4.360
4.310
4.260
4.210
4.260
4.410
4.510
4.660
4.810
5.010
51.110
6.260
6.110
6.210
6.010
6.260
6.560
6.860
7.210
7.560
8.760
8.710
8.960
9.560
10.310
7.960
7.810
7.810
14.560
17.860
17.860
17.810
17.760
17.760
17.710
17.910
36.910
37.010
51.060
23.760
17.660
14.610
11.960
3.260
3.260
3.660
6.260
6.260
5.860
5.410
5.010
3.860
3.610
3.410
3.340
3.390
3.340
3.290
3.340
3.310
3.290
3.290
3.340
3.310
2.460
2.360
2.310
2.290
2.190
2.110
2.040
2.040
1.940
1.940
1.840
1.790
1.790
1.790
1.690
1.640
1.640
1.590
1.640
1.590
1.490
1.490
1.490
1.240
1.190
1.140
1.190
1.190
1.090
1.140
1.090
1.090
1.090
1.040
1.040
1.040
1.090
1.090
1.140
1.190
1.190
1.190
1.190
1.140
1.140
1.190
1.140
1.140
1.140
1.140
1.140
1.090
1.140
0.990
0.940
0.990
0.940
0.940
0.940
0.940
0.940
0.940
0.940
0.990
-126.350 5.378 -2.493385
