1 180
1.770
1.770
1.770
1.770
1.770
1.770
1.770
1.770
1.820
1.820
1.820
1.820
1.820
1.820
1.820
1.870
1.820
1.870
1.920
1.920
1.920
1.890
1.890
1.940
1.990
1.990
1.990
1.990
2.040
2.040
2.090
2.090
2.140
2.140
2.240
2.190
2.290
2.240
2.340
2.390
2.390
2.440
2.490
2.540
2.590
2.640
2.690
2.740
2.740
2.840
2.890
2.990
3.040
3.110
3.160
3.310
4.610
4.610
4.710
5.160
5.560
5.510
5.960
5.910
6.310
6.260
6.260
6.210
6.210
6.110
6.110
6.210
6.610
7.010
7.560
8.110
8.760
10.010
10.460
11.810
13.060
15.060
17.760
24.110
24.910
51.060
39.860
27.360
51.060
24.860
15.110
13.060
10.460
8.260
7.110
6.160
5.910
5.910
5.910
5.910
5.960
5.860
5.460
5.060
2.910
2.760
2.610
2.510
2.360
2.260
2.160
2.060
2.010
1.940
1.890
1.840
1.790
1.690
1.640
1.640
1.590
1.540
1.490
1.440
1.390
1.340
1.340
1.290
1.290
1.240
1.240
1.190
1.190
1.140
1.140
1.140
1.090
1.090
1.040
1.040
1.040
1.040
0.990
0.990
0.990
0.990
0.990
0.940
0.940
0.940
0.940
0.940
0.890
0.940
0.890
0.890
0.840
0.890
0.890
0.890
0.840
0.840
0.840
0.840
0.870
0.870
0.840
0.820
0.820
0.870
0.870
0.840
0.790
0.810
0.810
0.790
0.840
0.790
0.770
0.790
-542.628 -295.251 -0.469385
