1 180
0.870
0.870
0.870
0.870
0.870
0.870
0.870
0.870
0.870
0.870
0.840
0.840
0.840
0.840
0.840
0.890
0.890
0.890
0.890
0.840
0.890
0.890
0.890
0.890
0.940
0.890
0.890
0.940
0.940
0.940
0.990
0.990
0.990
0.990
1.040
0.990
0.990
1.040
1.040
1.040
1.090
1.090
1.140
1.140
1.140
1.190
1.190
1.190
1.240
1.240
1.290
1.340
1.340
1.340
1.390
1.440
1.490
1.490
1.590
1.590
1.640
1.690
1.790
1.840
1.890
1.940
1.990
2.090
2.190
2.290
2.360
2.460
2.610
2.760
2.890
3.810
3.790
3.790
3.790
4.010
4.910
4.910
5.260
5.860
6.710
7.660
8.960
10.910
14.060
20.110
20.160
20.210
20.210
20.260
18.260
15.160
12.310
9.310
9.260
7.110
6.610
6.610
6.060
5.560
5.060
3.960
3.790
3.790
3.840
3.790
3.810
3.660
3.460
3.310
2.890
2.810
2.660
1.660
1.640
1.640
1.660
1.760
1.910
1.660
1.690
1.640
1.710
1.890
1.840
1.840
1.790
1.490
1.440
1.390
1.390
1.390
1.340
1.290
1.240
1.240
1.240
0.910
0.910
0.860
0.810
0.810
0.840
0.820
0.820
0.840
0.840
0.810
0.860
0.860
0.910
0.860
0.810
0.760
0.710
0.710
0.660
0.690
0.690
0.720
0.690
0.690
0.710
0.710
0.760
0.760
0.760
0.840
0.840
0.760
0.710
0.710
0.660
0.660
0.640
0.640
-80.238 24.032 -0.086205
