1 180
2.360
3.010
2.910
2.910
2.890
2.910
2.910
2.610
2.390
2.310
2.360
3.710
3.610
3.460
3.360
3.210
3.210
1.860
1.810
1.710
1.710
1.710
1.660
1.710
2.610
2.510
2.510
2.460
2.210
1.060
0.960
0.960
1.010
0.960
1.060
1.160
1.560
1.510
1.660
2.060
2.010
1.960
1.960
1.910
1.860
1.760
1.760
1.860
1.810
1.810
1.810
1.810
1.760
1.790
1.790
1.790
1.740
1.740
1.740
1.690
1.690
1.690
1.690
1.690
1.690
1.690
1.690
1.690
1.640
1.690
1.640
1.690
1.640
1.690
1.640
1.640
1.690
1.690
1.640
1.640
1.640
2.110
5.510
5.510
5.360
5.410
10.210
9.560
10.210
8.410
7.160
6.760
6.610
6.610
6.660
6.510
5.710
6.260
6.110
5.860
4.960
5.260
4.920
5.560
4.660
4.760
4.110
4.010
3.910
3.810
3.760
3.660
3.260
3.160
3.140
3.090
2.990
2.940
2.890
2.840
2.840
2.740
2.690
2.690
2.640
2.690
2.690
2.810
2.860
2.910
3.010
3.610
3.660
3.610
3.610
3.560
3.510
3.460
3.460
3.060
3.410
3.610
3.910
2.610
2.310
2.260
2.310
2.810
5.960
5.910
2.710
2.610
2.510
6.060
5.560
6.010
2.560
2.460
2.660
2.460
2.310
2.260
2.260
2.190
2.210
2.210
2.160
2.160
2.140
2.190
2.310
2.410
2.460
2.460
2.510
2.610
2.710
2.410
2.560
6.260
-305.049 18.829 -1.453385
