1 180
1.170
1.170
1.170
1.170
1.170
1.220
1.170
1.220
1.220
1.190
1.190
1.220
1.220
1.240
1.270
1.240
1.240
1.220
1.270
1.240
1.290
1.290
1.240
1.340
1.340
1.340
1.370
1.340
1.340
1.390
1.440
1.440
1.440
1.440
1.490
1.490
1.540
1.540
1.590
1.590
1.640
1.640
1.690
1.740
1.740
1.790
1.840
1.890
1.940
1.990
2.040
2.090
2.140
2.190
2.240
2.340
2.440
2.490
2.590
2.640
2.710
2.810
2.890
2.890
2.840
2.910
3.060
3.160
3.910
4.160
4.410
4.660
5.010
5.410
5.860
6.460
7.160
7.910
8.960
9.860
12.210
12.210
12.160
12.160
12.160
12.110
12.160
12.210
12.260
12.310
12.260
12.260
12.260
9.960
9.910
9.010
8.260
7.610
7.010
6.510
6.060
5.660
5.410
5.060
4.810
4.610
4.360
4.160
4.060
3.310
3.210
3.110
3.010
2.990
2.990
3.040
3.060
2.960
2.860
2.760
2.710
2.640
2.590
2.540
2.490
2.440
2.390
2.340
2.290
2.240
2.190
2.190
2.140
2.090
2.040
1.990
1.990
1.940
1.990
1.940
1.890
1.840
1.840
1.840
1.790
1.790
1.790
1.740
1.740
1.690
1.690
1.690
1.640
1.640
1.640
1.640
1.640
1.640
1.590
1.590
1.590
1.590
1.590
1.540
1.590
1.540
1.540
1.540
1.590
1.540
1.540
1.540
1.540
1.540
1.540
1.540
1.540
1.540
1.540
1.490
-121.350 28.975 -1.051385
