1 180
0.610
0.610
0.660
0.610
0.660
0.660
0.660
0.610
0.660
0.610
0.540
0.570
0.560
0.660
0.660
0.710
0.660
0.660
0.710
0.710
0.710
0.710
0.710
0.710
0.660
0.660
0.710
0.710
0.710
0.760
0.760
0.710
0.760
0.760
0.760
0.760
0.760
0.760
0.810
0.810
0.810
0.790
0.790
0.840
0.810
0.840
0.840
0.860
0.890
0.890
0.940
0.940
1.010
1.010
1.060
1.060
1.110
1.110
1.160
1.110
1.120
1.120
1.040
1.140
1.140
1.190
1.240
1.340
1.340
1.390
1.440
1.490
1.590
1.690
1.740
1.860
1.960
4.110
3.910
4.660
4.960
4.810
5.760
5.710
5.660
6.160
8.460
10.260
10.260
14.860
19.410
19.360
28.810
3.060
2.990
2.990
3.010
3.110
3.110
3.160
7.510
6.710
5.910
5.710
5.760
5.810
5.810
5.860
5.860
5.910
5.910
5.960
6.010
6.010
5.010
6.110
6.160
6.210
6.260
4.160
6.410
6.460
6.510
6.560
6.610
3.460
3.410
6.860
6.960
2.360
2.340
2.240
2.190
2.140
2.090
2.040
1.990
1.990
1.990
1.940
1.890
1.890
1.840
1.840
1.790
1.740
1.690
1.740
1.690
1.640
1.640
1.640
1.590
1.590
1.590
1.540
1.590
1.540
1.540
1.540
1.520
1.490
1.520
1.520
1.470
1.470
1.470
1.470
1.420
1.420
1.420
1.420
1.420
1.420
1.420
1.370
1.420
1.420
1.420
1.370
-311.696 3.518 0.855795
