1 180
1.010
1.010
1.010
1.030
1.060
1.030
1.060
1.030
1.080
1.130
1.130
1.130
1.130
1.180
1.180
1.180
1.230
1.230
1.280
1.280
1.280
1.330
1.380
1.380
1.430
1.430
1.430
1.480
1.580
1.580
1.580
1.630
1.730
1.780
1.830
1.880
1.980
2.030
2.080
2.180
2.280
2.380
2.450
2.600
2.700
2.800
2.950
3.200
3.350
3.500
3.800
4.100
4.500
4.900
5.400
5.900
6.650
7.600
8.800
10.550
12.850
17.550
25.950
33.000
33.000
33.000
33.000
6.550
6.050
6.050
13.350
12.100
10.200
9.100
8.250
8.050
6.950
6.450
6.000
5.800
5.850
5.900
4.700
4.500
4.300
4.050
3.850
3.750
3.650
3.450
3.350
3.250
3.100
3.050
2.980
2.880
2.800
2.680
2.630
2.580
2.530
2.480
2.430
2.330
2.280
2.230
2.230
2.180
2.080
2.080
2.030
2.030
1.980
1.930
1.930
1.930
1.880
1.830
1.830
1.830
1.780
1.730
1.730
1.730
1.680
1.680
1.630
1.680
1.780
1.850
1.800
1.750
1.750
1.750
1.700
1.700
1.700
1.650
1.700
1.700
1.650
1.650
1.700
1.650
1.600
1.600
1.600
1.550
1.550
1.550
1.580
1.530
1.580
1.560
1.530
1.590
1.610
1.580
1.580
1.550
1.550
1.600
1.600
1.560
1.510
1.510
1.560
1.510
1.510
1.480
1.560
1.560
1.530
1.610
1.560
1.560
1.610
1.610
1.660
1.610
-588.462 -208.609 0.103795
