1 180
1.620
1.570
1.620
1.620
1.620
1.570
1.620
1.570
1.620
1.620
1.620
1.620
1.620
1.620
1.620
1.670
1.620
1.620
1.670
1.670
1.670
1.670
1.640
1.670
1.720
1.720
1.720
1.720
1.720
1.690
1.770
1.770
1.770
1.790
1.820
1.820
1.840
1.840
1.840
1.890
1.890
1.940
1.940
1.990
2.040
2.040
2.090
2.090
2.140
2.190
2.190
2.290
2.290
2.340
2.390
2.440
2.490
2.590
2.590
2.690
2.760
3.010
3.210
3.310
3.360
3.460
3.560
3.710
3.860
3.860
3.860
3.810
4.010
4.110
4.260
4.460
4.710
4.910
5.160
5.510
5.810
6.210
6.610
7.810
7.810
3.310
3.210
3.010
3.010
3.060
14.510
17.960
21.960
51.060
21.560
51.060
51.060
14.910
13.660
21.910
21.960
14.010
13.160
11.360
10.010
8.910
8.060
7.360
6.810
6.560
6.510
6.560
51.060
51.060
4.560
4.310
4.160
3.910
3.760
3.560
3.460
3.310
3.210
3.060
3.010
2.860
2.810
2.710
2.660
2.610
2.510
2.510
2.560
2.560
2.510
2.610
2.560
2.460
2.360
2.310
2.260
2.260
2.160
2.160
2.060
2.110
2.010
1.960
1.960
2.010
1.910
1.810
1.760
1.710
1.710
1.640
1.640
1.590
1.540
1.540
1.540
1.540
1.490
1.490
1.490
1.570
1.490
1.440
1.440
1.440
1.470
1.470
1.420
1.420
1.420
1.420
1.420
1.420
1.470
1.420
-458.049 -114.417 -2.603385
