1 180
1.420
1.470
1.310
1.210
1.210
1.210
1.160
1.110
1.140
1.140
1.090
1.060
1.110
1.160
1.160
1.160
1.210
1.210
1.260
1.310
1.440
1.590
1.540
1.590
1.590
1.590
1.640
1.720
1.640
1.690
1.740
1.740
1.740
1.740
1.790
1.840
1.840
1.890
1.890
1.890
1.990
1.990
1.990
2.090
2.090
2.140
2.190
2.240
2.290
2.290
2.340
2.390
2.490
2.710
2.840
2.910
2.910
3.060
3.160
3.260
3.360
3.510
3.560
3.460
3.610
3.760
3.910
4.060
4.360
4.560
4.760
5.110
5.360
5.760
6.160
6.610
7.710
8.110
8.610
9.560
10.810
12.760
14.410
13.060
13.510
23.010
14.560
14.760
37.160
37.210
18.560
13.360
10.410
8.760
7.360
6.410
5.710
5.110
4.610
4.260
3.860
3.610
3.360
3.160
3.010
2.760
2.660
2.510
2.360
2.260
2.210
2.110
1.990
1.940
1.840
1.740
1.740
1.640
1.640
1.540
1.540
1.490
1.440
1.390
1.390
1.340
1.290
1.240
1.240
1.240
1.190
1.190
1.140
1.140
1.090
1.090
1.040
1.090
1.040
0.990
0.990
0.990
0.990
0.940
0.940
0.940
0.940
0.940
0.890
0.890
0.890
0.890
0.870
0.890
0.890
0.840
0.840
0.840
0.840
0.840
0.840
0.820
0.820
0.870
0.870
0.820
0.790
0.820
0.840
0.790
0.790
0.790
0.790
0.790
0.740
0.740
0.790
0.740
0.740
0.740
-381.469 -72.358 -1.716385
