1 180
1.410
8.710
8.660
8.660
8.660
1.390
1.710
8.710
8.710
8.760
1.440
1.510
8.810
8.810
8.810
1.460
1.510
8.960
9.010
9.010
1.510
9.160
9.160
9.260
1.610
1.560
9.410
9.460
9.210
1.560
8.560
7.610
7.710
1.710
51.060
51.060
1.810
1.760
51.060
8.110
1.810
12.010
4.960
1.910
4.510
4.510
2.010
4.410
2.310
2.110
4.460
2.210
5.910
2.310
51.060
2.410
10.360
2.510
10.160
2.560
2.660
9.810
2.810
2.910
3.010
3.260
3.310
3.310
3.410
3.610
3.760
3.860
4.010
4.260
4.710
4.760
4.760
4.710
4.710
4.710
4.910
51.060
51.060
51.060
8.260
8.460
9.510
11.010
12.960
17.110
17.160
27.460
51.060
22.310
51.060
39.910
51.110
17.110
17.110
14.610
12.510
4.310
3.860
3.860
3.860
8.310
7.460
6.410
5.960
5.610
5.310
4.960
4.760
4.510
4.260
4.110
3.960
3.760
3.610
3.510
3.360
3.260
3.160
3.010
2.960
2.860
2.810
2.760
2.690
2.640
2.540
2.490
2.440
2.390
2.340
2.290
2.240
2.240
2.140
2.140
2.090
2.040
1.990
1.990
1.990
1.940
1.890
1.890
1.890
1.840
1.840
1.790
1.790
1.740
1.740
1.690
1.690
1.690
1.640
1.690
1.640
1.590
1.640
1.590
1.620
1.620
1.570
1.570
1.570
1.570
1.570
1.570
1.570
1.570
1.570
1.570
1.520
1.570
1.520
1.570
-499.279 -148.697 -2.480385
