1 180
0.710
0.760
0.710
0.710
0.710
0.760
0.760
0.760
0.760
0.710
0.760
0.760
0.760
0.760
0.760
0.760
0.760
0.760
1.090
1.090
1.070
1.120
1.090
1.120
1.140
1.140
1.120
1.170
1.170
1.140
1.170
1.220
1.190
1.190
1.270
1.240
1.290
1.290
1.290
1.340
1.340
1.340
1.340
1.390
1.420
1.440
1.440
1.440
1.540
1.490
1.540
1.590
1.640
1.640
1.690
1.740
1.790
1.790
1.840
1.890
1.940
2.040
2.040
2.140
2.290
2.340
2.390
2.460
2.610
2.660
2.810
2.960
3.110
3.260
3.410
3.610
3.860
4.060
4.460
4.810
5.160
5.660
6.760
6.810
7.710
8.860
13.410
13.310
13.310
13.310
51.060
48.510
34.460
30.860
27.110
21.810
17.960
9.760
8.210
6.960
6.260
5.560
5.110
4.660
4.260
3.910
3.710
3.410
3.260
3.010
2.860
2.710
2.560
2.510
2.360
2.260
2.160
2.140
2.040
1.960
1.890
1.840
1.740
1.690
1.640
1.640
1.590
1.540
1.490
1.490
1.440
1.390
1.390
1.340
1.290
1.290
1.240
1.240
1.240
1.190
1.140
1.140
1.140
1.140
1.090
1.090
1.090
1.040
1.040
1.040
1.040
0.990
1.020
0.990
1.040
0.990
0.990
0.990
0.940
0.940
1.020
0.940
0.970
0.710
0.660
0.610
0.660
0.660
0.610
0.660
0.610
0.610
0.610
0.610
0.610
0.610
0.610
0.610
0.560
0.610
-283.392 -12.512 2.424795
