1 180
1.010
1.540
1.620
1.620
1.620
1.620
1.650
1.570
1.570
1.620
1.620
1.620
1.620
1.620
1.620
1.670
1.620
1.670
1.670
1.670
1.670
1.670
1.670
1.770
1.720
1.720
1.720
1.770
1.820
1.770
1.820
1.820
1.820
1.870
1.890
1.890
1.890
1.960
1.960
2.010
1.990
2.040
2.090
2.090
2.140
2.190
2.240
2.240
2.190
2.140
2.140
2.090
2.040
2.040
2.040
1.990
1.940
1.890
1.890
1.840
1.840
1.840
1.890
1.890
1.940
1.990
2.290
2.340
2.440
2.510
2.560
2.710
2.810
2.840
2.860
3.110
3.260
3.460
3.710
3.960
4.310
4.710
5.160
5.610
6.210
7.060
7.910
8.960
10.210
9.010
9.060
10.210
9.060
10.160
8.860
8.660
8.810
8.760
8.760
8.810
8.760
8.660
8.710
8.810
8.660
7.510
6.960
6.510
6.060
5.710
5.360
5.060
4.810
4.260
4.110
3.910
3.960
3.860
3.710
3.560
3.460
3.360
3.260
3.110
3.010
2.960
2.860
2.790
2.740
2.690
2.640
2.540
2.490
2.440
2.390
2.340
2.290
2.290
2.290
2.190
2.190
2.140
2.090
2.140
2.090
2.040
2.040
1.940
1.940
1.940
1.890
1.890
1.890
1.840
1.840
1.790
1.740
1.790
1.690
1.740
1.690
1.690
1.690
1.690
1.670
1.670
1.670
1.670
1.670
1.590
1.670
1.620
1.620
1.620
1.620
1.570
1.620
1.570
1.570
1.570
-389.942 48.391 -2.634385
