1 180
1.640
1.640
1.610
1.610
1.660
1.610
1.660
1.710
1.710
1.710
1.660
1.710
1.710
1.710
1.690
1.720
1.720
1.740
1.740
1.740
1.770
1.740
1.790
1.820
1.790
1.840
1.840
1.890
1.890
1.940
1.940
1.940
1.990
1.990
2.040
2.090
2.090
2.090
2.140
2.190
2.240
2.240
2.290
2.340
2.440
2.440
2.540
2.540
2.590
2.690
2.690
2.790
2.890
2.940
3.040
3.110
3.160
3.260
3.360
3.510
3.660
3.760
3.910
4.060
4.210
4.410
4.610
4.860
5.060
5.410
5.660
6.060
6.460
6.860
7.360
8.010
8.760
9.560
11.310
12.160
13.710
15.760
20.960
24.610
30.560
44.360
41.410
51.060
44.410
51.110
25.910
51.060
14.310
12.210
10.610
9.960
8.410
7.610
6.910
6.860
51.060
5.560
5.210
4.910
4.610
4.360
4.160
3.960
3.760
3.660
3.560
3.560
3.560
3.560
3.560
51.060
51.060
51.060
51.060
3.060
51.060
2.410
2.390
2.290
2.290
2.240
2.140
2.140
2.090
2.040
2.040
1.940
1.940
1.890
1.840
1.840
1.790
1.790
1.790
1.690
1.740
1.690
1.690
1.640
1.640
1.590
1.590
1.540
1.540
1.540
1.490
1.540
1.490
1.490
1.490
1.440
1.440
1.440
1.440
1.440
1.390
1.420
1.420
1.420
1.420
1.370
1.370
1.370
1.370
1.420
1.370
1.370
1.370
1.370
1.370
1.370
1.370
1.370
1.370
1.370
-519.049 -365.048 -1.793385
