1 180
0.730
0.760
0.730
0.780
0.780
0.780
0.780
0.780
0.780
0.780
0.830
0.830
0.830
0.880
0.830
0.880
0.830
0.880
0.880
0.880
0.930
0.930
0.930
0.980
0.980
0.980
1.030
1.030
1.030
1.030
1.080
1.080
1.080
1.080
1.030
1.030
1.030
1.030
1.030
1.030
1.080
1.130
0.950
1.000
0.950
0.950
1.000
1.050
1.050
1.100
1.150
1.150
1.250
1.250
1.300
1.400
1.400
1.450
1.450
1.500
1.600
5.700
5.650
5.550
5.550
5.550
5.550
5.500
5.500
5.450
5.500
5.450
5.500
5.450
5.450
5.450
5.450
5.450
5.450
5.450
5.450
5.450
5.500
5.500
5.500
5.500
5.500
5.550
5.550
5.600
5.650
5.600
5.650
5.600
5.700
5.700
5.800
5.850
5.850
5.800
6.000
6.100
6.000
6.100
1.800
1.700
1.650
1.600
1.600
1.600
1.550
1.500
1.450
1.450
1.400
1.400
1.350
1.350
1.350
1.250
1.250
1.250
1.250
1.200
1.250
1.280
1.280
1.280
1.230
1.280
1.280
1.330
1.380
1.380
1.330
1.380
1.330
1.360
1.280
1.280
1.280
1.280
1.280
1.260
1.260
1.260
1.260
1.260
1.210
1.210
1.180
1.210
1.210
1.160
1.210
1.210
1.210
1.210
1.160
1.160
1.160
1.210
1.160
1.160
1.110
1.160
1.160
1.140
1.140
1.160
1.160
1.160
1.110
1.160
1.160
1.160
1.160
1.160
1.160
1.160
-302.909 29.184 1.798795
