1 180
1.320
1.370
1.320
1.370
1.320
1.320
1.320
1.370
1.370
1.370
1.370
1.370
1.370
1.370
1.370
1.340
1.420
1.420
1.420
1.420
1.470
1.440
1.440
1.470
1.470
1.440
1.490
1.520
1.570
1.540
1.540
1.540
1.590
1.640
1.640
1.640
1.690
1.740
1.790
1.790
1.790
1.840
1.890
1.890
1.890
1.940
1.990
2.040
2.090
2.140
2.190
2.240
2.240
2.390
2.440
2.490
2.590
2.640
2.740
2.760
2.860
3.010
3.060
3.210
3.360
3.510
3.660
3.810
4.010
4.210
4.460
4.810
5.160
5.510
5.460
5.460
5.460
5.460
5.460
5.410
5.410
5.410
5.410
5.390
5.310
5.390
5.340
5.390
5.340
5.340
5.340
5.310
5.310
5.360
5.360
5.410
5.360
5.460
5.460
5.460
5.460
5.460
5.510
5.560
5.560
5.610
5.610
5.660
5.710
3.310
3.160
3.060
2.910
2.810
2.760
2.610
2.510
2.490
2.440
2.310
2.290
2.190
2.140
2.090
2.040
1.990
1.940
1.890
1.890
1.840
1.790
1.740
1.690
1.740
1.690
1.640
1.590
1.590
1.590
1.540
1.540
1.490
1.490
1.440
1.440
1.390
1.390
1.390
1.390
1.340
1.340
1.340
1.340
1.290
1.290
1.290
1.290
1.290
1.270
1.240
1.320
1.270
1.270
1.220
1.270
1.270
1.220
1.220
1.270
1.220
1.270
1.220
1.220
1.220
1.270
1.220
1.220
1.220
1.220
1.220
-393.819 45.365 -2.526385
