1 180
1.370
1.370
1.420
1.370
1.370
1.420
1.420
1.420
1.420
1.420
1.420
1.470
1.420
1.470
1.470
1.470
1.520
1.490
1.520
1.510
1.560
1.560
1.560
1.610
1.710
1.710
1.760
1.810
1.810
1.760
1.860
1.860
1.860
1.910
1.910
1.960
2.010
2.060
2.060
2.060
2.160
2.160
2.210
2.210
2.160
2.110
2.160
2.260
2.240
2.290
2.340
2.390
2.390
2.490
2.540
2.640
2.740
2.790
2.860
2.960
3.060
3.160
3.310
3.410
3.610
3.710
3.910
4.160
4.310
4.610
4.860
5.160
5.460
5.860
6.360
6.810
7.410
8.560
9.060
10.260
13.760
13.810
16.610
20.010
26.960
28.610
51.060
51.060
51.060
51.060
17.010
12.510
10.160
9.110
7.910
7.010
6.160
6.210
5.110
4.760
4.410
4.110
3.710
3.510
3.310
3.160
2.960
2.860
2.710
2.610
2.510
2.410
2.310
2.240
2.110
2.090
2.040
1.940
1.890
1.840
1.790
1.740
1.690
1.690
1.640
1.590
1.590
1.540
1.490
1.440
1.440
1.390
1.390
1.390
1.340
1.340
1.290
1.290
1.240
1.240
1.190
1.240
1.190
1.190
1.140
1.140
1.140
1.140
1.090
1.090
1.090
1.090
1.090
1.040
1.090
1.040
1.040
1.040
0.990
0.990
0.990
0.990
0.990
0.990
0.990
0.940
0.990
0.970
0.970
1.020
1.020
1.020
1.020
1.020
1.020
1.020
1.020
0.970
0.970
1.020
-548.557 -139.742 -3.003385
