1 180
1.260
1.260
1.290
1.340
1.290
1.320
1.320
1.300
1.300
1.320
1.320
1.290
1.260
1.260
1.210
1.210
1.160
1.210
1.210
1.210
1.210
1.160
1.210
1.240
1.220
1.240
1.270
1.270
1.270
1.270
1.290
1.270
1.320
1.290
1.320
1.340
1.340
1.390
1.340
1.390
1.390
1.390
1.440
1.440
1.440
1.490
1.540
1.490
1.590
1.590
1.590
1.640
1.640
1.690
1.690
1.740
1.790
1.840
1.890
1.890
1.940
1.990
2.040
2.090
2.140
2.240
2.290
2.390
2.490
2.590
2.640
2.710
2.860
2.960
3.060
3.210
3.360
3.510
51.110
51.060
4.510
4.560
4.760
5.010
5.460
5.860
6.310
7.610
7.710
8.710
10.010
11.710
14.160
18.660
51.060
51.060
38.410
51.060
44.360
51.060
23.260
18.710
18.710
18.760
13.810
12.260
11.010
10.010
9.110
8.460
7.910
7.310
6.860
6.510
6.160
5.810
5.510
5.260
5.010
4.760
4.610
4.410
4.260
4.160
3.960
3.860
3.760
3.610
3.660
3.660
3.810
3.910
51.110
51.060
4.110
4.160
51.060
51.060
2.960
51.060
51.060
51.060
51.060
3.010
2.910
2.710
2.710
2.660
2.610
2.510
2.460
2.410
2.260
2.210
2.160
2.140
2.090
2.090
2.090
2.040
1.990
2.040
1.990
1.990
1.940
1.940
1.940
1.940
1.890
1.890
1.890
1.920
1.870
1.870
1.870
1.870
1.870
1.870
1.820
1.820
-460.880 -116.106 -2.603385
