1 180
1.370
1.420
1.370
1.370
1.370
1.370
1.370
1.370
1.370
1.370
1.370
1.370
1.310
1.260
1.260
1.310
1.320
1.240
1.320
1.270
1.320
1.290
1.290
1.370
1.290
1.340
1.340
1.370
1.340
1.340
1.340
1.390
1.390
1.390
1.420
1.440
1.440
1.440
1.440
1.490
1.490
1.490
1.540
1.540
1.590
1.590
1.590
1.690
1.640
1.740
1.760
1.710
1.660
1.610
1.660
1.710
1.760
1.760
1.760
1.760
1.860
1.910
1.910
2.010
2.110
2.110
2.260
2.260
1.610
1.510
1.540
1.490
1.510
1.610
3.290
3.290
3.260
3.510
3.560
7.160
6.910
1.390
1.390
1.340
1.340
1.340
1.360
6.510
6.510
6.460
6.860
7.260
7.010
6.660
6.510
6.710
6.610
6.760
7.260
7.260
7.310
7.260
7.360
7.310
6.560
6.460
5.010
4.560
4.560
4.660
5.910
4.510
4.510
4.760
4.610
4.710
2.210
2.110
2.010
1.810
1.660
1.560
1.510
1.510
1.510
1.510
1.410
1.410
1.360
1.360
1.410
1.410
1.410
1.390
1.390
1.340
1.340
1.390
1.440
1.440
1.440
1.490
1.490
1.540
1.540
1.540
1.490
1.490
1.440
1.440
1.390
1.390
1.390
1.340
1.340
1.340
1.340
1.290
1.340
1.290
1.290
1.240
1.240
1.240
1.240
1.240
1.240
1.190
1.190
1.190
1.220
1.170
1.170
1.170
1.170
1.220
1.170
1.170
1.170
1.170
-393.682 -16.335 2.146795
