1 180
1.560
1.560
1.560
1.560
1.560
1.560
1.560
1.560
1.560
1.560
1.560
1.560
1.560
1.610
1.610
1.610
1.610
1.610
1.660
1.660
1.660
1.660
1.680
1.660
1.660
1.710
1.680
1.710
1.760
1.760
1.780
1.780
1.780
1.830
1.860
1.830
1.880
1.930
1.930
1.980
1.980
2.030
2.080
2.080
2.080
2.180
2.180
2.230
2.230
2.300
2.350
3.900
3.850
3.800
3.750
3.730
3.700
3.630
3.630
3.580
3.350
3.300
3.350
3.350
3.450
3.550
3.700
3.850
4.000
4.200
4.350
4.550
4.800
5.100
5.400
5.700
5.700
5.650
5.700
7.500
7.750
7.750
7.700
8.300
9.250
14.650
14.600
14.550
14.550
14.550
14.750
14.600
14.850
16.550
17.000
9.650
9.250
5.550
5.550
5.550
5.350
4.900
4.400
4.100
3.750
3.500
3.250
3.100
2.900
2.850
2.900
2.750
2.600
2.550
2.350
2.350
2.200
2.000
1.850
1.830
1.730
1.680
1.630
1.630
1.530
1.530
1.430
1.430
1.430
1.380
1.330
1.330
1.280
1.280
1.280
1.180
1.180
1.130
1.180
1.130
1.080
1.080
1.130
1.080
1.030
1.030
1.030
1.030
0.980
0.980
0.930
0.980
0.930
0.930
0.930
0.930
0.880
0.880
0.930
0.880
0.880
0.910
0.880
0.910
0.910
0.910
0.830
0.860
0.830
0.880
0.910
0.860
0.910
0.860
0.860
0.860
0.860
0.860
0.860
0.860
-402.398 6.139 -1.482385
