1 180
1.270
1.220
1.220
1.220
1.220
1.220
1.220
1.220
1.220
1.220
1.220
1.220
1.220
1.220
1.220
1.270
1.220
1.220
1.270
1.220
1.270
1.270
1.240
1.270
1.270
1.270
1.320
1.270
1.290
1.290
1.340
1.340
1.370
1.420
1.370
1.390
1.390
1.420
1.440
1.440
1.490
1.490
1.540
1.540
1.540
1.590
1.590
1.640
1.640
1.690
1.740
1.740
1.740
1.790
1.840
1.890
1.940
1.940
2.040
2.090
2.140
2.190
2.240
2.290
2.390
2.440
2.540
2.640
2.660
2.760
2.910
3.010
3.160
3.260
3.460
3.610
3.810
4.010
4.260
4.510
4.810
5.160
6.260
6.260
7.010
7.210
8.010
9.010
10.260
12.010
14.610
18.610
9.060
8.910
51.060
51.060
51.060
32.160
19.360
17.060
16.510
15.810
13.810
12.160
11.560
9.860
9.110
8.360
7.760
7.210
6.960
7.010
51.060
5.710
5.410
5.210
4.960
4.710
4.510
4.410
4.160
4.060
3.960
3.760
3.660
3.560
3.460
3.360
3.260
3.160
3.060
3.010
2.960
2.860
2.840
2.860
2.760
2.760
2.810
2.860
2.760
2.760
2.710
2.660
2.660
2.610
2.560
2.510
2.510
2.460
2.410
2.410
2.360
2.310
2.260
2.260
2.210
2.060
2.060
2.010
1.990
1.940
1.940
1.940
1.890
1.890
1.890
1.890
1.840
1.890
1.870
1.820
1.820
1.870
1.820
1.820
1.820
1.820
1.820
1.770
-411.777 -101.764 3.030795
