1 180
1.170
1.170
1.170
1.170
1.170
1.120
1.170
1.170
1.170
1.170
1.120
1.170
1.170
1.170
1.170
1.170
1.170
1.190
1.170
1.220
1.220
1.190
1.190
1.220
1.190
1.190
1.220
1.220
1.240
1.270
1.290
1.240
1.290
1.340
1.320
1.340
1.370
1.390
1.340
1.390
1.390
1.440
1.440
1.440
1.490
1.490
1.540
1.540
1.590
1.590
1.640
1.690
1.740
1.690
1.740
1.790
1.840
1.890
1.890
1.940
1.990
2.090
2.140
2.210
4.210
4.160
4.110
4.090
4.060
4.040
3.360
3.360
3.510
3.940
3.510
3.460
3.410
3.840
3.840
3.790
3.740
3.740
3.690
3.690
3.690
3.640
3.640
3.640
3.590
3.590
3.590
3.590
3.590
3.590
3.590
3.590
3.590
3.590
3.590
3.590
3.590
3.590
3.640
3.590
3.640
3.640
3.640
3.690
3.690
3.690
3.740
3.740
3.740
3.710
3.640
3.740
3.890
3.940
3.990
2.810
2.610
2.560
2.410
2.410
2.290
2.240
2.190
2.140
2.040
2.040
1.940
1.890
1.840
1.790
1.740
1.690
1.690
1.640
1.640
1.590
1.590
1.540
1.540
1.490
1.440
1.440
1.440
1.390
1.390
1.340
1.340
1.340
1.340
1.290
1.240
1.290
1.240
1.240
1.190
1.190
1.190
1.190
1.190
1.170
1.220
1.170
1.170
1.170
1.170
1.170
1.170
1.120
1.170
1.120
1.120
1.120
1.120
1.120
1.120
1.120
-396.037 41.431 -1.130385
