1 180
0.570
0.620
0.570
0.620
0.570
0.570
0.590
0.540
0.590
0.540
0.540
0.590
0.590
0.590
0.540
0.590
0.590
0.590
0.640
0.590
0.640
0.590
0.640
0.640
0.640
0.640
0.640
0.640
0.690
0.640
0.690
0.640
0.740
0.690
0.740
0.740
0.740
0.740
0.790
0.790
0.840
0.790
0.840
0.790
0.840
0.840
0.890
0.940
0.940
0.940
0.990
0.990
1.040
1.040
1.090
1.140
1.190
1.190
1.240
1.290
1.340
1.340
1.390
1.490
1.490
1.640
1.690
1.740
1.810
1.960
2.560
2.760
2.860
2.810
2.790
2.810
3.210
3.490
4.460
4.510
5.310
6.310
7.660
9.610
13.360
22.060
25.310
51.060
34.660
18.310
17.460
14.360
11.660
11.660
8.860
8.810
8.160
7.460
6.010
3.510
3.410
3.510
3.510
3.460
3.460
4.660
3.610
3.410
3.310
3.110
3.140
3.140
3.140
3.240
3.240
3.290
3.290
3.340
3.540
3.640
3.660
3.710
3.760
3.810
3.810
3.860
3.960
4.010
4.060
4.160
4.210
4.260
4.360
4.460
4.560
4.610
4.710
4.810
4.910
5.010
5.160
5.260
5.410
5.510
5.710
5.860
6.060
6.260
6.410
6.660
6.910
7.160
7.410
7.710
1.810
1.290
1.290
1.290
1.240
1.270
1.290
1.290
1.270
1.270
1.270
1.270
1.220
1.220
1.210
1.390
1.390
1.390
1.390
1.390
1.390
1.390
1.390
1.390
1.390
1.390
-102.278 -1.388 1.036795
