1 180
1.370
1.370
1.370
1.420
1.420
1.420
1.370
1.420
1.420
1.420
1.470
1.420
1.420
1.420
1.470
1.470
1.470
1.470
1.520
1.520
1.570
1.570
1.570
1.570
1.570
1.570
1.620
1.620
1.670
1.670
1.670
1.690
1.740
1.790
1.790
1.790
1.840
1.840
1.890
1.890
1.940
3.210
3.260
3.310
3.410
3.410
3.510
3.660
3.660
3.810
3.810
3.840
3.790
3.740
3.740
3.690
3.640
3.640
3.590
3.540
3.540
3.490
3.560
3.660
3.810
4.010
4.210
4.460
4.410
4.360
4.390
4.340
4.510
4.560
4.560
4.410
4.360
4.360
4.360
4.360
4.310
3.860
3.610
3.610
3.410
3.410
3.510
4.190
4.190
4.240
4.190
2.660
3.040
4.290
4.240
4.290
4.260
3.660
3.260
3.160
3.010
3.010
3.010
2.860
3.110
2.210
2.310
2.710
2.560
2.460
2.390
2.340
2.240
2.190
2.090
2.040
1.990
1.940
1.890
1.840
1.790
1.740
1.690
1.640
1.590
1.540
1.490
1.540
1.490
1.440
1.440
1.390
1.340
1.390
1.390
1.340
1.290
1.290
1.290
1.240
1.240
1.190
1.190
1.190
1.190
1.170
1.140
1.170
1.120
1.090
1.090
1.090
1.090
1.040
1.090
1.070
1.040
1.070
1.070
1.040
1.040
1.070
1.020
1.070
1.020
1.020
1.020
1.020
1.020
1.020
1.020
1.020
1.020
0.970
1.020
1.020
1.020
1.020
1.020
1.020
-559.546 -231.240 -1.032385
