1 180
1.560
1.560
1.560
1.560
1.610
1.610
1.610
1.610
1.610
1.610
1.710
1.710
1.760
1.760
1.760
1.760
1.760
1.810
1.810
1.860
1.860
1.860
1.910
1.810
1.810
1.810
1.760
1.860
1.790
1.810
1.890
1.940
1.940
1.990
2.040
2.040
2.090
2.190
2.190
2.240
2.290
2.290
2.390
2.440
2.540
2.590
2.690
2.760
3.010
3.110
3.260
3.360
3.460
3.510
3.510
3.610
3.710
3.910
4.110
4.310
4.510
5.260
5.460
5.660
5.960
6.210
6.260
6.310
6.260
6.260
6.210
6.160
6.160
6.160
6.160
6.160
6.160
6.160
6.160
6.160
6.110
6.160
6.160
6.160
6.160
6.160
6.160
6.210
6.210
6.260
6.210
5.710
5.310
4.960
4.610
4.410
4.360
4.410
4.460
4.460
4.510
4.510
4.510
4.610
4.610
4.660
4.710
4.760
4.810
4.810
4.860
4.910
5.010
5.060
5.160
5.210
5.260
5.360
5.410
5.510
5.560
5.660
1.790
1.790
1.740
1.740
1.690
1.640
1.590
1.640
1.590
1.540
1.540
1.540
1.490
1.490
1.440
1.440
1.440
1.440
1.390
1.390
1.420
1.420
1.340
1.340
1.370
1.370
1.370
1.320
1.320
1.320
1.270
1.270
1.320
1.320
1.270
1.270
1.320
1.270
1.240
1.270
1.270
1.320
1.270
1.270
1.270
1.270
1.270
1.220
1.220
1.270
1.270
1.270
1.270
1.270
1.270
1.270
1.270
1.270
-454.730 -118.527 0.664795
