1 180
1.570
1.570
1.570
1.570
1.520
1.520
1.520
1.520
1.570
1.520
1.520
1.520
1.570
1.570
1.520
1.570
1.570
1.570
1.570
1.570
1.570
1.570
1.620
1.570
1.620
1.620
1.640
2.340
2.390
2.390
2.390
2.440
2.440
2.440
2.490
2.490
2.540
2.590
2.590
2.640
2.590
2.640
2.690
2.740
2.790
2.790
2.690
2.740
2.740
3.210
3.210
3.160
3.140
3.190
3.510
3.560
3.510
3.490
3.460
3.860
3.810
3.810
3.810
4.210
4.160
4.110
4.140
4.140
4.040
4.040
3.990
3.940
3.890
3.890
3.910
4.060
4.260
4.460
4.660
4.910
5.160
5.510
5.810
6.210
6.560
7.710
7.760
8.560
9.410
10.460
11.710
13.610
16.760
21.760
22.660
51.060
51.060
51.060
34.010
35.260
20.960
15.060
12.160
10.410
8.910
7.810
7.310
6.060
5.610
5.110
4.710
4.360
4.060
3.810
3.760
3.740
3.740
3.740
3.740
3.790
3.840
3.810
3.810
3.660
3.560
3.460
3.310
3.160
3.010
3.010
3.060
2.760
2.710
2.660
2.560
2.510
2.460
2.410
2.310
2.310
2.410
2.460
2.360
2.110
2.090
2.040
2.040
2.040
1.990
1.990
1.940
1.940
1.840
1.840
1.410
1.260
1.260
1.260
1.190
1.190
1.140
1.140
1.140
1.140
1.120
1.090
1.140
1.090
1.090
1.090
1.120
1.120
1.120
1.070
1.070
1.070
1.040
1.120
1.070
1.070
-540.771 -296.611 -0.689385
