1 180
1.220
1.220
1.220
1.170
1.170
1.220
1.220
1.220
1.220
1.220
1.220
1.220
1.220
1.190
1.270
1.270
1.270
1.240
1.320
1.320
1.270
1.320
1.290
1.320
1.370
1.290
1.370
1.370
1.390
1.390
1.440
1.440
1.440
1.440
1.440
1.490
1.540
1.540
1.540
1.590
1.590
1.640
1.790
1.790
1.840
1.890
1.890
1.940
1.990
1.990
2.040
2.140
2.140
2.190
2.290
2.340
2.390
2.390
2.390
2.490
2.660
2.810
2.910
3.060
3.110
3.260
3.390
3.390
3.560
3.710
3.910
4.160
4.240
4.410
4.660
4.960
5.910
6.410
7.060
7.810
8.960
10.110
14.010
12.810
12.810
9.610
9.160
8.810
12.760
12.810
12.810
12.810
10.210
8.360
6.160
5.210
4.960
4.910
4.410
4.060
3.760
3.460
3.260
3.060
2.860
2.710
2.560
2.390
2.260
2.160
2.090
1.960
1.940
1.840
1.790
1.740
1.690
1.640
1.540
1.540
1.490
1.440
1.390
1.340
1.340
1.290
1.240
1.240
1.240
1.190
1.190
1.140
1.140
1.140
1.090
1.040
1.090
1.040
1.040
0.990
0.990
0.940
0.990
0.990
0.940
0.940
0.940
0.890
0.890
0.890
0.840
0.890
0.840
0.890
0.890
0.890
0.840
0.840
0.840
0.840
0.790
0.840
0.790
0.820
0.820
0.820
0.820
0.820
0.820
0.790
0.820
0.820
0.820
0.820
0.820
0.770
0.820
0.770
0.820
0.770
-331.061 -21.787 0.309795
