1 180
1.360
1.410
1.360
1.360
1.410
1.360
1.410
1.410
1.410
1.460
1.460
1.460
1.460
1.460
1.510
1.460
1.510
1.480
1.510
1.560
1.560
1.560
1.580
1.580
1.580
1.580
1.660
1.660
1.630
1.680
1.730
1.730
1.780
1.780
1.780
1.830
1.830
1.880
1.930
1.980
1.980
2.080
2.080
2.180
2.230
2.230
2.280
2.380
2.380
2.480
2.530
2.580
2.730
2.800
2.850
2.950
3.100
3.200
3.350
3.450
3.550
3.750
3.900
4.150
4.350
4.600
4.850
5.150
5.500
5.900
6.400
6.900
8.250
8.300
9.200
13.150
13.000
13.750
17.000
21.350
28.400
28.400
8.800
8.500
8.450
21.200
15.700
12.350
10.150
8.800
7.700
7.350
6.100
5.550
5.100
4.700
4.350
4.050
3.800
3.550
3.430
3.430
3.480
3.450
3.550
3.550
51.050
2.450
2.380
2.330
2.230
2.130
2.080
1.980
1.930
1.880
1.880
1.780
1.780
1.680
1.630
1.630
1.630
1.580
1.530
1.480
1.480
1.480
1.430
1.480
1.530
1.530
1.580
1.650
1.600
1.650
1.650
1.680
1.700
1.700
1.750
1.800
1.850
1.950
2.050
2.050
2.150
2.200
2.300
2.350
2.500
2.850
2.900
3.050
3.250
3.300
3.750
4.350
4.600
4.600
4.550
4.530
4.580
5.050
4.950
4.800
4.700
4.680
1.250
1.200
1.200
0.980
1.010
1.010
1.010
1.010
1.010
1.010
1.010
1.010
-584.065 -209.760 -0.291385
