1 180
0.920
0.970
0.920
0.970
0.970
0.920
0.920
0.970
0.940
0.970
0.940
0.940
0.970
0.940
0.970
0.990
0.940
0.990
0.970
0.940
0.940
0.990
0.990
0.990
1.040
0.990
1.040
1.040
1.090
1.090
1.040
1.140
1.140
1.090
1.140
1.190
1.190
1.190
1.190
1.190
1.190
1.240
1.240
1.290
1.290
1.340
1.390
1.390
1.390
1.440
1.440
1.490
1.540
1.540
1.640
1.640
1.740
1.790
1.790
1.840
1.940
1.940
2.040
2.140
2.240
2.340
2.390
2.410
2.810
3.010
3.160
3.310
3.340
3.340
3.610
3.810
4.110
4.460
4.860
5.160
6.060
6.460
9.460
9.460
9.410
9.410
9.410
9.410
9.410
9.410
9.410
9.360
9.410
9.360
9.410
9.410
8.810
9.010
8.560
7.660
7.010
6.460
5.960
5.560
5.160
4.860
4.610
4.310
4.110
3.860
3.710
3.510
2.940
2.910
2.810
2.590
2.540
2.510
2.460
2.410
2.240
2.190
2.190
2.390
2.290
2.290
2.190
2.140
2.090
2.090
2.040
1.990
1.940
1.890
1.840
1.840
1.790
1.790
1.740
1.740
1.690
1.690
1.690
1.640
1.640
1.540
1.540
1.540
1.540
1.490
1.490
1.440
1.440
1.440
1.440
1.440
1.470
1.420
1.390
1.390
1.340
1.420
1.370
1.370
1.370
1.370
1.370
1.370
1.320
1.370
1.320
1.320
1.320
1.370
1.320
1.320
1.320
1.320
1.320
1.320
-163.240 -18.714 -2.977385
