1 180
0.670
0.670
0.720
0.670
0.670
0.670
0.670
0.670
0.670
0.690
0.670
0.690
0.690
0.690
0.690
0.690
0.640
0.690
0.690
0.690
0.690
0.690
0.740
0.740
0.690
0.740
0.740
0.740
0.790
0.740
0.740
0.790
0.740
0.790
0.790
0.790
0.790
0.790
0.890
0.840
0.840
0.890
0.890
0.940
0.940
0.940
0.940
0.990
1.040
0.990
1.040
1.040
1.040
1.140
1.140
1.190
1.190
1.240
1.290
1.290
1.340
1.390
1.440
1.490
1.540
1.590
1.690
1.740
1.790
1.890
1.990
2.010
2.510
2.660
2.760
2.890
2.890
2.890
3.160
3.510
3.760
4.210
4.710
5.260
6.110
7.110
8.660
11.210
51.060
24.510
51.060
51.060
22.110
22.110
13.610
13.110
12.660
10.260
9.560
7.310
7.260
6.960
6.410
5.910
4.760
4.610
4.610
4.510
4.310
4.060
3.940
3.940
3.860
3.710
3.510
3.410
3.260
3.110
3.010
2.910
2.860
2.210
2.140
2.090
2.040
1.940
1.990
2.040
2.040
2.090
2.040
2.040
2.090
2.090
2.040
2.040
1.990
1.990
1.890
1.840
1.840
1.790
1.790
1.740
1.740
1.740
1.740
1.640
1.690
1.640
1.640
1.590
1.590
1.540
1.440
1.440
1.440
1.390
1.390
1.420
1.340
1.370
1.340
1.340
1.370
1.370
1.370
1.370
1.370
1.290
1.320
1.320
1.320
1.320
1.320
1.320
1.320
1.320
1.320
1.320
-73.185 34.567 -2.904385
