1 180
8.210
8.210
8.260
7.660
6.160
4.310
4.410
3.810
3.360
3.060
2.760
2.510
2.310
2.160
1.960
1.860
1.760
1.660
1.560
1.460
1.410
1.360
1.310
1.260
1.210
1.160
1.110
1.060
1.010
1.010
1.010
0.910
0.910
0.860
0.890
0.910
0.910
0.910
0.960
0.910
0.910
0.960
1.010
0.960
1.010
1.010
1.060
1.060
1.110
1.160
1.160
1.160
1.210
1.290
1.340
1.340
1.390
1.440
1.490
1.540
1.590
1.640
1.690
1.740
1.840
1.890
1.940
2.040
2.090
2.210
2.310
2.460
2.560
2.710
2.910
3.060
3.260
3.710
4.310
4.560
4.560
4.710
5.360
6.210
7.260
8.760
9.960
10.460
14.160
14.210
14.160
14.160
14.210
14.210
14.260
14.260
14.260
10.610
10.210
10.110
9.160
8.460
8.210
7.660
6.760
6.360
6.010
5.660
5.360
5.110
4.960
4.960
5.010
5.060
5.110
5.110
5.210
5.260
5.310
5.310
5.410
5.410
5.510
5.560
5.610
5.760
5.760
2.760
2.740
2.690
2.590
1.810
1.560
1.360
1.360
1.360
1.360
1.360
1.360
1.410
1.360
1.360
1.410
1.410
1.410
1.460
1.490
1.990
1.990
1.990
1.940
1.940
1.890
1.840
1.890
1.890
1.840
1.840
1.790
1.790
1.790
1.820
1.740
1.740
1.790
1.860
2.010
2.210
2.360
2.290
2.340
2.340
2.390
2.790
2.790
2.740
2.740
2.740
2.740
2.740
-409.108 32.206 -2.531385
