1 180
1.020
1.020
1.020
1.020
1.020
1.020
1.020
1.020
1.020
1.020
0.990
1.020
1.020
0.990
1.040
0.990
0.990
1.020
1.040
0.990
0.990
1.040
1.040
1.040
1.090
1.040
1.090
1.090
1.090
1.140
1.090
1.090
1.140
1.140
1.190
1.190
1.190
1.240
1.240
1.240
1.290
1.290
1.290
1.340
1.390
1.490
1.490
1.540
1.540
1.590
1.590
1.640
1.640
1.690
1.740
1.790
1.840
1.890
1.940
1.940
2.040
2.090
2.190
2.290
2.290
2.390
2.460
2.560
2.710
2.810
2.910
3.010
3.260
3.410
3.610
3.760
4.010
4.310
4.660
4.960
5.410
5.910
6.510
7.160
8.260
9.510
11.210
13.660
51.060
23.910
25.010
26.610
51.060
51.060
22.260
18.460
15.510
5.210
5.210
5.460
5.460
7.460
6.910
6.410
5.910
5.460
5.410
5.160
4.910
4.310
4.090
4.140
4.190
4.160
4.210
4.210
4.260
4.310
4.310
4.310
4.210
4.010
3.910
3.810
3.710
3.560
3.510
3.460
3.360
3.210
3.160
3.140
3.060
2.990
2.990
2.940
2.890
2.790
2.790
2.690
2.640
2.640
2.590
2.540
2.490
2.490
1.640
1.540
1.590
1.540
1.540
1.490
1.490
1.490
1.440
1.440
1.440
1.390
1.440
1.390
1.390
1.420
1.340
1.390
1.370
1.370
1.370
1.370
1.320
1.340
1.320
1.320
1.320
1.320
1.320
1.320
1.320
1.370
1.320
1.270
-236.660 0.930 -2.928385
