1 180
1.010
0.960
0.960
1.010
0.960
1.010
1.010
1.010
1.010
0.940
0.890
0.840
0.840
0.890
0.890
0.890
0.890
0.890
0.940
0.940
0.890
0.940
0.940
0.940
0.940
0.940
0.990
0.990
0.990
0.990
0.990
1.040
1.040
1.040
1.090
1.090
1.090
1.140
1.140
1.190
1.190
1.190
1.240
1.240
1.240
1.290
1.340
1.340
1.340
1.390
1.390
1.490
1.490
1.540
1.540
1.590
1.640
1.690
1.740
1.840
1.840
1.940
2.040
2.090
2.190
2.240
2.360
2.460
2.510
2.660
2.810
3.010
3.160
3.360
3.610
4.260
4.510
4.610
4.860
6.060
6.110
6.860
7.860
9.260
11.660
14.610
21.010
31.510
31.510
30.860
22.360
19.010
13.460
13.060
10.460
7.610
7.610
7.210
6.460
4.910
4.660
4.610
4.610
4.360
4.060
3.810
3.610
3.360
3.210
3.110
2.960
2.860
2.260
2.160
2.090
2.040
2.040
2.090
2.090
2.090
2.110
2.040
2.040
1.940
1.890
1.840
1.790
1.790
1.740
1.560
1.640
1.640
1.590
1.590
1.540
1.490
1.440
1.490
1.390
1.390
1.390
1.340
1.290
1.290
1.290
1.290
1.290
1.290
1.290
1.240
1.240
1.240
1.240
1.190
1.190
1.190
1.190
1.140
1.140
1.140
1.190
1.140
1.140
1.090
1.140
1.140
1.210
1.190
1.190
1.190
1.190
1.190
1.220
1.220
1.190
1.220
1.170
1.170
1.220
1.220
-64.686 36.179 -2.979385
