1 180
1.320
1.370
1.370
1.320
1.320
1.190
1.170
1.170
1.370
1.370
1.370
1.370
1.370
1.370
1.420
1.420
1.370
1.420
1.470
1.420
1.470
1.420
1.470
1.470
1.520
1.470
1.520
1.520
1.570
1.570
1.540
1.590
1.620
1.620
1.620
1.670
1.720
1.690
1.690
1.740
1.790
1.840
1.840
1.840
1.890
1.940
1.990
1.990
2.040
2.140
2.140
2.190
2.240
2.290
2.340
2.440
2.490
2.590
2.690
2.740
2.790
2.910
2.960
3.110
3.310
4.810
4.860
2.310
2.240
2.190
2.240
2.640
3.040
3.110
2.590
2.440
2.390
2.440
2.510
5.360
8.960
10.060
11.510
13.410
16.210
22.060
22.110
22.160
22.010
22.070
22.010
22.060
14.360
11.710
9.260
7.960
6.960
6.160
5.560
5.010
4.510
4.460
4.060
3.760
3.410
3.210
3.010
2.860
2.760
2.610
2.510
2.410
2.310
2.210
2.140
2.090
1.940
1.940
1.890
1.840
1.740
1.690
1.690
1.640
1.540
1.540
1.490
1.440
1.440
1.390
1.390
1.340
1.340
1.340
1.290
1.240
1.190
1.190
1.190
1.190
1.140
1.090
1.140
1.090
1.090
1.090
1.090
1.090
1.040
1.040
0.990
1.040
1.020
0.990
0.990
0.940
0.940
0.940
0.940
0.940
0.940
0.970
0.920
0.920
0.920
0.970
0.920
0.920
0.920
0.920
0.970
0.920
0.920
0.920
0.920
0.920
0.890
0.920
0.920
0.870
-454.496 -125.438 -1.298385
