1 180
1.160
1.110
1.160
1.160
1.160
1.160
1.160
1.160
1.210
1.210
1.210
1.210
1.210
1.260
1.210
1.260
1.260
1.260
1.310
1.260
1.490
1.640
1.640
1.690
1.740
1.710
1.760
1.760
1.910
2.010
2.010
2.060
2.060
2.110
2.160
2.160
2.160
2.260
2.310
2.310
1.010
0.960
0.940
0.890
0.890
0.890
0.890
0.890
0.910
0.910
0.960
1.340
1.340
1.390
3.060
3.110
3.210
3.310
3.510
3.610
3.760
3.910
4.060
4.310
4.510
4.710
5.010
5.310
6.810
7.460
7.960
7.910
7.910
8.460
11.310
12.010
12.010
14.660
15.310
15.310
15.310
15.310
15.260
15.260
15.310
15.310
15.310
13.060
10.560
8.910
7.660
6.710
5.960
5.410
4.910
4.560
4.210
3.860
3.610
3.460
3.260
3.110
2.960
2.760
2.610
2.440
2.410
2.260
2.260
2.110
2.110
2.160
2.110
2.160
2.010
1.960
1.910
1.860
1.810
1.760
1.710
1.660
1.610
1.610
1.560
1.510
1.510
1.510
1.360
1.360
1.310
1.260
1.240
1.240
1.240
1.190
1.190
1.140
1.140
1.140
1.110
1.010
0.960
0.960
0.960
0.910
0.960
0.910
0.910
0.910
0.860
0.860
0.860
0.860
0.860
0.810
0.860
0.810
0.860
0.810
0.760
0.810
0.760
0.760
0.760
0.710
0.710
0.760
0.710
0.710
0.660
0.710
0.660
0.710
0.710
0.710
0.660
0.660
0.660
0.660
-591.924 -193.134 -1.521385
