1 180
2.260
5.010
5.010
5.010
5.010
5.010
5.060
5.060
5.010
5.810
4.660
4.060
3.410
3.510
3.360
3.360
1.510
1.360
1.260
1.260
1.210
1.210
1.210
1.260
1.260
1.240
1.290
1.320
1.340
1.340
1.340
1.340
1.370
1.420
1.390
1.390
1.470
1.470
1.490
1.490
1.490
1.540
1.540
1.590
1.590
1.640
1.690
1.690
1.740
1.740
1.610
1.560
1.560
1.540
1.590
1.590
1.610
1.610
1.820
1.790
1.890
1.860
1.710
1.860
1.860
1.840
1.890
1.890
1.910
2.060
2.110
2.060
2.360
4.260
4.560
4.910
5.210
5.660
6.210
6.710
7.460
8.960
9.560
9.710
10.610
13.160
13.310
17.660
17.160
38.010
38.060
51.060
13.210
13.210
12.810
7.310
7.310
5.260
5.210
5.260
4.660
4.360
4.260
4.310
4.310
4.360
4.160
3.910
3.710
3.560
3.360
3.210
3.110
2.960
2.860
2.760
2.660
2.560
2.490
2.440
2.340
2.290
2.240
2.190
2.090
2.090
2.040
1.990
1.940
1.890
1.840
1.890
1.940
1.940
1.990
2.040
2.090
2.090
2.140
2.190
2.240
2.290
2.340
2.390
2.440
2.540
2.590
2.590
2.610
2.610
2.510
2.560
2.510
2.460
2.460
2.460
2.410
2.410
2.360
2.410
2.410
2.310
2.310
2.310
2.260
2.260
2.310
2.190
2.190
2.240
2.190
2.190
2.190
2.220
2.220
2.220
2.140
2.220
2.170
2.170
-595.316 -170.812 -1.230385
