1 180
4.810
4.910
4.960
5.060
5.160
5.260
5.360
5.510
5.610
5.760
1.310
1.270
1.270
1.270
1.220
1.220
1.190
1.220
1.140
1.170
1.220
1.140
1.140
1.170
1.090
1.120
1.090
1.120
1.070
1.120
1.090
1.090
1.120
1.070
1.070
1.070
1.120
1.090
1.260
1.410
1.590
1.620
2.040
2.710
6.760
6.760
6.760
6.760
6.760
6.760
6.810
6.810
6.760
6.860
6.860
6.910
6.910
6.960
6.960
6.960
7.010
7.010
7.110
7.110
7.160
7.210
7.260
7.310
7.310
7.410
7.460
7.510
7.610
7.660
7.710
7.810
7.910
7.960
8.110
3.610
3.310
3.310
3.560
3.210
3.060
8.810
3.010
9.010
3.060
2.810
9.510
2.710
9.360
2.610
9.060
2.560
8.810
2.460
2.460
2.460
2.460
2.610
2.660
8.060
2.810
2.860
3.060
3.260
3.110
3.210
3.360
3.460
3.660
3.810
3.960
4.110
4.360
4.610
4.910
4.910
7.010
7.010
6.960
6.960
6.960
6.910
6.910
6.910
7.610
7.610
7.810
7.960
14.760
20.910
30.260
17.710
17.810
51.060
17.360
17.360
51.060
17.210
12.860
11.110
10.010
7.710
7.710
7.710
7.160
7.010
7.010
7.060
7.110
7.110
6.910
6.610
6.260
6.260
6.060
5.810
5.610
5.110
4.960
4.760
4.610
4.460
2.960
2.910
2.960
2.910
2.860
2.860
2.860
2.840
2.890
2.840
2.870
2.870
2.840
2.840
-504.939 -151.251 1.555795
