1 180
1.840
1.560
1.510
1.510
1.510
1.510
1.510
1.560
1.740
1.560
1.560
1.510
1.560
1.560
1.740
1.660
1.610
1.610
1.660
1.610
1.840
1.660
1.660
1.610
1.660
1.660
1.710
1.760
1.710
1.760
1.760
1.810
1.860
1.860
1.860
1.860
1.960
1.960
1.960
1.910
1.910
2.060
2.060
2.110
2.110
2.260
2.210
2.260
2.310
2.360
2.360
2.410
2.510
2.560
2.660
2.710
2.810
2.810
2.810
3.010
3.110
3.210
3.310
3.360
3.560
3.660
3.810
3.860
4.110
4.260
4.360
4.660
4.910
4.860
4.860
4.810
4.760
4.810
4.760
4.760
4.710
4.710
4.660
4.660
4.660
4.660
4.910
4.960
5.010
5.010
4.960
4.960
5.010
5.010
5.010
4.960
5.010
5.010
5.010
5.010
5.060
5.060
5.060
5.010
4.760
4.760
4.810
4.810
4.860
4.860
4.910
4.910
4.960
5.010
5.060
5.110
4.960
4.810
4.660
4.560
4.410
4.260
4.210
2.010
1.940
1.940
1.940
1.960
2.110
2.110
2.160
4.410
4.510
2.210
2.210
2.210
2.110
2.110
2.110
2.010
2.010
1.960
1.960
1.960
2.010
2.060
2.160
2.210
2.260
2.410
2.490
2.540
2.490
2.440
2.390
2.340
2.340
2.340
2.290
2.010
2.010
1.910
1.960
1.960
1.910
1.910
1.940
1.940
1.990
1.940
1.940
1.940
1.910
2.140
2.140
2.140
1.910
1.860
1.890
1.890
-328.638 60.234 1.252795
