1 180
0.590
0.570
0.570
0.570
0.620
0.570
0.620
0.570
0.570
0.570
0.570
0.570
0.570
0.590
0.570
0.590
0.570
0.590
0.540
0.590
0.540
0.590
0.590
0.590
0.590
0.590
0.590
0.590
0.640
0.590
0.590
0.640
0.590
0.640
0.640
0.640
0.640
0.640
0.690
0.640
0.690
0.740
0.690
0.740
0.740
0.740
0.740
0.740
0.790
0.740
0.790
0.840
0.840
0.840
0.840
0.890
0.890
0.890
0.890
0.840
0.840
0.790
0.790
0.790
0.840
0.890
0.890
0.940
0.940
0.990
0.990
1.040
1.090
1.140
1.190
1.240
1.240
1.340
1.390
1.440
1.540
1.610
1.960
2.360
2.510
3.010
3.310
3.540
3.590
4.510
4.610
5.160
6.010
10.560
11.060
8.510
8.510
8.510
8.510
8.510
8.510
8.510
8.560
8.560
8.560
8.560
8.610
8.610
8.610
8.660
6.510
6.060
5.660
5.260
4.960
4.660
4.510
4.310
4.110
3.860
3.660
3.560
3.460
3.310
3.210
3.010
2.940
2.860
2.760
2.660
2.640
2.590
2.540
2.440
2.340
2.290
2.040
2.040
1.940
1.940
1.890
1.840
1.790
1.790
1.740
1.740
1.690
1.640
1.640
1.590
1.540
1.590
1.540
1.540
1.540
1.490
1.490
1.490
1.440
1.440
1.440
1.440
1.540
1.540
1.540
1.520
1.490
1.440
1.520
1.490
1.470
1.470
1.440
1.440
1.470
1.470
1.470
1.420
1.420
1.420
-62.557 36.088 -2.634385
