1 180
0.710
0.740
0.760
0.790
0.760
0.790
0.790
0.760
0.740
0.790
0.790
0.790
0.790
0.790
0.790
0.790
0.840
0.790
0.840
0.810
0.840
0.860
1.440
1.440
1.490
1.490
1.490
1.540
1.540
1.590
1.590
1.590
1.640
1.690
1.740
1.740
1.790
1.840
1.840
1.890
1.940
1.990
2.040
1.990
2.040
1.940
1.940
1.890
1.890
1.890
1.840
1.890
1.840
1.840
1.790
1.840
1.860
1.960
2.160
5.060
5.010
5.010
5.010
4.910
4.910
5.010
5.360
5.810
6.310
6.860
7.610
8.510
9.660
11.110
13.110
14.910
15.810
6.010
6.060
6.160
5.910
5.960
15.510
10.960
8.760
7.610
6.360
5.660
5.010
4.510
4.110
3.810
3.510
3.260
3.060
3.040
2.960
2.760
2.610
2.510
2.190
2.060
1.990
1.940
1.840
1.740
1.740
1.640
1.590
1.540
1.490
1.440
1.390
1.390
1.340
1.290
1.290
1.290
1.240
1.190
1.190
1.190
1.090
1.140
1.090
1.090
1.090
1.040
1.040
1.040
0.990
0.940
0.940
0.990
0.940
0.940
0.940
0.890
0.940
0.940
0.940
1.040
1.040
1.090
1.140
1.140
1.240
1.290
1.340
1.360
1.490
1.540
1.640
1.710
1.810
1.960
2.410
2.610
2.860
2.890
2.940
2.940
2.940
2.940
2.940
2.890
2.890
2.940
2.890
2.890
2.890
2.890
2.890
2.940
2.890
2.890
2.890
2.940
2.890
2.940
-333.971 7.564 -0.704385
