1 180
1.270
1.270
1.270
1.270
1.270
1.270
1.270
1.320
1.270
1.270
1.270
1.270
1.320
1.320
1.370
1.320
1.290
1.320
1.370
1.370
1.420
1.370
1.340
1.390
1.440
1.420
1.440
1.470
1.470
1.440
1.490
1.490
1.540
1.540
1.590
1.540
1.590
1.640
1.690
1.690
1.690
1.740
1.740
1.790
1.790
1.840
1.940
1.940
1.990
2.040
2.090
2.140
2.240
2.240
2.290
2.390
2.440
2.540
2.590
2.690
2.760
2.810
3.160
51.060
51.060
3.910
4.010
3.910
3.960
4.160
4.260
4.560
4.810
5.160
5.510
6.060
6.460
7.810
7.760
8.760
9.960
11.510
13.710
17.310
27.460
27.410
30.010
30.010
51.060
29.560
29.660
16.160
13.310
11.510
9.410
8.160
8.160
6.510
6.060
5.610
5.160
4.860
4.660
4.360
4.110
3.760
3.510
3.410
3.210
3.060
2.960
2.860
2.710
2.610
2.510
2.460
2.360
2.340
2.240
2.190
2.140
2.090
1.990
1.940
1.940
1.890
1.840
1.790
1.740
1.740
1.690
1.640
1.640
1.640
1.540
1.590
1.540
1.490
1.490
1.440
1.440
1.440
1.390
1.390
1.340
1.340
1.340
1.340
1.290
1.290
1.290
1.240
1.240
1.240
1.240
1.240
1.190
1.240
1.190
1.190
1.190
1.190
1.170
1.170
1.220
1.170
1.170
1.170
1.170
1.170
1.170
1.120
1.170
1.170
1.170
1.170
1.170
1.170
1.170
1.170
-570.908 -144.936 -2.765385
