1 180
8.460
8.510
8.460
8.510
8.510
8.510
8.510
5.810
5.410
5.460
5.510
5.410
5.010
4.560
4.310
4.060
3.760
3.560
3.360
3.210
3.060
2.910
2.760
2.610
2.560
2.410
2.390
2.340
2.390
2.390
2.440
2.440
2.490
2.540
2.540
2.590
2.590
2.640
2.740
2.740
2.740
2.840
2.890
3.110
3.460
3.510
3.560
3.710
3.710
3.760
3.760
3.860
3.860
3.960
3.860
3.760
3.810
3.910
4.010
4.110
4.210
4.410
4.510
4.660
4.860
5.010
5.260
51.060
6.360
6.360
6.310
6.560
6.860
7.310
7.760
9.110
9.060
9.460
10.160
11.860
12.160
15.410
15.360
15.410
15.310
15.360
14.710
14.660
16.410
15.210
15.110
51.060
24.610
20.960
15.210
12.410
12.210
9.560
9.260
8.310
6.710
6.710
6.660
5.860
5.460
5.160
4.160
3.860
3.940
3.940
3.860
3.660
3.510
3.360
3.260
3.160
3.060
2.910
2.860
2.710
2.640
2.560
2.540
2.490
2.390
2.340
2.290
2.240
2.140
2.140
1.890
1.740
1.740
1.640
1.640
1.590
1.540
1.590
1.540
1.540
1.490
1.490
1.440
1.440
1.440
1.390
1.390
1.390
1.390
1.440
1.490
1.490
1.490
1.460
1.510
1.560
1.640
1.590
1.640
1.690
1.690
1.690
1.740
1.790
1.790
1.840
1.890
1.940
1.940
1.990
2.040
2.090
2.110
2.190
2.240
2.570
2.570
2.960
3.310
4.040
-123.813 -12.547 -2.005385
