1 180
1.310
1.360
1.360
1.360
1.360
1.360
1.360
1.460
1.460
1.410
1.410
1.460
1.460
1.510
1.460
1.460
1.460
1.510
1.460
1.510
1.460
1.460
1.410
1.410
1.460
1.440
1.470
1.490
1.520
1.540
1.540
1.540
1.590
1.590
1.590
1.640
1.690
1.690
1.690
1.740
1.790
1.790
1.840
1.890
1.990
1.990
1.990
2.090
2.090
2.190
2.240
2.290
2.390
2.440
2.540
2.590
2.740
2.760
2.860
3.010
3.110
3.260
3.360
3.560
3.710
4.510
51.060
4.910
4.910
4.910
5.410
5.810
6.260
6.810
7.560
8.510
9.810
10.660
10.710
51.060
21.760
51.060
16.960
16.710
51.060
51.060
23.360
23.310
17.110
10.660
10.660
10.060
9.110
8.010
7.310
6.710
6.210
5.810
5.410
5.060
4.810
4.810
51.060
51.060
51.110
3.660
3.410
3.310
3.210
3.110
2.960
2.860
2.760
2.660
2.640
2.590
2.490
2.390
2.340
2.290
2.210
2.210
2.140
2.040
2.090
2.040
1.940
1.940
1.940
1.890
1.840
1.840
1.790
1.740
1.690
1.660
1.660
1.660
1.660
1.560
1.540
1.590
1.540
1.540
1.540
1.490
1.490
1.490
1.490
1.440
1.440
1.440
1.440
1.440
1.440
1.410
1.410
1.360
1.410
1.360
1.390
1.360
1.360
1.310
1.340
1.360
1.340
1.370
1.370
1.370
1.340
1.340
1.370
1.340
1.340
1.420
1.440
1.440
1.410
1.460
-531.536 -304.227 -0.689385
