1 180
0.710
0.760
0.760
0.710
0.760
0.710
0.760
0.760
0.810
0.760
0.810
0.760
0.810
0.810
0.810
0.810
0.810
0.860
0.810
0.860
0.860
0.910
0.860
0.860
0.860
0.860
0.910
0.860
0.860
0.860
0.910
0.860
0.960
0.960
1.010
0.910
0.960
0.910
0.890
0.890
0.890
0.840
0.890
0.940
0.940
0.940
0.990
0.990
0.990
1.040
1.040
1.090
2.410
2.360
2.360
2.410
2.410
2.460
2.460
2.560
3.460
3.610
3.760
3.860
2.360
1.890
1.890
1.920
1.890
1.960
2.060
2.160
2.310
2.410
2.610
2.810
3.010
3.260
3.560
3.960
4.360
4.960
6.060
6.410
7.710
9.660
13.010
18.310
27.660
24.310
39.960
21.310
20.610
14.910
12.060
11.760
9.210
9.060
8.110
6.360
6.210
6.210
6.310
6.260
6.310
6.560
3.860
3.610
3.640
3.640
3.610
3.510
3.310
3.210
3.060
2.960
2.860
2.810
2.660
2.610
2.510
2.460
2.360
2.310
2.240
2.290
2.290
2.340
2.290
2.240
2.190
2.140
2.090
2.090
1.990
1.990
1.940
1.890
1.890
1.840
1.840
1.490
1.440
1.390
1.390
1.340
1.340
1.290
1.290
1.290
1.290
1.240
1.290
1.290
1.340
1.390
1.390
1.440
1.390
1.390
1.390
1.340
1.390
1.340
1.340
1.340
1.340
1.290
1.340
1.340
1.340
1.290
1.290
1.340
1.290
1.290
1.290
1.290
1.290
1.290
-104.330 -3.904 0.875795
