1 180
1.170
1.120
1.170
1.170
1.170
1.170
1.220
1.220
1.170
1.220
1.170
1.270
1.220
1.190
1.220
1.240
1.240
1.270
1.290
1.290
1.290
1.340
1.290
1.290
1.340
1.340
1.440
1.390
1.390
1.440
1.490
1.490
1.490
1.540
1.540
1.590
1.590
1.640
1.690
1.690
1.740
1.790
1.840
1.840
1.940
1.990
2.040
2.040
2.140
2.190
2.240
2.290
2.390
2.490
2.590
2.610
2.710
2.860
3.010
3.110
3.260
3.460
3.960
4.210
4.510
4.560
4.610
4.910
5.360
5.760
6.360
7.010
7.810
8.810
10.210
13.610
16.360
9.160
8.860
9.010
51.060
51.060
45.260
32.610
22.060
9.760
9.660
9.560
10.760
9.560
8.660
7.860
7.810
6.610
5.610
5.710
5.360
5.110
4.860
4.860
4.660
4.410
3.110
3.010
2.860
2.760
2.760
2.810
2.860
2.860
2.860
2.810
2.760
2.710
1.040
1.090
1.040
1.040
1.040
1.040
1.040
0.990
0.990
1.040
1.140
2.090
2.040
2.040
1.990
1.940
1.940
1.890
1.840
1.840
1.840
1.790
1.740
1.740
1.740
1.640
1.690
1.640
1.640
1.640
1.590
1.590
1.590
1.590
1.540
1.590
1.540
1.540
1.540
1.490
1.490
1.520
1.520
1.520
1.470
1.440
1.490
1.470
1.470
1.470
1.470
1.470
1.470
1.520
1.470
1.470
1.470
1.470
1.470
1.470
1.470
1.470
1.470
1.470
1.470
1.470
-549.880 -292.653 -0.230205
