1 180
1.420
1.470
1.420
1.420
1.420
1.420
1.420
1.420
1.420
1.420
1.420
1.420
1.420
1.470
1.420
1.470
1.470
1.470
1.420
1.470
1.420
1.470
1.470
1.470
1.520
1.470
1.520
1.520
1.520
1.520
1.570
1.570
1.570
1.570
1.570
1.540
1.620
1.620
1.670
1.640
1.640
1.690
1.690
1.740
1.740
1.740
1.790
1.840
1.840
1.890
1.890
1.890
1.960
2.010
2.010
2.110
2.160
2.160
2.210
2.260
2.310
2.410
2.460
2.510
2.560
2.660
2.710
2.760
2.760
2.910
2.960
3.060
2.940
2.890
2.840
2.840
2.790
2.790
2.740
2.740
2.690
2.690
2.790
2.890
2.960
6.610
6.660
4.710
4.660
4.660
4.510
4.710
12.160
5.060
17.210
24.360
34.710
34.060
51.060
34.910
31.060
19.410
14.710
12.810
9.510
8.110
5.260
4.810
4.960
7.310
4.610
4.410
4.510
7.460
7.510
7.510
7.610
10.260
51.110
51.060
4.160
3.960
3.760
3.660
3.740
3.740
3.790
3.790
3.760
3.660
3.610
3.560
8.060
3.360
3.260
3.160
3.510
3.060
2.910
3.260
2.860
9.360
2.660
2.910
2.660
2.860
2.560
10.960
2.460
5.460
2.360
2.810
3.710
2.260
3.910
2.310
2.210
4.960
2.160
2.160
7.210
2.110
2.110
4.660
4.660
2.060
7.910
51.060
1.960
2.260
7.560
8.760
2.010
8.110
7.910
1.860
1.910
9.310
9.260
1.910
-397.845 -103.432 -0.523385
