1 180
1.370
1.370
1.370
1.370
1.370
1.370
1.370
1.420
1.370
1.370
1.420
1.420
1.420
1.370
1.420
1.420
1.420
1.420
1.470
1.470
1.470
1.490
1.490
1.520
1.520
1.540
1.570
1.570
1.620
1.540
1.590
1.590
1.690
1.690
1.690
1.690
1.740
1.740
1.790
1.790
1.790
1.840
1.890
1.940
1.940
1.990
2.040
2.090
2.140
2.190
2.190
2.240
2.340
2.390
2.440
2.490
2.590
2.640
2.740
2.840
2.960
3.060
3.160
3.310
3.410
3.610
3.690
3.690
3.690
3.640
3.640
3.640
3.590
3.590
3.540
3.540
3.540
3.540
3.490
3.490
3.490
3.490
3.440
3.440
3.390
3.440
3.440
3.440
3.440
3.440
3.390
3.440
3.440
3.440
3.440
3.440
3.490
3.490
3.490
3.490
3.490
3.490
3.540
3.540
3.590
3.590
3.640
3.590
3.640
3.690
3.690
3.690
3.740
3.740
3.790
3.840
3.890
3.940
3.910
3.960
4.010
4.060
4.110
4.160
4.210
3.460
2.610
2.560
2.560
2.610
3.710
2.510
2.490
2.510
1.640
1.590
1.590
1.540
1.540
1.490
1.490
1.440
1.490
1.440
1.390
1.390
1.340
1.340
1.340
1.290
1.340
1.290
1.320
1.240
1.290
1.240
1.290
1.270
1.270
1.220
1.190
1.270
1.220
1.270
1.220
1.220
1.220
1.220
1.220
1.170
1.170
1.170
1.170
1.170
1.220
1.170
1.170
1.170
1.170
1.170
-395.392 44.253 -2.526385
