1 180
0.970
1.020
1.020
0.970
1.020
0.970
1.020
1.020
1.020
0.990
1.020
1.020
1.020
0.990
0.990
1.040
2.410
2.410
2.410
2.410
2.360
2.360
2.390
2.390
2.440
2.460
2.240
2.190
2.090
2.090
1.990
1.990
1.940
1.890
1.890
1.790
1.790
1.740
1.740
1.690
1.640
1.690
1.640
1.590
1.540
1.590
1.590
1.540
1.540
1.540
1.540
1.590
1.590
1.690
1.840
1.840
1.890
1.990
2.040
2.090
2.190
2.240
2.290
2.390
2.490
2.440
2.490
2.560
2.710
2.810
2.960
3.110
3.310
3.460
3.710
3.960
4.210
4.610
4.860
5.410
6.060
6.610
9.160
9.110
9.810
11.810
14.810
19.710
19.760
19.710
19.710
19.710
19.760
17.010
13.010
10.560
9.010
7.910
6.910
6.610
5.610
5.160
4.760
4.410
4.110
3.860
3.610
3.360
3.210
3.060
2.910
2.760
2.660
2.560
2.410
2.360
2.240
2.190
2.090
2.040
1.990
1.940
1.840
1.840
1.790
1.740
1.690
1.640
1.640
1.540
1.540
1.540
1.490
1.440
1.440
1.340
1.440
1.340
1.340
1.290
1.290
1.290
1.240
1.240
1.240
1.190
1.190
1.190
1.190
1.140
1.140
1.090
1.090
1.090
1.090
1.090
1.090
1.040
1.090
1.070
1.040
1.040
1.040
1.040
1.070
1.020
1.070
1.070
1.020
1.020
1.020
1.020
1.020
1.020
0.970
1.020
0.970
1.020
1.020
0.970
-340.890 -5.966 -0.953385
