1 180
1.390
1.390
1.490
1.510
1.510
1.560
1.560
1.560
1.560
1.560
1.610
1.610
1.660
1.660
1.660
1.610
1.660
1.710
1.710
1.710
1.710
1.710
1.760
1.760
1.810
1.810
1.810
1.810
1.860
1.910
1.910
1.910
1.910
1.960
1.960
1.960
1.510
1.440
1.390
1.440
1.490
1.990
2.040
2.090
2.140
2.140
2.190
2.240
1.790
1.590
1.590
1.640
1.610
2.590
2.640
2.740
2.840
2.910
3.010
3.110
3.210
3.310
3.460
3.610
3.760
3.910
51.060
51.060
5.060
5.010
5.010
5.460
5.760
6.160
6.710
7.210
7.910
8.760
8.960
9.260
12.660
9.060
20.210
26.360
51.060
48.460
51.060
51.060
51.060
20.210
14.560
11.860
9.760
8.410
7.310
6.510
6.010
5.910
4.860
4.510
4.210
3.910
3.660
3.410
3.260
3.060
2.910
2.810
2.660
2.560
2.460
2.360
2.260
2.190
2.140
2.040
1.990
1.940
1.890
1.790
1.790
1.740
1.640
1.640
1.640
1.540
1.540
1.490
1.490
1.440
1.390
1.390
1.390
1.340
1.290
1.290
1.290
1.240
1.240
1.240
1.190
1.240
1.190
1.140
1.140
1.140
1.090
1.090
1.090
1.090
1.040
1.090
1.040
1.090
1.040
1.040
0.990
0.990
0.990
0.990
0.990
1.020
0.990
0.940
0.970
1.020
1.020
1.020
1.020
1.020
0.970
0.970
1.020
0.970
0.970
0.970
0.970
0.970
0.970
0.970
-514.355 -145.157 2.690795
