1 180
1.120
1.070
1.120
1.070
1.120
1.120
1.120
1.120
1.120
1.120
1.120
1.120
1.120
1.070
1.120
1.120
1.170
1.140
1.170
1.170
1.170
1.170
1.170
1.220
1.220
1.220
1.220
1.220
1.220
1.270
1.240
1.240
1.270
1.270
1.320
1.290
1.340
1.340
1.340
1.390
1.390
1.390
1.470
1.440
1.490
1.490
1.490
1.540
1.590
1.640
1.640
1.690
1.740
1.790
1.790
1.840
1.890
1.940
1.990
2.040
4.960
5.110
5.260
5.460
5.660
6.060
7.660
7.160
7.210
7.360
7.410
8.660
4.910
4.910
4.810
4.810
4.810
4.760
4.760
5.010
5.460
6.010
6.510
7.210
8.160
9.360
10.860
13.060
17.710
22.710
34.560
34.560
46.960
47.160
24.160
11.060
10.260
11.110
10.360
9.860
8.760
7.910
7.710
6.510
6.060
5.610
5.210
4.810
4.810
4.860
4.860
4.860
4.910
4.910
5.410
5.460
5.510
5.560
5.610
5.660
5.710
5.760
5.760
5.860
5.910
5.960
6.060
6.160
2.110
2.090
2.040
1.990
1.990
1.940
1.940
1.890
1.890
1.790
1.740
1.740
1.640
1.690
1.640
1.640
1.590
1.590
1.590
1.540
1.540
1.490
1.440
1.440
1.440
1.440
1.440
1.440
1.390
1.390
1.370
1.340
1.340
1.370
1.340
1.370
1.370
1.320
1.320
1.320
1.320
1.320
1.370
1.270
1.320
1.320
1.270
1.270
1.270
1.320
1.270
1.320
-554.420 -242.898 -1.264385
