1 180
1.490
1.540
1.590
1.590
1.640
1.740
1.690
1.790
1.840
1.890
1.940
2.040
2.110
2.860
2.960
3.110
3.260
3.360
3.410
3.410
3.360
3.340
3.360
3.610
3.860
4.110
10.010
9.710
9.510
9.310
7.360
2.490
2.440
2.490
2.410
2.460
2.460
2.410
2.410
2.460
2.360
2.360
2.360
2.360
2.310
2.260
2.310
2.260
2.260
2.260
2.240
2.260
2.260
2.210
2.210
2.190
2.160
2.170
2.210
2.240
2.210
2.210
2.210
2.210
2.110
5.110
5.060
5.010
5.060
5.010
5.010
4.960
4.910
4.910
4.910
4.910
4.860
4.910
4.910
4.890
4.890
4.890
4.840
4.890
4.890
4.890
4.660
4.760
4.860
4.860
4.710
4.810
4.910
4.960
4.760
4.810
4.860
4.960
4.760
4.460
4.160
3.960
3.760
3.610
3.410
3.310
3.160
2.960
2.910
2.810
2.710
2.610
2.560
2.440
2.390
2.340
2.290
2.240
2.190
2.090
2.040
1.990
1.990
1.940
1.890
1.840
1.790
1.740
1.790
1.740
1.690
1.690
1.590
1.590
1.590
1.590
1.540
1.540
1.490
1.490
1.490
1.440
1.440
1.390
1.420
1.420
1.420
1.370
1.420
1.370
1.370
1.340
1.320
1.320
1.370
1.320
1.320
1.320
1.270
1.270
1.270
1.270
1.270
1.270
1.270
1.270
1.270
1.220
1.220
1.220
1.220
1.250
1.300
1.250
1.250
1.300
1.270
1.270
1.220
1.270
-316.471 29.722 -2.747385
