1 180
0.840
0.890
0.940
1.620
0.690
0.690
0.640
0.640
0.690
0.640
0.640
0.640
0.640
0.640
0.640
0.690
0.690
0.690
0.690
0.740
1.740
1.740
1.790
1.790
1.790
1.840
1.840
1.840
1.890
1.940
1.940
1.940
1.990
1.990
2.090
2.040
2.040
2.090
2.140
2.140
2.190
2.240
2.240
2.340
2.340
2.440
2.440
2.490
2.590
2.590
2.640
2.740
2.840
2.890
2.990
3.040
3.110
3.110
3.260
3.410
3.510
3.610
3.760
3.790
3.790
3.690
3.690
3.640
3.640
3.610
1.960
1.860
1.860
1.860
1.910
2.010
5.660
6.160
6.710
7.360
4.360
4.310
4.160
4.160
15.910
20.160
13.010
12.960
13.110
43.410
27.560
26.360
19.810
3.510
3.410
3.360
3.510
8.010
3.460
3.410
3.510
5.360
4.960
4.660
4.360
4.110
3.960
3.910
3.810
3.710
3.560
3.210
2.960
2.810
2.710
2.610
2.510
2.410
2.390
2.290
2.240
2.190
2.110
2.160
2.110
2.160
2.160
2.110
2.060
2.060
2.060
2.010
1.960
1.960
1.910
1.860
1.810
1.810
1.860
1.760
1.760
1.710
1.660
1.610
1.510
1.410
1.360
1.410
1.310
1.340
1.340
1.290
1.290
1.240
1.240
1.240
1.240
1.240
1.240
1.190
1.190
1.190
1.220
1.220
1.220
1.220
1.170
1.170
1.140
1.170
1.220
1.170
1.170
1.170
1.170
1.170
1.170
1.170
1.170
1.220
-359.620 61.456 -2.868385
