1 180
1.020
1.020
1.020
0.970
1.020
1.020
1.070
0.990
0.990
1.040
1.040
1.040
0.990
1.040
1.040
1.040
1.040
1.090
1.090
1.090
1.090
1.140
1.090
1.140
1.190
1.190
1.190
1.140
1.240
1.240
1.240
1.290
1.290
1.290
1.340
1.340
1.390
1.390
1.390
1.440
1.490
1.490
1.540
1.590
1.590
1.640
1.640
1.740
1.740
1.790
1.890
1.940
1.990
2.040
2.140
2.190
2.240
2.340
2.440
2.510
2.610
2.710
2.860
3.010
3.110
3.610
3.860
4.110
4.060
4.260
4.610
5.060
5.460
6.060
6.760
7.610
8.710
10.160
12.260
17.510
51.060
29.960
27.460
51.060
51.060
28.060
4.810
4.760
4.860
18.160
4.810
4.710
4.810
10.910
10.010
9.210
8.960
51.110
7.460
7.110
6.710
6.360
6.060
5.760
5.460
5.260
5.060
4.860
4.660
4.510
4.560
4.610
51.060
51.060
51.060
51.060
51.060
51.060
3.460
3.410
3.260
3.210
3.140
3.110
2.990
2.990
2.940
2.840
2.840
2.790
2.740
2.690
2.640
2.590
2.590
2.540
2.440
2.440
2.440
2.390
2.390
2.340
2.290
2.340
2.240
2.290
2.240
2.240
2.190
2.190
2.140
2.140
2.140
2.140
2.090
2.090
2.090
2.090
2.040
2.040
2.090
2.040
2.040
1.990
1.390
1.290
1.290
1.290
1.290
1.240
1.240
1.240
1.240
1.240
1.190
1.240
1.190
1.190
1.240
1.240
-400.513 -102.722 3.052795
