1 180
0.820
0.870
0.820
0.820
0.870
0.820
0.870
0.820
0.840
0.870
0.790
0.840
0.840
0.840
0.840
0.840
0.840
0.840
0.890
0.890
0.840
0.890
0.890
0.890
0.940
0.890
0.940
0.940
0.940
0.940
0.940
0.990
0.990
1.040
1.040
0.990
1.090
1.090
1.040
1.090
1.090
1.140
1.140
1.140
1.190
1.190
1.240
1.290
1.290
1.340
1.390
1.390
1.440
1.440
1.490
1.540
1.590
1.640
1.690
1.740
1.790
1.840
1.940
1.990
2.090
2.140
2.260
2.310
2.460
2.560
2.710
2.860
3.060
3.260
3.510
3.760
4.110
4.460
4.960
5.410
6.860
6.860
8.110
9.510
12.210
16.260
24.610
51.060
51.060
51.060
51.060
51.060
23.210
18.010
14.060
12.310
10.660
9.560
8.660
8.060
7.410
6.860
6.860
51.110
6.110
5.410
5.060
4.810
4.560
4.360
4.160
3.960
3.860
3.710
3.560
3.460
3.310
3.260
3.110
3.010
2.960
2.910
2.810
2.740
2.690
2.590
2.590
2.490
2.440
2.390
2.340
2.290
2.290
2.240
2.190
2.140
2.090
2.090
2.090
2.040
1.990
1.940
1.940
1.890
1.890
1.890
1.840
1.840
1.790
1.840
1.740
1.740
1.740
1.740
1.740
1.690
1.690
1.690
1.640
1.640
1.640
1.670
1.590
1.620
1.620
1.670
1.620
1.620
1.590
1.560
1.610
1.510
1.560
1.610
1.690
1.690
1.640
1.640
1.640
1.640
-540.778 -138.691 -3.086385
