1 180
0.840
0.840
0.870
1.020
1.320
1.320
1.320
1.320
1.370
1.320
1.320
1.320
1.320
1.370
1.320
1.370
1.370
1.370
1.370
1.370
1.370
1.370
1.390
1.420
1.470
1.420
1.470
1.470
1.470
1.470
1.440
1.490
1.540
1.490
5.410
5.260
5.010
4.910
4.860
4.760
4.610
4.510
4.410
4.260
4.210
4.110
4.060
4.010
3.910
3.810
3.760
3.740
3.710
3.610
3.540
3.540
3.540
3.440
3.390
3.390
3.290
3.240
3.290
3.190
3.140
3.190
3.140
3.140
3.160
3.260
3.410
3.510
3.760
3.910
4.110
4.310
4.610
4.860
5.210
5.560
5.960
6.460
7.010
7.710
8.560
9.560
11.110
12.760
13.110
13.810
13.210
26.060
13.810
13.610
23.860
19.210
11.310
8.810
7.310
6.710
5.610
4.660
4.210
3.810
3.510
3.210
3.010
2.810
2.610
2.410
2.310
2.160
2.060
1.960
1.860
1.790
1.740
1.690
1.640
1.540
1.490
1.440
1.440
1.340
1.340
1.290
1.240
1.240
1.190
1.190
1.240
1.240
1.190
1.190
1.190
1.140
1.090
1.090
1.040
1.040
1.040
0.990
0.990
0.990
0.940
0.940
0.940
0.890
0.890
0.890
0.840
0.890
0.890
0.840
0.840
0.840
0.840
0.790
0.790
0.790
0.790
0.790
0.790
0.790
0.740
0.790
0.790
0.740
0.790
0.740
0.770
0.740
0.770
0.740
0.740
0.690
0.720
0.670
0.640
0.670
-332.697 6.077 -0.972385
