1 180
0.740
0.740
0.740
0.740
0.740
0.740
0.740
0.740
0.740
0.740
0.760
0.710
0.710
0.710
0.710
0.760
0.760
0.760
0.760
0.760
0.760
0.760
0.760
0.810
0.810
0.810
0.810
0.860
0.860
0.860
0.810
0.860
0.910
0.910
0.910
0.910
0.960
0.960
0.960
1.010
0.960
1.010
1.060
1.010
1.060
1.110
1.110
1.110
1.160
1.160
1.210
1.260
1.310
1.310
1.360
1.410
1.410
1.460
1.510
1.560
1.660
1.710
1.760
1.810
1.910
1.960
2.060
2.160
2.260
2.410
2.510
2.660
2.860
3.060
3.260
3.510
3.760
4.160
4.610
5.060
9.010
10.410
12.110
15.010
22.360
26.210
30.160
30.110
30.110
26.310
15.660
11.610
9.460
8.910
8.910
8.910
8.010
7.260
9.010
5.210
4.860
4.460
4.390
4.390
4.460
4.410
4.460
4.010
3.510
3.810
3.610
3.460
3.360
3.210
3.010
2.760
3.010
2.860
2.860
2.910
2.760
2.660
2.560
2.410
2.410
2.360
2.110
1.960
1.960
2.210
2.160
2.060
2.110
2.060
2.060
2.060
1.960
2.060
1.910
1.910
1.910
1.810
1.660
1.660
1.610
1.560
1.610
1.560
1.510
1.560
1.260
1.190
1.140
1.140
1.170
1.170
1.170
1.120
1.170
1.170
1.120
1.120
1.120
1.120
1.120
1.120
1.070
1.120
1.070
1.070
1.070
1.070
1.070
1.070
1.070
1.070
1.020
1.070
1.020
1.020
-299.709 -4.940 2.927795
