1 180
0.590
0.620
0.590
0.570
0.570
0.590
0.570
0.590
0.590
0.590
0.590
0.590
0.590
0.640
0.590
0.590
0.640
0.640
0.640
0.640
0.640
0.640
0.640
0.690
0.690
0.690
0.690
0.740
0.690
0.690
0.740
0.740
0.790
0.740
0.740
0.790
0.790
0.840
0.790
0.840
0.840
0.840
0.890
0.890
0.890
0.940
0.990
0.990
1.040
1.090
1.040
1.090
1.140
1.140
1.140
1.190
1.290
1.290
1.390
1.390
1.490
1.490
1.590
1.640
1.740
1.790
1.890
2.010
2.110
2.210
2.340
3.010
3.160
3.240
3.240
3.510
4.440
3.910
3.860
3.910
4.060
8.960
12.460
19.260
38.910
51.060
43.160
23.210
20.210
17.510
12.360
11.760
9.160
8.810
8.360
7.560
6.110
6.160
5.960
5.610
5.210
4.910
4.710
4.660
3.610
3.410
3.390
1.910
1.810
1.760
1.710
1.610
1.540
1.540
1.440
1.440
1.390
1.340
1.290
1.240
1.240
1.190
1.140
1.140
1.140
1.090
1.090
1.040
1.090
1.060
1.110
1.110
1.110
1.160
1.160
1.260
1.260
1.260
1.260
1.360
1.360
1.410
1.460
1.510
1.560
1.590
1.540
1.340
1.340
1.340
1.290
1.290
1.240
1.290
1.240
1.240
1.240
1.240
1.240
1.240
1.310
1.420
1.420
1.420
1.420
1.370
1.370
1.390
1.340
1.420
1.370
1.370
1.390
1.370
1.370
1.370
1.370
1.370
1.370
1.370
-93.049 26.952 -2.574385
