1 180
1.310
1.340
1.340
1.290
1.320
1.370
1.350
1.350
1.320
1.270
1.290
1.340
1.340
1.310
1.310
1.360
1.310
1.360
1.410
1.340
1.310
1.260
1.210
1.260
1.310
1.260
1.260
1.310
1.260
1.240
1.270
1.320
1.290
1.290
1.340
1.340
1.340
1.340
1.390
1.390
1.440
1.440
1.440
1.440
1.490
1.540
1.540
1.540
1.590
1.590
1.640
1.640
1.690
1.690
1.740
1.790
1.840
1.890
1.890
1.940
1.990
2.040
2.090
2.140
2.240
2.290
2.340
2.390
2.490
2.590
2.690
2.760
2.910
2.960
3.110
3.260
3.410
3.560
51.060
51.060
4.660
4.660
4.760
5.060
5.460
5.960
6.460
7.760
7.910
8.910
10.160
11.960
14.510
18.810
51.060
51.060
37.960
51.110
45.160
51.060
23.410
18.810
18.810
18.910
14.010
12.110
10.910
9.860
9.110
8.360
7.760
7.210
6.810
6.410
6.060
5.760
5.410
5.210
5.010
4.710
4.560
4.360
4.210
4.060
3.960
3.860
3.710
3.710
3.760
3.810
4.060
51.060
4.110
4.210
4.260
51.060
3.160
51.060
51.060
51.060
51.060
51.060
2.910
2.810
2.760
2.710
2.660
2.560
2.510
2.310
2.260
2.210
2.140
2.140
2.140
2.090
2.090
2.090
2.040
2.040
2.040
1.990
1.990
1.940
1.940
1.940
1.940
1.940
1.890
1.890
1.920
1.890
1.920
1.870
1.840
1.870
1.870
1.870
1.870
1.820
-460.765 -116.037 -2.603385
