1 180
1.370
1.320
1.320
1.320
1.320
1.320
1.320
1.270
1.350
1.350
1.320
1.320
1.320
1.320
1.320
1.320
1.270
1.320
1.320
1.320
1.320
1.320
1.340
1.320
1.370
1.370
1.370
1.370
1.370
1.420
1.390
1.390
1.470
1.470
1.470
1.440
1.470
1.470
1.520
1.520
1.540
1.540
1.620
1.590
1.590
1.590
1.640
1.690
1.690
1.740
1.740
1.790
1.790
1.840
1.890
1.890
1.890
1.990
2.040
2.090
2.140
2.140
2.240
2.290
2.340
2.390
2.490
2.540
2.640
2.660
2.760
2.910
3.010
3.060
3.210
3.410
3.760
3.910
4.110
4.260
4.410
4.410
4.760
5.010
5.360
2.460
1.990
1.940
1.940
1.990
2.060
10.460
12.110
14.360
17.660
24.660
51.060
51.060
5.960
5.760
5.810
5.760
5.810
5.810
5.860
5.810
5.860
6.210
5.610
5.160
4.710
4.360
4.060
3.810
3.810
3.710
3.510
3.360
3.160
2.710
2.560
2.460
2.360
2.260
2.240
2.190
2.090
2.040
1.890
1.890
1.790
1.790
1.740
1.690
1.640
1.590
1.590
1.540
1.490
1.440
1.440
1.390
1.390
1.340
1.340
1.290
1.290
1.290
1.240
1.240
1.240
1.240
1.140
1.190
1.190
1.140
1.140
1.090
1.090
1.090
1.090
1.040
1.090
1.040
1.040
1.040
1.040
1.040
0.990
0.990
0.990
0.990
0.990
0.990
0.940
0.940
0.990
0.940
0.990
0.940
-391.869 -18.340 -1.055385
