1 180
1.410
1.410
1.410
1.460
1.460
1.410
1.460
1.460
1.460
1.460
1.510
1.460
1.460
1.460
1.510
1.510
1.560
1.560
1.510
1.480
1.510
1.530
1.580
1.580
1.580
1.610
1.660
1.630
1.630
1.680
1.680
1.680
1.680
1.730
1.780
1.830
1.830
1.830
1.880
1.930
1.930
1.980
2.030
2.080
2.130
2.130
2.230
2.300
2.300
2.400
2.500
2.550
2.600
2.700
2.800
2.900
2.950
3.000
3.150
3.200
3.300
3.400
3.500
3.650
3.800
4.000
4.150
4.500
4.900
51.050
5.300
5.500
5.900
6.300
6.800
7.400
8.100
8.950
10.000
11.300
12.950
15.800
51.050
24.500
36.900
51.050
51.100
51.050
44.100
28.650
21.750
20.750
15.000
12.900
7.650
7.400
7.450
7.450
7.550
7.500
51.050
6.150
5.800
5.450
5.200
4.900
4.650
4.450
4.200
4.050
3.900
3.800
3.600
3.500
3.400
3.250
3.150
3.150
3.050
3.000
3.000
2.900
2.850
2.750
2.750
2.650
2.550
2.500
2.400
2.400
2.350
2.300
2.250
2.250
2.250
2.030
2.030
2.030
1.980
1.980
1.930
1.880
1.880
1.880
1.830
1.830
1.830
1.780
1.780
1.780
1.730
1.730
1.680
1.730
1.680
1.680
1.680
1.630
1.630
1.630
1.580
1.610
1.660
1.600
1.650
1.600
1.600
1.650
1.600
1.600
1.600
1.550
1.580
1.580
1.530
1.580
1.580
1.580
1.530
1.580
-436.075 -105.705 -2.781385
