1 180
1.720
1.670
1.720
1.720
1.720
1.720
1.720
1.770
1.770
1.770
1.770
1.770
1.820
1.790
1.870
1.840
1.790
1.870
1.890
1.890
1.890
1.940
1.990
1.940
1.990
2.040
1.510
1.490
1.490
1.490
1.490
1.690
2.240
2.290
2.290
2.340
1.710
1.640
1.640
1.590
1.710
1.990
2.740
2.690
2.840
2.890
2.940
3.010
3.110
3.210
3.310
3.410
3.510
3.660
3.760
3.910
4.110
4.210
4.360
4.610
4.810
5.010
5.310
7.810
8.260
8.610
8.560
8.510
8.460
8.510
9.160
10.110
11.260
12.510
14.510
17.460
20.560
26.510
29.860
20.360
51.060
51.060
27.360
17.610
16.760
10.860
9.060
8.360
8.360
8.310
5.460
5.060
4.660
4.260
3.960
3.660
3.460
3.210
3.060
2.910
2.760
2.660
2.660
2.610
2.660
2.610
2.510
2.410
2.360
2.210
2.110
2.060
2.010
1.960
1.910
1.660
1.710
1.610
1.540
1.490
1.490
1.440
1.390
1.390
1.390
1.290
1.240
1.240
1.240
1.240
1.190
1.190
1.190
1.190
1.140
1.090
1.090
1.090
1.090
1.040
1.040
1.040
1.040
0.990
0.990
1.040
0.990
0.860
0.810
0.810
0.810
0.760
0.790
0.810
0.810
0.860
0.860
0.860
0.970
0.940
0.940
0.920
0.890
0.920
0.920
0.920
0.920
0.920
0.920
0.920
0.920
0.920
0.920
0.920
0.970
0.920
0.920
0.920
0.920
0.970
-544.832 -294.191 -0.316385
