1 180
3.210
3.160
3.160
3.140
2.640
2.240
2.240
2.290
2.240
2.240
2.240
2.290
2.340
2.340
2.340
2.460
2.360
2.290
2.240
2.290
2.340
2.410
2.410
2.410
2.410
2.460
2.510
2.510
3.810
3.760
3.760
1.440
1.390
1.390
1.340
1.240
1.190
1.190
1.190
1.190
1.140
1.240
1.240
1.290
1.290
1.340
1.340
1.390
1.440
1.440
1.540
1.540
1.590
1.640
1.740
1.740
1.790
1.890
1.940
2.040
2.090
2.160
2.260
2.360
2.510
2.660
2.760
2.910
3.110
3.310
3.610
3.810
4.160
4.560
5.010
5.510
6.460
7.010
8.260
9.910
12.510
17.060
25.110
44.060
51.060
35.110
21.160
17.810
12.260
11.860
9.410
9.460
6.560
6.410
6.360
6.310
5.360
5.010
3.860
3.760
3.790
3.840
3.610
3.460
3.260
3.160
3.010
2.910
2.760
2.660
2.560
2.460
2.410
2.360
2.260
2.240
2.190
2.090
2.040
2.040
1.940
1.890
1.840
1.790
1.790
1.490
1.440
1.390
1.390
1.340
1.340
1.290
1.290
1.240
1.240
1.290
1.340
1.340
1.390
1.390
1.390
1.390
1.390
1.440
1.440
1.440
1.390
1.390
1.390
1.340
1.390
1.340
1.340
1.340
1.340
1.340
1.290
1.290
1.290
1.290
1.290
1.290
1.240
1.270
1.320
1.270
1.270
1.270
1.270
1.220
1.220
1.270
1.270
1.270
1.270
1.220
1.270
1.270
1.270
1.270
-117.181 38.141 -2.520385
