1 180
0.790
0.840
0.840
0.840
0.840
0.890
0.840
0.890
0.890
0.840
0.840
0.840
0.890
0.890
0.840
0.890
0.890
0.890
0.890
0.890
0.940
0.890
0.910
0.910
0.910
0.910
0.910
0.960
1.010
0.960
0.960
1.010
1.010
1.060
1.040
0.990
1.040
1.090
1.090
1.040
1.090
1.090
1.140
1.110
1.060
1.110
1.060
1.060
1.110
1.160
1.140
1.290
1.340
1.340
1.390
1.390
1.490
1.490
1.540
1.540
1.590
1.640
1.690
1.740
1.840
1.890
1.990
2.090
2.140
2.240
2.340
2.440
2.540
2.660
2.810
2.960
3.160
3.360
3.610
3.860
4.210
4.560
5.060
5.510
6.460
7.360
8.260
12.860
16.560
21.210
25.710
35.710
51.060
35.310
51.060
12.060
12.010
12.010
12.060
12.060
7.610
6.860
6.110
6.060
5.160
4.810
4.510
4.240
4.240
3.560
3.510
3.410
3.210
3.060
2.910
2.810
2.660
2.610
2.510
2.440
2.310
2.290
2.240
2.140
2.040
2.040
1.990
1.890
1.840
1.840
1.790
1.740
1.690
1.690
1.690
1.590
1.590
1.540
1.490
1.540
1.440
1.390
1.340
1.310
1.260
1.260
1.240
1.260
1.260
1.340
1.340
1.290
1.290
1.290
1.240
1.240
1.240
1.260
1.160
1.210
1.160
1.210
1.160
1.190
1.140
1.140
1.140
1.140
1.140
1.140
1.140
1.140
1.140
1.090
1.090
1.090
1.090
1.140
1.090
1.040
-316.013 -1.127 0.764795
