1 180
0.790
0.870
0.790
0.870
0.870
0.840
0.840
0.840
0.840
0.840
0.840
0.840
0.890
0.890
0.890
0.890
0.940
0.890
0.940
0.940
0.890
0.940
0.990
0.990
0.990
0.990
0.990
1.040
1.040
1.040
1.090
1.090
1.090
1.090
1.140
1.140
1.190
1.190
1.240
1.290
1.290
1.340
1.390
1.390
1.440
1.490
1.490
1.540
1.640
1.690
1.690
1.790
1.890
1.940
1.990
2.090
2.190
2.240
2.360
2.460
2.610
2.760
2.910
3.110
3.310
3.560
3.860
4.160
4.610
5.060
5.610
6.310
7.260
9.210
10.310
5.010
4.960
5.160
18.710
24.260
51.060
24.260
51.060
16.110
14.910
12.860
11.260
9.960
9.310
9.010
7.460
6.910
6.410
6.010
5.610
5.310
4.960
4.760
4.460
4.310
4.340
4.260
4.060
3.910
3.760
3.610
3.310
3.210
3.060
2.960
2.910
2.810
2.760
2.660
2.610
2.540
2.490
2.440
2.390
2.390
2.340
2.290
2.240
2.190
2.140
2.090
2.090
2.040
1.990
1.990
1.940
1.940
1.890
1.890
1.790
1.790
1.790
1.790
1.790
1.740
1.740
1.740
1.690
1.690
1.640
1.640
1.640
1.640
1.590
1.590
1.640
1.590
1.590
1.590
1.590
1.590
1.540
1.540
1.540
1.540
1.490
1.240
1.240
1.190
1.240
1.190
0.990
0.990
0.990
0.990
0.990
1.040
1.040
1.090
1.570
1.570
1.540
1.540
1.570
1.570
-242.630 -0.660 -2.662385
