1 180
1.560
1.510
1.610
1.660
1.710
1.760
1.760
1.860
1.860
3.010
3.860
3.710
3.660
3.660
3.610
3.060
3.060
3.060
3.110
6.310
4.360
2.510
1.810
1.610
1.610
1.610
1.610
1.860
2.160
2.110
2.310
2.360
2.160
2.910
2.810
2.310
2.360
2.560
2.360
2.460
2.410
2.410
2.360
2.310
2.310
2.260
2.210
2.240
2.160
2.110
2.110
2.060
2.010
2.010
1.960
1.960
1.910
1.940
1.940
1.890
1.890
1.840
1.840
1.790
1.840
1.790
1.790
1.740
1.790
1.840
1.960
2.060
2.160
2.310
2.510
2.710
2.960
3.260
3.560
4.010
4.510
5.260
6.310
7.660
10.160
22.860
36.760
22.860
36.710
22.860
17.410
15.510
15.510
11.660
10.960
10.060
11.060
7.110
6.460
6.410
6.410
6.510
5.510
6.110
5.210
4.760
4.860
4.620
4.310
3.760
3.710
3.610
3.410
2.860
2.760
2.640
2.590
2.490
2.390
2.390
2.290
2.240
2.190
2.140
2.090
2.120
2.140
2.190
2.210
2.260
2.310
2.310
2.360
2.410
2.460
2.760
3.060
3.060
3.010
2.960
2.910
2.910
2.810
2.810
2.110
2.310
2.710
1.710
1.660
1.610
1.610
1.560
5.710
5.560
5.360
5.310
5.310
5.260
5.310
5.160
5.160
5.160
5.110
5.110
5.360
5.360
4.810
5.160
4.860
4.810
1.860
1.660
1.610
1.610
1.560
1.460
1.360
1.470
1.390
1.460
-293.382 -6.731 2.791795
