1 180
1.670
1.620
1.670
1.670
1.670
1.670
1.670
1.670
1.670
1.670
1.670
1.720
1.720
1.670
1.720
1.720
1.720
1.690
1.720
1.740
1.770
1.790
1.740
1.790
1.790
1.790
1.870
1.840
1.890
1.890
1.940
1.940
1.990
1.990
1.990
2.040
2.040
2.090
2.090
2.140
2.190
2.240
2.240
2.290
2.340
2.390
2.440
2.440
2.490
2.590
2.590
2.740
2.740
2.840
2.890
2.940
2.990
3.110
3.160
3.260
3.410
3.510
3.610
3.710
3.860
4.060
4.160
4.360
4.560
4.760
5.060
5.310
5.610
5.960
6.360
6.760
7.210
7.810
8.510
9.310
11.260
11.360
12.960
14.860
20.010
24.810
29.710
29.760
51.060
51.060
51.060
43.460
25.210
51.060
51.060
13.310
11.110
9.810
9.060
7.860
7.160
6.560
6.060
5.960
5.910
51.060
4.610
4.410
4.160
3.960
3.810
3.610
3.460
3.310
3.260
3.060
2.960
2.910
2.760
2.660
2.660
2.760
2.760
2.810
2.710
2.560
2.560
2.560
2.560
2.460
2.310
2.360
2.310
2.310
2.160
2.060
2.010
1.960
1.910
1.860
1.740
1.690
1.690
1.640
1.640
1.590
1.590
1.590
1.590
1.540
1.540
1.540
1.490
1.490
1.490
1.440
1.440
1.440
1.440
1.420
1.390
1.420
1.440
1.420
1.420
1.370
1.370
1.420
1.370
1.370
1.370
1.370
1.370
1.420
1.370
1.370
1.370
1.370
1.320
1.370
-519.270 -365.920 -1.850385
