1 180
1.420
1.420
1.420
1.370
1.420
1.420
1.470
1.420
1.420
1.440
1.420
1.440
1.490
1.440
1.470
1.470
1.470
1.520
1.490
1.520
1.520
1.570
1.540
1.570
1.540
1.570
1.620
1.620
1.620
1.640
1.640
1.640
1.690
1.690
1.740
1.740
1.740
1.790
1.790
1.840
1.890
1.890
1.940
1.990
1.990
2.040
2.040
2.090
2.140
2.190
2.360
2.610
2.660
2.810
2.960
2.960
3.110
3.160
3.260
3.140
3.160
3.210
3.260
3.260
3.360
3.510
3.610
3.810
3.960
4.110
4.360
4.560
4.810
4.760
4.710
4.760
2.760
2.660
2.660
2.710
8.860
9.910
11.210
2.960
2.960
2.910
2.810
27.410
41.560
41.610
41.610
23.310
15.960
12.010
9.810
8.210
7.060
6.010
5.460
4.310
4.110
4.110
3.860
3.710
2.510
2.360
2.360
2.360
2.360
2.410
2.410
2.310
2.210
2.140
2.060
1.990
1.940
1.890
1.790
1.740
1.690
1.640
1.590
1.540
1.540
1.440
1.440
1.390
1.340
1.340
1.290
1.290
1.240
1.240
1.190
1.190
1.190
1.140
1.140
1.090
1.040
1.040
1.040
1.040
1.040
1.040
0.990
0.990
0.990
0.990
0.940
0.940
0.940
0.940
0.940
0.940
0.890
0.890
0.890
0.890
0.940
0.890
0.890
0.890
0.840
0.890
0.840
0.840
0.840
0.890
0.870
0.840
0.870
0.840
0.840
0.870
0.870
0.840
0.840
0.840
-380.830 -67.999 -1.716385
