1 180
0.810
0.800
0.850
0.800
0.850
0.850
0.850
0.900
1.050
1.150
1.200
1.250
1.300
3.450
3.450
3.400
8.750
1.050
1.000
0.900
0.850
0.800
0.850
0.800
0.900
0.850
0.850
0.850
0.950
0.950
3.550
3.500
3.550
3.650
3.650
3.700
10.500
10.600
10.800
10.950
2.400
2.350
2.350
2.250
2.250
2.200
2.150
2.100
1.450
1.400
1.350
1.350
1.350
1.300
1.350
1.350
2.250
2.300
2.350
2.450
4.600
3.700
2.000
2.000
1.950
1.900
1.900
1.950
2.500
2.550
2.600
2.650
2.600
2.600
3.450
3.350
3.350
3.300
3.500
3.800
3.880
3.880
3.830
3.830
3.830
3.830
3.830
3.830
3.830
3.830
3.830
3.830
3.830
3.830
3.830
3.830
3.830
3.830
3.880
3.880
3.880
3.880
3.930
3.930
3.930
3.980
3.980
3.980
3.980
3.980
4.000
4.080
4.100
4.100
4.150
4.150
4.200
4.250
4.300
4.350
2.250
2.200
2.130
2.080
1.980
1.930
1.880
1.880
1.830
1.880
1.930
1.930
1.930
1.880
1.830
1.780
1.730
1.780
1.680
1.680
1.630
1.630
1.630
1.580
1.580
1.530
1.530
1.530
1.480
1.430
1.480
1.430
1.380
1.430
1.380
1.380
1.380
1.380
1.330
1.380
1.330
1.330
1.280
1.280
1.310
1.310
1.310
1.310
1.260
1.260
1.310
1.260
1.260
1.260
1.260
1.260
1.260
1.260
1.260
1.260
-59.384 34.057 1.569795
