1 180
0.870
0.820
0.820
0.820
0.870
0.840
0.820
0.840
0.840
0.870
0.840
0.840
0.890
0.890
0.890
0.890
0.890
0.840
0.840
0.890
0.890
0.890
0.890
0.940
0.940
0.940
0.990
0.940
0.940
0.990
0.990
0.990
0.990
1.040
1.040
1.090
1.090
1.090
1.090
1.140
1.190
1.190
1.190
1.190
1.290
1.240
1.290
1.340
1.340
1.390
1.440
1.440
1.540
1.540
1.640
1.640
1.690
1.740
1.840
1.840
1.940
2.040
2.140
2.140
2.310
2.410
2.510
2.610
2.760
3.310
3.510
3.760
3.790
3.860
4.160
4.510
5.360
5.610
6.360
7.310
8.660
10.460
13.260
51.060
28.110
51.060
51.060
32.460
21.010
15.160
12.460
9.710
9.660
7.310
6.760
6.810
6.210
5.660
4.460
4.110
3.810
3.790
3.840
3.760
3.560
3.410
3.260
3.110
3.010
2.860
2.710
2.660
2.560
2.490
2.390
2.290
2.290
2.190
2.140
2.040
2.040
1.990
1.640
1.640
1.540
1.540
1.490
1.440
1.440
1.390
1.390
1.390
1.440
1.490
1.490
1.490
1.440
1.440
1.440
1.390
1.390
1.390
1.340
1.390
1.340
1.340
1.290
1.290
1.290
1.240
1.290
1.240
1.240
1.240
1.190
1.240
1.190
1.190
1.190
1.190
1.190
1.170
1.140
1.170
1.140
1.120
1.140
1.170
1.170
1.170
1.120
1.170
1.120
1.170
1.170
1.120
1.120
1.120
1.120
1.170
-109.524 42.366 -2.613385
