1 180
1.370
1.420
1.420
1.420
1.420
1.420
1.470
1.470
1.520
1.520
1.540
1.520
1.570
1.540
1.540
1.640
1.640
1.690
1.690
1.740
1.740
1.790
1.790
1.840
1.840
1.940
1.940
1.990
2.040
2.090
2.140
2.190
2.240
2.340
2.340
2.440
2.360
2.290
2.340
2.360
2.710
2.610
2.610
2.660
3.010
3.110
3.140
3.090
3.040
3.240
3.640
3.640
3.640
3.590
3.590
3.590
3.590
3.590
3.590
3.540
3.540
3.540
3.540
3.490
3.520
3.570
3.520
3.470
3.520
3.490
3.540
3.490
3.540
3.540
3.540
3.590
3.540
3.590
3.590
3.590
3.640
3.640
3.690
3.690
3.690
3.690
3.740
3.790
3.790
3.790
3.840
3.890
3.940
3.940
3.990
4.040
4.040
4.060
4.110
4.160
4.260
4.260
4.310
4.410
4.460
4.510
4.560
4.610
4.710
4.810
4.860
4.910
5.010
5.160
5.260
5.360
5.410
5.560
5.710
5.810
5.960
6.110
6.260
6.360
6.260
6.160
6.110
6.260
6.460
9.460
9.560
2.810
2.860
2.810
2.910
9.960
2.860
2.860
2.860
2.960
5.510
5.460
3.660
3.560
3.460
3.360
3.260
3.210
3.140
3.040
2.990
2.940
2.940
3.010
3.010
3.060
3.010
3.010
2.960
2.910
2.860
2.810
2.760
2.710
2.710
2.660
2.610
2.560
2.610
2.510
2.510
2.510
2.410
2.410
2.460
2.070
2.040
2.070
2.070
2.020
-268.630 -2.863 2.780795
