1 180
1.420
1.370
1.420
1.370
1.420
1.370
1.420
1.420
1.420
1.470
1.470
1.420
1.420
1.420
1.470
1.470
1.420
1.470
1.470
1.470
1.470
1.470
1.470
1.470
1.520
1.570
1.520
1.570
1.570
1.570
1.590
1.540
1.620
1.670
1.670
1.690
1.690
1.720
1.690
1.790
1.740
1.790
1.840
1.840
1.890
1.940
1.940
1.990
1.990
2.040
2.090
2.140
2.190
2.240
2.290
2.340
2.390
2.440
2.540
2.590
2.690
2.740
2.810
2.860
3.010
3.160
3.260
3.360
3.460
3.660
3.810
4.010
4.160
5.160
5.160
5.160
5.210
5.510
5.910
6.360
6.810
7.510
8.110
9.110
11.010
11.610
13.610
16.060
19.810
22.060
28.860
28.860
28.960
29.410
19.910
17.110
13.310
10.710
9.060
7.810
6.960
6.510
6.460
5.510
4.760
4.410
4.110
3.860
3.610
3.410
3.210
3.110
2.960
2.760
2.660
2.560
2.410
2.360
2.260
2.190
2.140
2.040
1.990
1.940
1.890
1.840
1.790
1.790
1.690
1.690
1.640
1.590
1.540
1.540
1.490
1.490
1.440
1.390
1.390
1.340
1.340
1.340
1.290
1.290
1.240
1.240
1.240
1.190
1.190
1.190
1.140
1.140
1.140
1.090
1.140
1.090
1.090
1.090
1.090
1.090
1.040
1.070
1.040
1.040
1.070
1.070
1.070
1.020
1.070
1.020
1.020
1.020
0.990
0.970
1.020
1.020
1.020
0.970
1.020
1.020
-405.996 19.915 -1.246385
