1 180
1.070
1.070
1.070
1.120
1.120
1.070
1.070
1.120
1.070
1.120
1.090
1.120
1.120
1.140
1.170
1.140
1.140
1.140
1.140
1.140
1.140
1.190
1.190
1.190
1.240
1.240
1.240
1.240
1.290
1.290
1.290
1.340
1.490
1.490
1.490
1.540
1.540
1.540
1.590
1.590
1.690
1.690
1.740
1.740
1.790
1.840
1.840
1.890
1.940
2.040
2.040
2.040
2.040
2.040
2.140
2.190
2.240
2.340
2.390
2.490
2.590
2.690
2.760
2.810
3.010
3.110
3.310
3.460
3.660
3.810
4.060
4.460
3.960
3.860
3.810
3.760
3.760
3.760
3.810
3.860
4.210
4.660
4.460
9.210
9.260
9.210
9.260
9.210
9.260
9.260
9.310
9.260
9.360
9.310
9.310
9.410
9.410
9.460
4.960
4.610
4.910
4.660
4.410
4.160
3.960
3.810
3.660
3.460
3.260
3.160
3.090
3.090
3.060
2.910
2.810
2.710
2.610
2.590
2.540
2.160
2.010
2.060
2.110
2.060
1.860
1.860
1.560
1.510
1.510
1.510
1.560
1.510
1.560
1.610
1.640
1.640
1.590
1.590
1.590
1.540
1.540
1.490
1.490
1.490
1.440
1.440
1.440
1.390
1.390
1.340
1.390
1.390
1.340
1.340
1.340
1.340
1.290
1.340
1.290
1.290
1.290
1.290
1.240
1.240
1.240
1.240
1.290
1.240
1.240
1.240
1.240
1.240
1.240
1.240
1.240
1.240
1.240
1.240
1.240
1.240
-256.188 -6.926 -2.600385
