1 180
0.970
1.000
0.920
0.970
0.970
1.050
1.020
1.020
1.020
1.070
1.020
1.070
1.120
1.200
1.180
1.230
1.230
1.200
1.230
1.280
1.230
1.230
1.230
1.250
1.270
1.270
1.270
1.320
1.320
2.170
2.470
4.070
3.920
3.870
3.970
4.070
4.070
4.320
3.570
3.520
3.500
3.420
3.100
3.020
2.970
2.900
2.900
2.800
2.800
2.750
2.220
2.170
2.170
2.120
2.070
2.070
2.020
2.170
2.200
2.300
2.350
2.450
2.450
2.600
2.700
2.770
2.870
2.720
2.670
2.670
2.670
2.720
2.970
3.070
2.920
3.050
3.070
3.120
3.270
3.470
6.620
7.370
8.220
9.070
10.770
10.970
11.920
14.470
23.620
39.270
39.270
39.270
51.070
14.420
14.570
14.120
8.570
6.470
6.470
5.820
5.520
5.520
5.520
5.420
5.020
4.670
4.420
4.170
3.970
3.720
3.570
3.420
3.220
3.070
2.970
2.920
2.950
3.000
3.000
3.000
3.050
3.100
3.150
3.150
3.250
3.250
3.250
3.300
3.350
3.400
3.370
3.420
3.370
3.270
3.220
3.170
3.070
3.070
2.970
2.970
2.870
2.820
2.720
2.750
2.700
2.650
2.650
2.600
2.550
2.500
2.550
2.500
2.200
2.200
2.200
2.200
2.100
2.150
2.100
2.100
2.100
2.100
2.100
2.050
2.050
2.050
2.050
1.070
1.070
1.070
1.020
1.020
1.020
1.020
0.970
0.970
0.970
0.920
0.920
0.920
-595.708 -169.708 -1.229385
