1 180
1.690
1.690
1.690
1.690
1.690
1.690
1.740
1.690
1.690
1.690
1.690
1.740
1.740
1.740
1.740
1.790
1.740
1.790
1.790
1.790
1.840
1.840
1.840
1.840
1.890
1.890
1.940
1.940
1.940
1.940
1.990
1.990
2.040
2.090
2.090
2.140
2.140
2.190
2.190
2.240
2.240
2.290
2.340
2.390
2.440
2.440
2.540
2.490
2.490
2.440
2.390
2.390
2.340
2.290
2.290
2.240
2.290
2.240
2.190
2.140
2.140
2.090
2.090
2.090
2.090
2.040
2.090
2.040
1.990
1.990
2.110
2.210
2.360
2.510
4.710
5.060
5.460
5.960
6.560
6.410
6.360
9.060
9.060
9.010
9.010
9.010
8.960
8.960
8.960
8.960
8.960
9.010
9.010
9.060
9.060
9.110
9.110
9.160
9.110
9.210
9.260
9.260
9.310
9.360
9.410
9.460
9.510
9.510
2.560
2.510
2.360
2.310
2.160
2.140
2.140
2.190
2.190
2.190
2.240
2.240
2.290
2.290
2.340
2.390
2.390
2.360
2.440
2.490
2.510
2.560
2.560
2.610
2.660
2.710
2.810
2.810
2.760
2.660
2.710
2.610
2.560
2.610
2.560
2.460
2.460
2.410
2.910
2.360
2.360
2.510
2.310
2.260
2.260
3.710
2.260
2.160
2.160
2.160
2.210
14.960
2.110
2.110
2.110
19.360
2.110
2.060
2.060
2.110
20.610
2.060
2.010
1.960
2.010
2.060
22.460
2.060
2.010
2.010
2.060
2.310
-587.499 -454.018 2.497795
