1 180
0.920
0.890
0.890
0.940
0.890
0.890
0.990
0.940
0.940
0.940
0.940
0.940
0.990
0.940
0.940
0.990
0.990
0.990
0.990
1.040
1.040
0.990
1.040
1.040
1.040
0.990
0.990
0.990
1.040
1.040
1.040
1.040
1.090
1.140
1.090
1.140
1.140
1.190
1.240
1.290
1.290
1.290
1.340
1.340
1.340
1.390
1.440
1.440
1.440
1.490
1.540
1.590
1.590
1.640
1.740
1.840
1.840
1.860
1.960
2.040
2.040
2.140
2.240
2.360
4.460
4.410
4.360
4.360
4.310
4.340
4.290
4.260
4.260
4.240
4.310
4.810
5.160
5.660
6.360
7.110
8.510
9.910
12.410
14.860
14.860
14.860
14.860
14.860
14.860
14.910
14.860
12.110
10.210
8.910
7.810
6.960
6.260
5.710
5.660
5.660
4.610
4.310
4.010
3.760
3.610
3.410
3.210
3.110
2.910
2.860
2.710
2.610
2.510
2.440
2.390
2.290
2.190
2.190
2.090
1.990
1.990
1.990
2.040
2.040
2.040
2.040
2.040
1.940
1.990
1.890
1.890
1.840
1.790
1.740
1.740
1.690
1.690
1.640
1.640
1.590
1.590
1.590
1.590
1.590
1.290
1.240
1.240
1.240
1.240
1.240
1.240
1.190
1.190
1.190
1.140
1.190
1.140
1.140
1.170
1.170
1.170
1.090
1.090
1.170
1.120
1.120
1.120
1.120
1.170
1.070
1.120
1.120
1.120
1.120
1.120
1.120
1.120
1.120
1.070
1.120
-338.294 -10.028 -0.980385
