1 180
1.610
1.420
1.440
1.510
1.760
3.560
3.560
3.560
1.710
3.560
1.860
3.560
3.610
3.610
3.610
3.660
3.660
3.660
3.660
3.710
8.360
7.960
7.560
5.810
5.760
2.060
1.610
1.610
1.610
1.660
5.610
5.410
5.260
5.110
4.960
4.810
4.710
4.610
4.460
4.360
4.260
4.210
3.310
3.260
3.210
3.160
3.110
3.110
2.110
2.160
2.160
2.510
3.310
3.410
3.360
3.310
3.160
3.110
3.060
3.060
3.010
2.960
2.890
2.890
2.840
2.840
2.840
2.740
2.790
2.740
2.740
2.860
2.960
3.160
3.310
3.460
3.710
3.960
4.260
4.560
4.860
5.810
5.860
6.610
7.710
8.510
9.960
10.010
16.110
19.860
10.310
9.960
9.910
10.260
23.860
16.010
10.160
9.960
8.510
7.410
6.610
5.910
5.360
5.210
4.490
4.490
4.110
3.560
3.410
3.160
3.010
2.860
2.710
2.740
2.740
2.740
2.790
2.790
2.840
2.840
2.890
2.910
2.960
2.960
2.960
3.010
3.060
3.110
3.160
3.210
3.210
2.260
2.160
2.110
2.360
2.460
2.460
2.510
3.710
2.460
2.310
2.260
2.310
2.210
2.210
2.110
2.060
2.010
2.010
2.010
1.960
1.960
1.990
1.990
1.940
1.560
1.610
1.890
1.890
1.940
1.890
1.890
1.890
1.890
1.840
1.840
1.840
1.790
1.790
1.740
1.690
1.690
1.740
1.640
1.640
1.590
1.540
1.540
1.540
1.440
-305.888 -3.706 2.978795
