1 180
1.270
1.370
1.410
1.510
1.890
2.190
9.310
9.360
8.160
7.310
7.260
6.860
7.460
7.560
8.010
8.010
7.660
9.860
3.760
3.710
3.960
3.910
3.910
3.540
3.560
3.810
4.240
4.610
4.760
5.360
5.110
1.740
1.690
1.640
1.640
1.690
1.740
1.740
1.790
1.840
1.790
1.890
1.890
1.940
1.990
2.040
2.090
2.090
2.140
2.190
2.290
2.340
2.440
2.390
2.540
2.640
2.740
2.810
2.810
2.960
3.110
3.210
3.360
3.510
3.660
3.810
4.110
4.310
4.560
4.810
5.110
5.510
5.960
6.410
6.960
7.110
51.060
20.810
25.660
25.560
25.610
25.510
18.860
44.760
16.110
16.210
16.960
11.010
8.310
51.060
5.410
5.410
5.260
4.760
4.210
2.860
2.590
2.640
2.590
2.640
2.610
2.410
2.310
2.160
2.060
2.010
1.910
1.810
1.740
1.690
1.640
1.540
1.540
1.490
1.390
1.390
1.340
1.340
1.390
1.390
1.390
1.340
1.340
1.290
1.290
1.290
1.240
1.210
1.210
1.160
1.160
1.110
1.110
1.110
1.040
1.060
1.040
1.040
1.040
1.040
0.990
0.990
0.990
0.990
0.990
0.940
0.940
0.890
0.890
0.890
0.840
0.840
0.840
0.840
0.840
0.540
0.540
0.540
0.540
0.540
0.490
0.540
0.540
0.490
0.490
0.490
0.490
0.490
0.490
0.490
0.470
0.520
0.490
0.490
0.520
0.520
0.470
0.520
0.520
0.490
-119.309 -3.359 -1.848385
