1 180
17.760
17.760
17.760
17.710
14.410
11.410
9.660
8.360
7.310
7.110
6.110
5.410
5.060
4.660
4.260
4.260
4.310
4.310
4.310
3.240
3.060
2.960
2.760
2.710
2.560
2.510
2.410
2.340
2.240
2.190
2.140
2.090
2.040
1.940
1.890
1.840
1.740
1.790
1.690
1.640
1.640
1.590
1.590
1.540
1.590
1.590
1.640
1.640
1.690
1.740
1.840
1.890
1.890
1.990
2.040
2.040
2.090
2.090
2.190
2.240
2.290
2.410
2.560
2.610
2.690
2.710
2.840
3.010
3.160
3.340
3.410
3.610
3.810
3.960
4.210
4.510
4.810
5.210
5.610
6.410
6.810
7.910
8.310
9.410
11.810
11.810
11.760
11.810
11.760
11.760
10.460
10.610
11.810
11.760
11.710
9.210
7.810
6.710
5.910
5.360
4.860
4.410
4.060
3.760
3.460
3.260
3.010
2.910
2.710
2.640
2.640
2.690
2.640
2.640
2.560
2.460
2.360
2.260
2.240
1.790
1.690
1.640
1.590
1.540
1.540
1.490
1.440
1.440
1.390
1.340
1.340
1.290
1.240
1.240
1.190
1.190
1.190
1.140
1.140
1.090
1.040
1.090
1.040
1.040
1.040
1.040
0.990
0.990
0.990
0.940
0.940
0.990
0.940
0.940
0.890
0.940
0.940
0.890
0.890
0.840
0.890
0.890
0.890
0.890
0.890
0.840
0.840
0.840
0.890
0.840
0.870
0.840
0.870
0.870
0.870
0.820
0.790
0.870
0.820
0.870
-336.556 -12.647 -1.110385
