1 180
2.910
2.910
2.910
2.910
2.910
2.960
2.910
2.910
2.960
3.010
2.860
2.810
2.610
2.510
2.440
2.340
2.290
2.190
2.140
2.040
1.990
1.940
1.890
1.890
1.840
1.740
1.740
1.740
1.790
1.840
1.890
1.840
1.960
1.960
2.010
2.110
2.110
2.110
2.160
2.440
2.490
2.590
2.640
2.740
2.740
2.840
2.940
2.960
3.060
3.160
3.260
3.360
3.410
3.560
3.710
3.860
4.010
4.460
4.710
5.010
5.160
5.110
5.410
5.710
6.060
6.460
6.910
7.510
8.160
9.660
9.760
10.960
12.560
14.510
17.110
23.660
31.760
37.460
51.060
51.060
49.960
51.060
51.060
51.060
13.060
11.060
9.460
8.310
7.410
6.610
6.060
5.760
5.560
4.710
4.460
4.210
3.910
3.760
3.560
3.410
3.210
3.110
2.960
2.810
2.710
2.610
2.560
2.440
2.390
2.340
1.910
1.860
1.810
1.760
1.810
1.610
1.660
1.590
1.540
1.490
1.490
1.440
1.390
1.390
1.440
1.490
1.490
1.540
1.540
1.540
1.590
1.640
1.690
1.740
1.790
1.790
1.840
1.940
1.990
2.040
2.090
2.160
2.210
2.260
2.410
2.460
2.560
2.590
2.640
2.590
2.590
2.590
2.540
2.540
2.490
2.540
2.490
2.490
2.490
2.440
2.440
2.490
2.440
2.390
2.440
2.440
2.440
2.470
2.470
2.470
2.470
2.420
2.420
2.470
2.420
2.470
2.440
2.440
2.490
2.310
-474.176 -127.612 -2.291385
