1 180
4.260
4.310
4.410
4.410
4.510
4.610
4.660
4.810
4.910
4.810
4.760
4.710
4.610
4.660
4.760
4.860
5.010
7.560
7.860
8.010
8.010
8.110
8.160
8.160
8.110
8.060
8.510
8.860
10.610
11.110
11.710
3.860
2.090
1.990
1.940
1.890
1.790
1.790
1.740
1.690
1.640
1.590
1.590
1.540
1.490
1.490
1.440
1.390
1.390
1.340
1.340
1.340
1.340
1.390
1.410
1.360
1.360
1.410
1.460
1.510
1.460
1.560
1.640
1.610
1.720
1.760
1.860
3.310
1.660
1.590
1.590
1.590
1.610
1.660
1.810
1.790
1.790
1.840
1.910
3.110
3.060
3.060
3.060
3.060
3.010
3.010
2.960
2.960
2.960
2.960
2.960
2.960
2.910
2.910
2.910
2.910
2.910
2.910
2.910
2.960
3.010
2.960
3.010
3.010
3.010
3.010
3.060
1.560
1.310
1.260
1.260
1.210
1.210
1.160
1.160
1.140
1.090
1.070
1.120
1.070
1.070
1.070
1.120
1.090
1.120
1.170
1.120
1.140
1.190
1.190
1.220
1.220
1.240
1.240
1.240
1.240
1.290
1.290
1.340
1.340
1.390
1.440
1.440
1.490
1.490
1.540
1.540
1.590
1.640
3.360
3.360
3.410
3.360
3.410
12.410
12.460
11.810
11.810
11.760
10.110
9.710
9.210
8.810
8.460
8.210
7.960
7.660
7.410
7.160
6.960
6.760
4.510
4.410
4.260
4.210
4.110
4.160
4.210
4.310
4.360
-592.899 -452.587 -1.360385
