1 180
1.470
1.470
1.470
1.470
1.470
1.470
1.470
1.470
1.470
1.470
1.440
1.440
1.410
1.410
1.460
1.610
1.610
1.610
1.660
1.660
1.660
1.660
1.660
1.660
1.660
1.710
1.710
1.710
1.710
1.760
1.760
1.810
1.760
1.860
1.860
1.860
1.910
1.960
1.910
1.960
1.960
2.010
2.010
2.060
2.060
2.060
2.060
1.960
2.110
2.060
2.040
2.090
2.140
2.190
2.240
2.290
2.340
2.390
2.440
2.540
2.590
2.640
2.690
2.790
2.840
2.960
3.060
3.160
3.260
3.410
3.510
3.660
3.810
3.960
4.110
4.360
4.610
4.810
5.110
5.410
5.810
6.260
6.660
6.810
6.810
6.760
6.760
6.860
13.410
15.960
19.960
20.010
51.060
40.660
51.060
51.060
50.560
51.060
19.960
19.910
19.960
13.560
12.660
10.510
9.360
8.560
7.810
7.210
6.710
6.260
5.860
5.510
5.210
4.910
4.710
4.460
4.210
4.060
3.910
3.760
3.610
3.460
3.410
3.210
3.160
3.010
2.960
2.910
2.810
2.760
2.610
2.640
2.540
2.540
2.490
2.390
2.340
2.290
2.240
2.240
2.360
2.210
2.160
2.160
2.160
2.210
2.210
2.260
2.610
2.760
2.710
51.060
51.060
51.060
3.110
51.060
51.060
3.910
4.010
4.210
4.310
4.460
4.660
5.010
6.010
4.460
4.360
4.260
4.610
4.560
7.110
1.610
1.660
1.610
1.610
1.610
1.560
1.540
1.570
1.570
-180.601 -13.587 2.089795
