1 180
1.340
1.370
1.370
1.370
1.340
1.390
1.340
1.360
1.360
1.360
1.310
1.260
1.260
1.310
1.310
1.290
1.320
1.340
1.370
1.290
1.370
1.340
1.370
1.370
1.420
1.370
1.420
1.420
1.470
1.470
1.440
1.440
1.470
1.490
1.520
1.540
1.540
1.570
1.540
1.590
1.590
1.640
1.690
1.690
1.690
1.740
1.790
1.790
1.790
1.840
1.890
1.940
1.990
2.040
2.090
2.090
2.190
3.810
3.910
4.010
4.160
4.110
4.210
4.310
4.660
4.810
4.710
5.110
5.260
5.260
5.860
5.760
5.760
5.760
5.710
5.660
5.660
5.610
5.560
5.610
6.060
6.510
7.160
7.960
8.560
9.810
11.410
13.460
18.660
51.060
51.060
44.310
44.810
44.860
44.410
21.560
18.510
12.910
11.060
9.460
8.810
7.410
6.610
6.010
5.310
4.910
4.560
4.260
4.060
3.760
3.560
3.360
3.210
3.060
2.960
2.810
2.710
2.560
2.460
2.360
2.310
2.260
2.160
2.110
2.090
2.040
2.040
1.990
1.890
1.890
1.790
1.790
1.790
1.740
1.690
1.640
1.590
1.640
1.590
1.540
1.490
1.490
1.440
1.440
1.440
1.390
1.340
1.340
1.340
1.290
1.290
1.290
1.290
1.240
1.240
1.240
1.240
1.190
1.190
1.190
1.190
1.220
1.190
1.190
1.170
1.220
1.140
1.170
1.170
1.090
1.120
1.170
1.140
1.170
1.170
1.120
1.120
1.120
1.170
1.120
-556.715 -140.880 -3.003385
