1 180
1.170
1.120
1.170
1.120
1.170
1.120
1.120
1.120
1.120
1.170
1.540
1.590
1.590
1.540
1.590
1.590
1.640
1.640
1.640
1.640
1.640
1.690
1.640
1.690
1.690
1.690
1.690
1.740
1.740
1.740
1.790
1.790
1.790
1.790
1.840
1.890
1.890
1.890
1.940
1.940
1.990
1.960
2.110
2.110
2.160
2.160
2.260
2.240
2.240
2.290
2.290
2.290
2.340
2.340
2.290
2.290
2.190
2.190
2.140
2.140
2.090
2.090
2.140
2.240
2.290
2.340
2.440
2.540
2.640
2.710
2.760
2.910
2.790
3.110
3.360
3.510
3.710
3.910
4.160
4.060
4.240
4.190
4.190
4.190
4.140
4.310
11.110
10.910
10.710
2.590
2.640
3.910
9.960
9.760
9.610
9.510
9.760
51.060
51.060
51.060
11.060
11.310
5.560
5.260
5.310
5.310
5.360
5.360
5.510
5.160
4.810
4.560
4.260
4.060
3.860
3.710
3.560
3.410
3.260
3.160
2.090
2.090
2.090
2.040
2.040
2.040
2.040
2.040
2.040
1.990
2.040
2.040
1.990
1.990
1.990
1.990
2.040
1.990
1.990
1.990
1.990
2.040
2.040
1.990
2.160
4.710
4.760
4.760
4.760
4.810
4.860
4.760
4.760
4.710
4.710
4.760
4.810
4.810
4.860
4.910
4.910
4.710
4.510
4.410
4.390
4.360
4.410
4.360
4.260
4.060
4.060
3.410
3.340
3.240
3.190
3.090
3.040
2.990
2.890
2.860
-401.224 -8.536 -0.921385
