1 180
0.860
0.890
0.890
0.890
0.890
0.890
0.840
0.870
0.790
0.790
0.820
0.790
0.790
0.790
0.790
0.840
0.790
0.840
0.840
0.840
0.840
0.840
0.840
0.890
0.890
0.840
0.890
0.940
0.890
0.890
0.890
0.940
0.940
0.940
0.940
0.940
0.990
0.990
1.040
1.040
0.990
1.040
1.090
1.090
1.090
1.090
1.190
1.290
1.340
1.340
1.390
1.390
1.390
1.440
1.540
1.590
1.540
1.590
1.690
1.740
1.790
1.840
1.890
1.940
1.890
1.890
1.940
2.040
2.140
2.240
2.310
2.360
2.560
2.710
2.860
3.060
3.210
3.460
3.760
4.060
4.460
4.910
6.060
6.060
7.060
8.210
9.760
12.160
51.060
24.460
51.060
51.060
34.610
23.010
14.310
14.260
11.610
8.910
8.860
7.860
6.060
6.060
6.060
6.010
5.560
3.810
3.760
3.510
3.310
3.290
3.290
3.290
3.160
3.060
2.910
2.810
2.710
2.610
2.510
2.460
2.410
2.260
2.260
2.160
2.140
2.090
2.010
1.990
1.940
1.890
1.840
1.790
1.790
1.740
1.690
1.640
1.640
1.640
1.590
1.590
1.540
1.490
1.490
1.440
1.190
1.190
1.190
1.140
1.140
1.140
1.090
1.090
1.090
1.040
1.090
1.090
1.040
1.070
1.040
1.040
0.990
1.040
0.990
0.990
0.990
0.990
1.020
0.990
0.990
0.940
1.020
0.970
1.020
0.990
0.990
1.140
1.120
1.170
1.170
1.170
-100.582 22.781 -2.659385
