1 180
0.840
0.820
0.820
0.820
0.870
0.820
0.820
0.870
0.790
0.820
0.710
0.740
0.740
0.790
0.740
0.740
0.790
0.790
0.740
0.790
0.790
0.790
0.790
0.790
0.840
0.840
0.840
0.890
0.840
0.890
0.840
0.890
0.890
0.890
0.890
0.890
0.940
0.940
0.940
0.990
0.990
0.990
0.990
0.990
1.040
1.040
1.090
1.090
1.140
1.140
1.140
1.190
1.190
1.290
3.760
3.860
3.860
3.840
3.790
3.740
3.690
3.690
3.690
3.590
3.590
3.540
3.540
3.490
3.240
3.240
3.190
3.190
3.190
3.190
3.140
3.140
3.090
3.140
3.040
3.090
3.040
3.090
3.040
3.090
3.040
2.640
2.590
2.540
2.540
2.190
2.190
2.190
2.190
2.290
2.990
2.990
3.040
3.040
3.040
3.090
3.090
3.140
3.090
3.140
3.140
2.760
2.560
2.510
2.510
2.560
2.660
2.610
2.560
2.510
2.660
3.340
3.390
3.390
3.440
3.490
3.710
3.790
3.840
3.810
3.910
3.910
4.010
4.010
4.060
4.110
4.110
4.010
4.060
4.110
4.210
4.310
4.360
4.410
4.560
4.660
1.760
1.540
1.540
1.540
1.490
1.490
1.490
1.440
1.440
1.440
1.390
1.390
1.340
1.390
1.340
1.340
1.340
1.290
1.290
1.290
1.290
1.320
1.240
1.270
1.320
1.270
1.270
1.270
1.270
1.270
1.220
1.220
1.220
1.240
1.270
1.270
1.320
1.270
1.320
1.290
-326.443 -4.684 -2.935385
