1 180
12.060
12.310
15.010
19.260
51.060
51.060
51.060
51.060
51.060
12.310
12.160
9.360
9.060
9.060
9.060
9.110
9.160
9.160
9.210
9.260
7.160
6.760
6.410
6.010
5.660
5.410
5.160
4.910
4.760
4.510
4.510
4.810
10.010
4.660
4.710
10.260
5.010
5.010
4.960
5.210
10.860
2.340
2.290
2.240
2.190
2.190
2.090
2.090
2.040
1.990
1.970
1.940
1.940
2.040
2.090
2.090
2.190
2.240
2.290
2.340
3.060
3.110
3.160
3.460
3.660
3.410
3.560
3.660
3.710
3.860
4.110
4.610
4.310
4.660
4.710
4.910
5.260
5.410
5.760
6.010
6.410
6.810
7.260
7.310
7.210
7.310
8.660
9.560
10.760
12.260
14.360
51.060
24.410
51.060
32.610
28.860
23.260
35.760
22.360
25.910
19.960
16.460
13.810
11.860
10.560
9.460
8.560
7.260
7.210
6.660
6.210
5.860
5.510
5.160
4.910
4.660
4.460
4.310
4.110
3.910
3.760
3.710
3.560
3.460
3.360
3.110
3.060
2.960
2.810
2.760
2.690
2.640
2.590
2.460
1.960
1.960
1.910
1.860
1.810
1.810
1.760
1.710
1.760
1.810
1.810
1.860
1.910
1.940
1.890
1.890
1.840
1.840
1.840
1.840
1.790
1.740
1.740
1.740
1.690
1.690
1.690
1.660
1.710
1.710
1.660
1.710
1.760
1.760
1.760
1.760
1.760
1.710
1.660
1.710
1.710
1.660
1.660
1.660
1.660
1.610
-393.287 -105.194 2.655795
