1 180
1.370
1.370
1.370
1.370
1.370
1.370
1.370
1.370
1.370
1.420
1.370
1.420
1.420
1.420
1.420
1.420
1.420
1.420
1.470
1.470
1.470
1.470
1.470
1.520
1.520
1.520
1.570
1.570
1.570
1.570
1.590
1.640
1.620
1.670
1.670
1.690
1.740
1.740
1.790
1.840
1.790
1.840
1.890
1.940
1.940
2.040
2.090
2.090
2.090
2.190
2.240
2.290
2.360
2.410
2.960
3.310
3.360
4.110
4.060
4.060
3.260
3.310
3.560
3.710
3.960
51.060
4.110
4.110
4.110
4.310
4.560
4.810
4.510
4.510
4.510
4.460
4.510
4.960
8.160
9.210
10.410
12.560
14.060
7.860
7.810
7.960
21.110
21.060
21.060
21.110
21.260
13.510
10.810
8.710
7.610
6.660
5.960
5.360
4.810
4.460
4.110
3.810
3.560
3.510
3.360
3.160
2.960
2.710
2.560
2.410
2.310
2.260
2.140
2.090
2.040
1.940
1.890
1.790
1.790
1.740
1.690
1.640
1.590
1.540
1.490
1.440
1.440
1.390
1.390
1.340
1.340
1.290
1.290
1.240
1.240
1.240
1.190
1.190
1.140
1.140
1.140
1.090
1.090
1.090
1.040
1.040
1.040
0.990
1.040
0.990
0.990
0.990
0.990
0.990
0.940
0.940
0.940
0.970
0.940
0.940
0.970
0.920
0.920
0.970
0.920
0.920
0.920
0.920
0.920
0.890
0.920
0.920
0.890
0.890
0.870
0.870
0.920
0.920
0.870
0.890
-454.255 -126.301 -1.298385
