1 180
0.570
0.620
0.670
0.620
0.670
0.620
0.570
0.590
0.620
0.670
0.640
0.590
0.640
0.590
0.590
0.640
0.640
0.640
0.640
0.640
0.640
0.640
0.640
0.640
0.690
0.690
0.690
0.690
0.690
0.690
0.690
0.690
0.740
0.740
0.740
0.740
0.740
0.740
0.790
0.790
0.790
0.840
0.840
0.840
0.840
0.890
0.890
0.890
0.940
0.940
0.990
0.990
1.140
1.190
1.240
1.240
1.290
1.290
1.340
1.390
1.440
1.490
1.540
1.640
1.640
1.690
1.790
1.890
1.960
2.060
2.160
2.260
2.410
2.610
2.760
2.960
3.210
3.460
3.810
4.260
4.760
5.360
6.160
7.110
8.960
11.410
15.560
24.960
24.860
9.960
9.810
51.060
22.110
19.010
15.560
13.560
11.910
10.510
10.310
8.810
8.110
7.460
7.010
6.560
6.160
5.810
5.510
5.410
5.260
5.060
4.810
4.360
4.160
4.160
4.160
4.210
4.260
4.310
4.360
4.410
4.460
4.410
4.310
4.160
4.110
3.960
3.860
3.810
3.760
3.660
3.560
3.460
3.410
3.360
3.340
3.210
3.240
3.190
3.090
3.090
3.040
3.040
2.940
2.890
2.890
2.790
2.790
2.790
2.740
2.740
2.690
2.690
1.840
1.840
1.840
1.840
1.840
1.790
1.740
1.790
1.740
1.740
1.740
1.740
1.770
1.720
1.720
1.720
1.720
1.670
1.720
1.720
1.720
1.720
1.720
1.670
1.670
1.720
1.720
1.670
-389.986 -107.588 -0.457385
