1 180
0.620
0.620
0.570
0.620
0.570
0.620
0.620
0.620
0.620
0.590
0.590
0.590
0.590
0.590
0.590
0.640
0.590
0.590
0.590
0.640
0.640
0.640
0.640
0.640
0.640
0.640
0.640
0.690
0.690
0.690
0.690
0.690
0.690
0.740
0.740
0.740
0.740
0.740
0.790
0.790
0.790
0.790
0.790
0.840
0.840
0.890
0.890
0.890
0.890
0.940
0.940
0.990
0.990
1.040
1.040
1.090
1.090
1.140
1.190
1.240
1.290
1.290
1.340
1.390
1.440
1.490
1.540
1.640
1.740
1.790
1.940
1.960
2.110
2.210
2.360
2.510
2.760
2.960
3.210
3.610
3.910
4.960
4.960
6.110
6.860
8.510
10.910
20.960
32.010
32.010
44.310
25.710
21.910
16.410
13.510
10.910
10.510
10.510
7.860
7.810
7.160
6.560
5.310
5.010
5.010
5.010
4.660
4.460
4.210
4.010
3.810
3.660
3.510
3.410
3.260
3.160
2.610
2.460
2.460
2.390
2.340
2.390
2.440
2.440
2.410
2.360
2.290
2.260
2.160
2.140
2.040
2.090
2.040
1.990
1.940
1.890
1.890
1.840
1.790
1.790
1.790
1.740
1.740
1.690
1.690
1.640
1.590
1.590
1.540
1.590
1.540
1.540
1.540
1.540
1.490
1.490
1.540
1.610
5.160
5.210
5.260
7.610
7.210
7.210
7.160
7.160
7.460
7.560
7.610
5.460
5.360
3.710
3.660
3.490
3.660
3.660
3.660
3.610
3.660
2.470
-107.146 -7.177 0.803795
