1 180
1.370
1.370
1.370
1.370
1.370
1.370
1.370
1.420
1.420
1.420
1.420
1.420
1.420
1.420
1.420
1.420
1.420
1.440
1.470
1.470
1.470
1.520
1.490
1.570
1.520
1.540
1.570
1.570
1.540
1.590
1.590
1.590
1.590
1.690
1.690
1.740
1.740
1.740
1.790
1.790
1.790
1.840
1.890
1.890
1.940
1.990
2.040
2.090
2.140
2.140
2.190
2.290
2.340
2.390
2.440
2.490
2.540
2.640
2.840
2.860
2.960
3.110
3.160
3.310
3.460
3.440
3.440
3.440
3.440
3.340
3.340
3.340
3.340
3.340
3.290
3.290
3.240
3.240
3.240
3.240
3.240
3.190
3.190
3.190
3.140
3.190
3.140
3.140
3.140
3.190
3.140
3.190
3.140
3.140
3.190
3.190
3.190
3.190
3.240
3.240
3.240
3.290
3.240
3.290
3.290
3.340
3.340
3.340
3.390
3.390
3.390
3.440
3.490
3.490
3.540
3.540
3.590
3.640
3.690
3.690
3.710
3.710
3.840
3.860
3.910
3.910
4.010
4.060
4.110
4.210
4.210
4.310
4.410
4.460
4.560
4.660
4.710
2.960
2.860
2.860
3.210
1.490
1.440
1.440
1.390
1.390
1.390
1.340
1.340
1.340
1.340
1.290
1.290
1.290
1.290
1.240
1.240
1.270
1.190
1.240
1.220
1.270
1.220
1.170
1.220
1.220
1.170
1.220
1.170
1.170
1.170
1.170
1.170
1.220
1.170
1.220
1.170
1.170
1.220
1.170
-395.601 44.105 -2.526385
