1 180
1.410
1.460
1.570
1.570
1.570
1.620
1.570
1.620
1.620
1.620
1.570
1.620
1.620
1.620
1.670
1.670
1.670
1.670
1.640
1.640
1.720
1.690
1.720
1.740
1.690
1.820
1.790
1.820
1.820
1.840
1.870
1.920
1.920
1.910
1.960
1.960
1.960
1.890
1.940
1.990
1.990
1.990
2.040
2.090
2.140
2.190
2.240
2.240
2.340
2.390
2.440
2.490
2.070
2.360
2.690
2.790
2.890
2.940
3.010
3.160
3.210
3.360
3.460
3.610
3.810
3.110
4.110
4.260
4.510
4.810
5.060
5.410
5.760
6.160
6.610
6.910
6.960
6.910
6.860
6.860
7.260
9.960
6.160
5.810
5.760
20.960
9.560
9.410
20.960
21.010
10.210
10.260
14.110
9.810
6.910
6.860
6.960
6.910
4.210
3.810
3.560
3.360
3.110
2.960
2.760
2.660
2.510
2.510
2.510
2.410
2.360
2.260
2.160
2.110
2.040
1.990
1.890
1.890
1.790
1.740
1.690
1.690
1.410
1.440
1.340
1.340
1.340
1.290
1.240
1.240
1.190
1.190
1.140
1.190
1.140
1.090
1.090
1.040
1.040
1.040
0.990
0.990
0.990
0.990
0.990
0.940
0.940
0.940
0.940
0.940
0.890
0.890
0.840
0.840
0.890
0.890
0.890
0.840
0.840
0.840
0.840
0.840
0.840
0.840
0.790
0.790
0.790
0.840
0.790
0.840
0.820
0.820
0.820
0.870
0.820
0.820
0.840
0.840
0.870
0.790
-385.559 -87.996 -1.881385
