1 180
0.690
0.720
0.720
0.720
0.720
0.740
0.720
0.740
0.720
0.740
0.690
0.740
0.690
0.740
0.740
0.740
0.740
0.740
0.740
0.790
0.790
0.790
0.740
0.790
0.790
0.790
0.840
0.840
0.840
0.840
0.840
0.890
0.890
0.940
0.990
0.990
1.040
1.040
1.090
1.090
1.090
1.140
1.140
1.190
1.240
1.240
1.240
1.290
1.340
1.340
1.390
1.440
1.440
1.490
1.590
1.640
1.640
1.640
1.640
1.640
1.740
1.840
2.090
2.210
2.310
2.410
2.560
2.690
2.690
2.760
2.910
3.160
3.460
3.760
4.110
4.360
4.390
4.910
7.210
8.360
10.310
12.310
12.210
12.260
12.210
12.210
12.260
12.260
12.310
12.260
12.260
9.960
8.810
8.110
7.210
6.460
5.410
5.010
4.710
4.510
4.590
4.360
4.110
3.860
3.760
3.560
3.410
3.260
3.110
3.010
2.910
2.810
2.710
2.640
2.660
2.510
2.460
2.410
2.310
2.260
2.240
2.190
2.090
2.040
1.990
1.940
1.890
1.890
1.940
1.890
1.840
1.790
1.790
1.790
1.740
1.740
1.690
1.640
1.590
1.640
1.590
1.590
1.590
1.540
1.490
1.440
1.440
1.440
1.390
1.390
1.390
1.390
1.390
1.390
1.340
1.340
1.340
1.340
1.340
1.290
1.340
1.320
1.370
1.320
1.270
1.320
1.320
1.320
1.320
1.270
1.320
1.320
1.270
1.320
1.320
1.270
1.320
1.320
1.320
1.320
-59.431 38.246 -2.416385
