1 180
9.010
1.760
9.010
9.060
9.110
1.760
9.110
9.110
9.160
1.810
8.160
7.610
7.110
1.860
6.360
6.010
2.060
1.910
5.210
5.010
1.960
2.110
4.460
2.510
1.960
3.960
3.860
2.060
3.610
3.510
2.160
3.310
3.260
2.210
3.060
2.310
2.660
2.890
2.360
2.790
2.510
2.690
2.560
2.590
2.540
2.490
2.440
2.440
2.390
2.390
2.340
2.390
2.440
2.540
2.590
2.640
2.710
3.010
3.110
3.210
3.310
3.460
3.610
3.760
3.910
4.110
4.260
4.510
4.760
4.910
5.260
5.610
6.310
6.660
6.860
7.410
8.060
8.910
9.810
10.960
12.610
14.860
19.960
51.060
32.460
32.710
51.060
51.110
51.110
30.260
24.260
19.410
15.960
13.360
11.660
10.160
9.210
8.360
7.660
7.010
6.660
6.710
51.060
5.360
5.060
4.760
4.560
4.360
4.160
3.960
3.810
3.660
3.510
3.360
3.260
3.160
3.060
2.760
2.660
2.560
2.560
2.460
2.360
2.340
2.340
2.440
2.390
2.340
2.290
2.240
2.190
2.190
2.090
2.090
2.090
2.040
1.940
1.940
1.940
1.890
1.840
1.840
1.790
1.840
1.740
1.740
1.740
1.740
1.690
1.690
1.640
1.640
1.690
1.640
1.590
1.590
1.590
1.590
1.590
1.540
1.540
1.540
1.540
1.540
1.570
1.570
1.520
1.520
1.520
1.520
1.520
1.520
1.520
1.520
1.520
1.520
1.470
1.520
1.520
1.520
-398.215 -103.283 2.813795
