1 180
1.320
1.320
1.320
1.320
1.370
1.370
1.320
1.370
1.320
1.370
1.390
1.370
1.420
1.390
1.390
1.420
1.470
1.440
1.440
1.440
1.440
1.490
1.490
1.570
1.490
1.560
1.610
1.610
1.690
1.770
1.790
1.790
1.790
1.840
1.890
1.890
1.940
1.990
2.040
2.090
2.090
2.140
2.190
2.240
2.290
2.290
2.390
2.460
2.460
2.460
2.510
2.540
2.640
2.740
2.760
2.860
3.010
3.110
3.260
3.360
3.510
3.710
3.860
4.110
4.310
4.560
4.810
5.110
5.510
5.810
6.860
7.010
7.710
8.510
10.310
10.860
12.660
15.210
19.110
51.060
51.060
40.560
8.450
8.460
8.510
8.460
8.460
8.510
8.760
7.610
6.710
6.460
5.710
4.910
4.560
4.210
3.910
3.710
3.460
3.210
3.110
2.960
2.810
2.660
2.560
2.460
2.360
2.260
2.190
2.140
2.040
1.990
1.940
1.940
1.990
2.040
1.990
1.940
1.890
1.840
1.790
1.740
1.740
1.690
1.640
1.610
1.610
1.660
1.660
1.690
1.640
1.590
1.590
1.540
1.540
1.540
1.490
1.490
1.440
1.390
1.440
1.390
1.390
1.390
1.390
1.340
1.340
1.320
1.370
1.290
1.290
1.290
1.270
1.320
1.270
1.270
1.270
1.270
1.270
1.270
1.320
1.270
1.270
1.220
1.220
1.220
1.270
1.160
1.110
1.110
1.090
1.120
1.090
1.120
1.120
1.120
1.120
1.120
1.120
1.120
-393.541 -16.257 -0.724385
