1 180
1.760
1.710
1.560
1.460
1.460
1.260
1.310
1.160
1.210
1.560
1.510
1.040
1.110
1.310
1.160
1.210
1.110
1.060
1.110
1.110
1.160
1.160
1.160
1.810
1.810
1.860
1.910
1.910
1.910
2.010
2.010
2.060
2.060
2.110
2.110
2.160
2.210
2.260
2.360
2.360
2.510
2.560
2.560
2.710
2.710
2.810
2.910
2.960
3.060
3.010
3.010
2.910
2.960
2.960
2.910
2.810
2.840
2.840
2.790
2.790
2.910
3.110
3.290
3.310
3.310
3.310
3.310
3.310
3.310
3.260
3.210
3.210
3.210
3.190
3.190
3.190
3.240
3.190
3.210
3.210
3.210
3.260
3.260
3.260
3.260
3.310
3.310
3.310
3.310
3.360
3.410
3.410
3.360
3.390
3.260
3.110
2.960
2.940
2.940
2.990
2.940
3.040
3.040
3.090
3.090
3.140
3.140
3.760
5.810
6.360
51.060
6.160
6.160
8.760
8.860
10.210
10.310
10.410
10.610
10.760
10.960
11.160
11.310
11.510
11.760
12.010
12.260
12.510
12.860
9.310
8.460
8.410
5.710
5.260
4.960
4.660
4.510
4.210
3.960
3.910
3.910
3.960
3.960
4.010
4.010
3.910
3.810
3.810
3.810
51.060
1.990
1.940
1.940
1.840
1.840
1.790
1.790
1.790
1.790
1.840
1.840
1.890
1.890
1.940
1.990
2.040
2.090
2.140
2.290
2.240
2.190
2.190
2.190
2.140
2.090
2.040
2.090
2.040
2.040
1.990
-595.046 -156.082 -2.289385
