1 180
0.760
0.890
0.910
0.960
1.030
0.980
1.030
1.030
1.030
0.980
1.030
1.080
1.080
1.130
1.100
1.050
1.050
1.100
1.000
1.050
1.000
1.100
1.100
1.100
1.150
1.100
1.060
1.150
1.200
1.200
1.080
1.200
1.150
1.150
1.150
1.180
1.200
1.250
1.200
1.230
1.250
1.300
1.350
1.150
1.050
1.150
1.250
1.300
1.250
1.400
1.450
1.500
1.500
1.550
1.600
1.650
1.650
1.700
1.750
1.750
1.850
1.750
1.850
1.900
1.850
1.900
2.050
2.100
2.200
2.300
2.450
2.700
2.750
2.730
2.730
2.730
2.680
2.800
3.150
3.400
7.300
5.550
6.300
7.200
7.200
7.200
7.200
7.200
7.150
7.100
7.000
7.050
7.100
21.450
12.650
15.850
13.550
11.850
11.100
9.450
8.650
7.900
7.400
7.400
7.450
7.500
7.550
7.550
6.600
3.600
3.450
3.250
3.100
3.000
2.900
2.800
2.650
2.600
2.450
2.400
2.350
2.300
2.250
2.200
2.150
2.050
1.950
1.950
1.900
1.850
1.800
1.750
1.750
1.700
1.700
1.700
1.650
1.600
1.550
1.550
1.550
1.500
1.500
1.450
1.400
1.450
1.450
1.400
1.350
1.400
1.350
1.350
1.300
1.300
1.250
1.300
1.250
1.250
1.250
1.250
1.200
1.200
1.280
1.200
1.230
1.230
1.230
1.230
1.230
1.180
1.180
1.180
1.180
1.180
1.180
1.180
1.180
1.180
1.180
1.180
-305.394 13.898 1.150795
