1 180
1.510
1.510
1.510
1.560
1.560
1.610
1.610
1.610
1.610
1.610
1.610
1.660
1.610
1.660
1.760
1.760
1.760
1.810
1.760
1.810
1.810
1.860
1.860
1.910
1.910
1.960
1.960
1.810
1.860
1.910
1.860
1.860
1.860
1.990
1.990
2.040
2.040
2.090
2.190
2.190
2.240
2.240
2.390
2.390
2.490
2.540
2.590
2.690
2.710
2.860
3.160
3.310
3.410
3.560
3.610
3.610
3.710
3.860
4.060
4.210
4.460
4.710
5.410
5.760
5.810
6.260
6.460
6.410
6.360
6.360
6.360
6.310
6.310
6.310
6.310
6.310
6.310
6.310
6.260
6.260
6.260
6.310
6.310
6.310
6.310
6.310
6.310
6.360
6.360
6.360
6.360
5.810
5.360
5.060
4.710
4.510
4.510
4.510
4.560
4.610
4.610
4.660
4.660
4.710
4.810
4.810
4.860
4.910
4.910
5.010
5.060
5.110
5.110
5.260
5.260
5.360
5.410
5.510
5.560
5.710
1.890
1.890
1.840
1.840
1.790
1.740
1.740
1.690
1.640
1.640
1.640
1.590
1.540
1.540
1.490
1.490
1.490
1.490
1.490
1.440
1.390
1.440
1.420
1.390
1.420
1.390
1.390
1.420
1.370
1.370
1.370
1.320
1.370
1.320
1.320
1.370
1.270
1.320
1.320
1.320
1.270
1.320
1.320
1.270
1.270
1.270
1.270
1.320
1.270
1.270
1.270
1.270
1.270
1.320
1.270
1.270
1.270
1.270
1.320
1.320
-454.831 -118.605 0.664795
