1 180
1.360
1.360
1.360
1.360
1.360
1.310
1.310
1.360
1.310
1.310
1.360
1.360
1.310
1.310
1.310
1.310
1.360
1.310
1.360
1.310
1.310
1.360
1.360
1.360
1.310
1.360
1.360
1.360
1.410
1.410
1.410
1.360
1.410
1.410
1.410
1.460
1.460
1.460
1.460
1.510
1.510
1.510
1.510
1.530
1.560
1.560
1.610
1.630
1.580
1.630
1.630
1.680
1.730
1.730
1.780
1.780
1.830
1.880
1.880
1.980
1.980
2.030
2.030
2.130
2.130
2.230
2.230
2.280
2.280
2.330
2.230
2.230
2.230
2.180
2.180
2.180
2.130
2.130
2.180
2.180
2.330
2.400
2.550
2.650
2.650
2.900
6.250
6.700
7.100
7.100
7.100
7.050
7.200
7.950
6.300
6.100
6.150
6.150
6.150
23.700
31.100
47.000
47.000
31.200
28.600
23.350
14.900
12.450
10.250
8.950
7.850
3.550
3.500
3.500
3.350
2.750
2.750
2.650
2.550
2.400
2.250
2.100
2.000
2.030
2.030
2.030
2.080
2.130
2.130
2.130
2.130
2.180
2.180
2.230
2.180
2.080
2.080
1.980
1.930
1.930
1.880
1.830
1.780
1.730
1.680
1.680
1.630
1.580
1.580
1.530
1.530
1.530
1.480
1.430
1.430
1.430
1.380
1.380
1.380
1.330
1.330
1.330
1.280
1.280
1.310
1.310
1.260
1.230
1.260
1.260
1.260
1.260
1.260
1.210
1.210
1.210
1.180
1.250
1.200
1.200
-356.184 62.274 3.128795
