1 180
0.960
1.010
0.790
0.790
0.820
0.820
0.820
0.790
0.810
0.760
0.760
0.660
0.640
0.640
0.640
0.640
0.690
0.690
0.640
0.690
0.690
0.690
0.690
0.690
0.740
0.740
0.740
0.740
0.740
0.740
0.790
0.790
0.790
0.840
0.840
0.840
0.840
0.890
0.890
0.890
0.940
0.940
0.940
0.990
0.990
1.040
1.040
1.090
1.140
1.090
1.190
1.190
1.240
1.290
1.340
1.340
1.440
1.490
1.540
1.590
1.640
1.690
1.810
1.910
2.010
2.160
2.410
2.560
2.810
2.910
2.960
3.160
3.510
3.860
4.310
4.910
5.560
6.560
8.060
10.010
17.260
21.310
36.260
51.060
28.310
28.610
30.460
25.860
19.360
17.410
14.560
13.010
11.610
11.560
9.410
9.010
8.560
6.610
6.460
6.510
6.510
6.160
5.910
5.610
5.410
5.160
4.910
4.760
4.560
4.410
4.260
4.110
3.960
3.860
3.710
3.660
3.560
3.510
3.410
3.410
3.460
3.660
51.060
3.210
3.160
3.060
3.060
3.010
2.960
2.910
2.860
2.810
2.910
2.760
2.560
2.490
2.440
2.440
2.390
2.340
2.340
2.290
2.240
2.240
2.240
2.190
2.190
2.140
2.140
2.140
2.140
2.090
2.090
2.090
2.090
2.090
2.040
2.040
1.990
2.020
2.040
2.040
2.040
1.940
1.960
1.990
1.960
1.960
1.990
1.940
1.970
1.970
2.000
2.000
1.950
1.970
1.940
1.940
1.960
1.960
-553.535 -291.948 -0.188205
