1 180
1.570
1.520
1.520
1.520
1.520
1.570
1.520
1.520
1.520
1.570
1.520
1.520
1.520
1.570
1.570
1.540
1.570
1.540
1.570
1.570
1.620
1.590
1.570
1.570
1.620
1.590
1.670
1.670
1.620
1.670
1.640
1.690
1.670
1.720
1.720
1.740
1.770
1.790
1.790
1.790
1.840
1.840
1.840
1.890
1.890
1.890
1.990
1.990
2.040
2.040
2.090
2.190
2.210
2.260
2.410
2.510
2.560
2.610
2.710
2.660
2.760
2.810
2.910
2.960
3.060
3.160
3.110
3.110
3.160
3.260
3.360
3.460
3.610
3.760
3.910
4.110
4.310
4.460
3.160
2.960
2.760
2.710
2.810
6.310
7.560
7.510
7.960
8.710
9.610
10.810
12.260
14.010
17.010
20.410
29.610
35.310
51.060
51.060
47.860
51.060
26.860
51.060
13.510
12.110
9.760
8.560
7.660
6.910
6.260
5.810
5.360
5.010
4.610
4.360
4.110
3.860
3.660
3.660
3.610
3.460
3.310
3.210
3.110
2.710
2.610
2.510
2.460
2.360
2.340
2.290
2.190
2.140
2.090
1.990
1.990
1.940
1.940
1.840
1.790
1.790
1.740
1.690
1.640
1.640
1.640
1.590
1.590
1.540
1.540
1.490
1.490
1.440
1.440
1.440
1.440
1.390
1.390
1.390
1.390
1.340
1.290
1.340
1.290
1.290
1.290
1.240
1.240
1.240
1.240
1.270
1.220
1.270
1.190
1.240
1.220
1.220
1.270
1.220
1.170
1.170
-475.912 -128.914 -2.591385
