1 180
0.810
0.810
0.810
0.810
0.810
0.810
0.810
0.810
0.830
0.860
0.830
0.830
0.830
0.830
0.830
0.830
0.880
0.830
0.830
0.830
0.830
0.880
0.880
0.930
0.930
0.880
0.930
0.930
0.930
0.930
0.980
0.980
0.980
0.980
0.980
0.980
1.030
1.030
1.030
1.080
1.080
1.080
1.080
1.180
1.180
1.180
1.230
1.230
1.230
1.330
1.330
1.380
1.380
1.430
1.480
1.530
1.580
1.580
1.680
1.730
1.780
1.830
1.930
1.980
2.080
2.130
2.230
2.300
2.400
2.550
2.650
2.850
3.000
3.200
3.500
3.750
4.050
4.450
4.850
5.450
5.650
51.050
14.250
14.200
24.200
24.150
24.200
43.400
51.050
51.050
24.050
15.950
12.700
10.200
9.700
9.150
7.000
51.100
51.050
5.650
5.450
4.300
4.180
4.230
4.100
3.950
3.700
3.550
3.300
3.200
3.050
2.950
2.800
2.700
2.600
2.450
2.400
2.350
2.300
2.200
2.150
1.780
1.730
1.730
1.680
1.580
1.580
1.580
1.580
1.580
1.580
1.630
1.680
1.630
1.580
1.530
1.530
1.530
1.530
1.480
1.430
1.430
1.380
1.380
1.380
1.380
1.330
1.330
1.330
1.280
1.280
1.280
1.280
1.230
1.280
1.230
1.230
1.230
1.230
1.180
1.230
1.180
1.180
1.230
1.180
1.180
1.180
1.130
1.130
1.130
1.180
1.180
1.130
1.130
1.130
1.130
1.130
1.130
1.130
1.130
-121.221 9.260 -2.493385
