1 180
0.870
0.920
0.870
0.920
0.920
0.920
0.920
0.920
0.920
0.890
0.890
0.890
0.890
0.890
0.890
0.890
0.940
0.890
0.940
0.940
0.940
0.940
0.940
0.940
0.990
0.990
0.990
2.860
2.810
2.410
2.360
2.260
2.210
2.210
2.110
2.110
2.060
2.010
1.960
1.960
1.960
1.860
1.910
1.860
1.810
1.810
1.810
1.760
1.760
1.710
1.690
1.640
1.690
1.640
1.640
1.740
1.790
1.790
1.840
2.260
2.360
2.460
2.610
2.660
2.810
2.740
2.740
2.740
2.860
2.960
3.210
3.410
3.610
3.910
4.260
4.610
5.010
5.560
6.210
7.060
8.160
9.610
11.860
15.210
17.910
17.860
17.960
17.960
17.960
18.510
12.910
12.860
10.010
7.510
7.010
7.010
6.310
5.810
4.460
4.340
4.340
4.260
4.060
3.760
3.560
3.360
3.210
3.060
2.910
2.890
2.940
2.940
3.010
2.810
2.660
1.890
1.840
1.740
1.740
1.690
1.640
1.690
1.740
1.740
1.740
1.740
1.740
1.740
1.790
1.740
1.740
1.740
1.690
1.640
1.590
1.590
1.540
1.540
1.540
1.490
1.490
1.440
1.440
1.440
1.390
1.390
1.390
1.390
1.340
1.340
1.340
1.340
1.290
1.290
1.240
1.140
1.140
1.140
1.090
1.140
1.140
1.140
1.090
1.140
1.090
1.090
1.090
1.090
1.040
1.090
1.040
1.090
1.090
1.090
1.090
1.040
1.040
1.090
1.090
1.040
-77.871 23.905 -0.052205
