1 180
1.320
1.320
1.320
1.370
1.320
1.320
1.320
1.290
1.290
1.340
1.290
1.340
1.520
1.470
1.470
1.520
1.520
1.490
1.520
1.520
1.520
1.540
1.540
1.540
1.590
1.590
1.620
1.620
1.640
1.640
1.670
1.690
1.690
1.690
1.740
1.740
1.790
1.790
1.840
1.890
1.840
1.940
1.940
1.940
2.040
2.040
2.090
2.090
2.190
2.240
2.240
2.290
2.390
2.440
2.490
2.490
2.590
2.640
2.790
2.840
2.910
2.960
3.060
3.210
3.310
3.460
3.560
3.710
3.960
4.160
4.310
4.660
4.710
4.960
5.260
5.610
5.960
5.960
5.910
6.010
8.760
9.310
10.360
11.810
14.360
17.510
51.060
34.010
36.010
37.510
51.060
51.060
21.310
14.910
11.460
9.410
9.410
9.460
9.460
9.510
9.510
9.560
9.560
9.660
6.060
5.710
5.710
5.760
5.760
5.810
5.410
5.060
5.360
4.610
4.510
4.260
4.310
4.060
3.960
3.860
3.760
3.660
3.460
3.360
3.260
3.160
7.060
3.060
2.960
7.410
2.860
6.510
2.760
3.060
2.760
2.760
2.610
12.560
2.460
13.910
2.410
9.060
2.360
2.510
14.810
2.210
51.060
51.060
2.160
8.760
8.960
2.060
8.610
9.960
2.010
10.010
9.910
2.010
2.010
9.710
9.660
1.910
9.510
9.460
2.060
1.910
9.360
9.310
1.860
1.460
1.470
1.420
1.490
1.470
1.470
1.470
1.470
1.420
1.470
1.470
-557.362 -428.581 -2.300385
