1 180
0.620
0.670
0.670
0.670
0.670
0.640
0.670
0.640
0.640
0.690
0.690
0.770
0.740
0.740
0.740
0.740
0.740
0.740
0.740
0.740
0.790
0.740
0.790
0.740
0.790
0.790
0.790
0.790
0.790
0.840
0.840
0.840
0.840
0.840
0.890
0.890
0.890
0.940
0.890
0.940
0.940
0.940
0.990
0.990
0.990
1.040
1.040
1.090
1.090
1.140
1.140
1.190
1.190
1.190
1.190
1.240
1.190
1.240
1.240
1.290
1.290
1.340
1.390
1.490
1.590
1.590
1.640
1.740
1.790
1.890
1.960
2.060
2.190
2.360
2.460
2.710
5.060
5.060
5.060
5.010
4.960
4.960
4.960
4.960
4.960
4.960
4.960
4.940
4.910
4.960
4.940
4.910
4.910
4.910
4.910
4.910
4.960
4.960
4.960
5.010
4.610
4.410
4.460
4.460
4.510
3.210
2.960
2.860
2.760
2.710
2.760
2.710
2.760
2.810
2.810
2.810
2.860
2.860
2.760
2.710
2.660
2.060
1.560
1.510
1.510
1.460
1.410
1.440
1.390
1.440
1.410
1.460
1.460
1.510
1.560
1.560
1.610
1.660
1.660
1.710
1.740
1.690
1.690
1.640
1.640
1.590
1.590
1.640
1.540
1.540
1.540
1.490
1.490
1.490
1.490
1.440
1.440
1.440
1.440
1.390
1.440
1.420
1.390
1.390
1.390
1.390
1.340
1.410
1.610
1.710
1.960
2.160
2.460
2.860
3.190
4.140
5.240
6.860
7.060
14.960
-332.351 5.387 2.144795
