1 180
1.560
1.590
1.540
1.590
1.540
1.590
1.560
1.560
1.560
1.560
1.610
1.560
1.610
1.610
1.660
1.660
1.660
1.660
1.660
1.710
1.710
1.660
1.710
1.760
1.660
1.660
1.660
1.660
1.710
1.690
1.720
1.720
1.740
1.690
1.740
1.740
1.790
1.790
1.840
1.840
1.890
1.890
1.890
1.940
1.990
1.990
2.040
2.090
2.090
2.140
2.190
2.240
2.290
2.340
2.390
2.490
2.490
2.540
2.640
2.740
2.740
2.890
2.910
3.010
3.110
3.210
3.260
3.260
3.410
3.510
3.660
4.660
4.860
5.110
5.410
5.610
6.010
6.360
6.760
7.260
7.810
8.460
8.810
8.760
9.060
11.360
11.710
10.860
11.110
11.160
28.910
43.760
51.060
51.060
44.010
21.210
21.210
51.060
13.010
12.360
9.560
8.510
7.610
6.860
6.310
5.860
5.410
5.010
4.710
4.410
4.160
3.960
3.710
3.560
3.410
3.260
3.110
3.010
2.860
2.760
2.710
2.560
2.540
2.440
2.440
2.340
2.240
2.240
2.190
2.090
2.040
1.990
1.940
1.890
1.890
1.840
1.840
1.760
1.760
1.710
1.710
1.760
1.760
1.760
1.710
1.710
1.710
1.660
1.660
1.610
1.610
1.610
1.560
1.610
1.560
1.560
1.560
1.510
1.510
1.510
1.510
1.460
1.460
1.460
1.410
1.410
1.360
1.360
1.410
1.410
1.410
1.360
1.360
1.360
1.310
1.310
1.310
1.310
1.340
1.210
-496.023 -146.166 -2.480385
