1 180
1.270
1.220
1.060
0.910
0.740
0.790
0.770
0.770
0.770
0.740
0.770
0.790
0.790
0.790
0.790
0.790
0.790
0.790
0.790
0.840
0.790
0.790
0.840
0.840
0.840
0.840
0.840
0.840
0.840
0.890
0.890
0.890
0.940
0.940
0.990
0.990
0.990
0.960
1.010
1.060
1.010
1.010
1.110
1.060
1.110
1.160
1.110
1.210
2.540
2.590
2.690
2.740
2.840
2.890
2.990
3.060
3.110
3.210
3.310
3.410
3.560
3.660
3.760
3.960
4.110
4.360
4.510
3.010
2.960
2.960
3.010
3.210
5.210
5.210
5.210
5.510
3.910
3.860
3.810
3.910
3.760
3.810
3.810
15.760
23.960
29.260
29.260
45.160
45.110
29.210
22.560
51.060
14.160
11.510
9.710
9.660
7.860
7.010
6.410
5.860
5.560
5.510
5.160
4.460
4.160
3.910
3.810
3.610
1.810
1.790
1.790
1.790
1.810
3.160
2.060
1.810
1.760
1.760
1.760
2.010
2.190
2.190
2.140
2.040
1.990
1.990
1.510
1.360
1.160
1.110
1.090
1.060
1.110
1.110
1.110
1.060
1.060
1.010
1.010
0.990
0.990
0.990
0.940
0.940
0.940
0.940
0.890
0.940
0.890
0.890
0.890
0.840
0.890
0.840
0.840
0.840
0.840
0.840
0.840
0.790
0.790
0.790
0.840
0.790
0.820
0.820
0.790
0.820
0.770
0.790
0.770
0.790
0.810
1.010
1.220
1.270
1.270
1.270
1.220
1.220
-357.953 61.924 -2.868385
