1 180
0.940
0.990
0.990
1.040
1.040
1.040
1.040
1.090
1.090
1.190
1.190
1.190
1.240
1.240
1.290
1.340
1.340
1.390
1.440
1.490
1.540
1.590
1.640
1.740
1.740
1.840
1.890
1.960
2.060
2.160
2.260
2.410
2.560
2.710
2.910
3.060
3.310
3.560
3.960
4.360
4.760
5.360
6.160
6.410
6.410
6.860
8.410
8.460
10.160
10.010
9.560
7.960
7.760
7.710
7.710
7.910
8.110
8.260
8.410
8.260
8.160
8.110
8.010
7.910
7.810
7.160
7.260
6.060
5.760
5.460
5.210
5.010
4.760
4.610
4.410
4.260
4.210
4.260
4.060
3.960
3.810
3.760
3.610
3.510
3.260
3.210
3.140
3.040
2.940
2.940
2.890
2.790
2.740
2.690
2.690
2.590
2.590
2.490
2.490
2.440
2.390
2.340
2.340
2.340
2.290
2.290
2.240
2.190
2.190
2.190
2.140
2.140
2.090
2.090
2.040
2.040
2.040
2.040
1.990
1.990
1.990
1.990
1.940
1.940
1.940
1.940
1.890
1.890
1.890
1.890
1.890
1.890
1.840
1.840
1.890
1.840
1.890
1.890
1.890
1.840
1.840
1.840
1.840
1.840
1.890
1.870
1.870
1.840
1.790
1.840
1.740
1.740
1.740
1.740
1.710
1.710
1.660
1.660
1.710
1.610
1.610
1.610
1.560
1.610
1.560
1.560
1.560
1.560
1.510
1.560
1.510
1.510
1.510
1.510
1.510
1.510
1.510
1.490
1.490
1.490
-330.833 44.965 2.372795
