1 180
0.980
0.980
1.030
1.030
1.030
1.030
1.030
1.030
1.030
1.030
1.000
1.000
1.030
1.000
1.050
1.050
1.050
1.050
1.050
1.050
1.100
1.100
1.100
1.150
1.100
1.100
1.150
1.150
1.150
1.150
1.200
1.200
1.200
1.250
1.250
1.300
1.300
1.300
1.350
1.300
1.350
1.400
1.400
1.450
1.450
1.500
1.500
1.550
1.600
1.650
1.700
1.650
1.750
1.800
1.800
1.900
1.950
2.000
2.050
2.100
2.200
2.250
2.350
2.500
2.520
2.670
2.720
2.920
2.670
2.600
2.600
2.670
3.020
4.070
4.420
4.770
5.170
5.670
6.270
6.970
8.020
9.220
10.770
13.570
16.920
51.070
51.070
51.070
27.120
10.220
5.370
5.320
5.220
5.170
5.370
6.670
5.220
4.520
4.070
3.670
3.470
3.220
3.170
3.150
2.820
2.670
2.500
2.370
2.220
2.200
2.250
2.250
2.300
2.220
2.250
2.250
2.250
2.170
2.150
2.070
2.020
1.970
1.920
1.870
1.820
1.770
1.720
1.720
1.650
1.550
1.450
1.400
1.450
1.400
1.400
1.300
1.350
1.300
1.300
1.250
1.250
1.200
1.200
1.200
1.200
1.200
1.150
1.150
1.100
1.150
1.100
1.100
1.100
1.100
1.100
1.050
1.050
1.050
1.000
1.000
1.000
1.050
1.050
1.000
1.000
1.000
1.000
1.000
1.000
1.000
1.000
1.000
1.000
1.000
0.950
0.950
1.000
1.000
1.000
0.950
-137.784 -28.087 0.509795
