1 180
1.110
1.010
1.010
1.060
1.060
1.010
1.110
1.060
1.360
1.360
1.360
1.510
1.610
1.560
1.560
1.660
1.660
1.660
1.660
1.660
1.710
1.710
1.710
1.760
1.760
1.760
1.810
1.810
1.760
1.710
1.760
1.760
1.740
1.670
1.670
1.670
1.670
1.670
1.670
1.670
1.620
1.620
1.620
1.570
1.540
1.490
1.440
1.440
1.440
1.490
1.410
1.410
1.440
1.340
1.390
1.390
1.340
1.340
1.340
1.340
1.340
1.340
1.340
1.340
1.360
1.360
1.660
11.560
11.160
10.960
9.860
8.910
8.160
7.460
6.910
6.510
6.060
5.660
5.510
5.510
5.310
4.510
4.360
4.110
3.960
3.810
3.660
3.510
3.360
3.310
3.210
3.060
2.990
2.890
2.840
2.740
2.690
2.640
2.590
2.440
2.440
2.390
2.340
2.290
2.240
2.190
2.140
2.190
2.190
2.240
2.290
2.340
2.390
2.440
2.510
2.560
2.610
2.660
2.760
2.810
2.910
2.960
3.060
3.210
3.310
3.410
3.510
3.660
3.860
3.960
4.160
4.360
4.310
2.460
2.060
2.060
2.060
2.010
6.960
6.960
7.560
8.210
2.160
7.660
2.260
8.110
2.260
2.110
2.060
1.960
1.960
1.950
1.990
2.010
2.060
2.110
2.060
2.110
2.410
2.460
1.960
2.010
1.960
2.360
4.110
10.660
2.310
3.510
3.560
3.660
4.210
4.360
4.360
4.360
3.910
3.760
3.760
5.310
4.910
3.310
-303.670 19.164 1.784795
