1 180
2.020
2.020
2.070
2.020
2.070
2.070
2.070
2.070
2.070
2.070
2.070
2.090
2.120
2.090
2.090
2.090
2.140
2.140
2.140
2.190
2.190
2.190
2.240
2.240
2.290
2.290
2.340
2.340
2.340
2.390
2.440
2.440
51.110
51.110
7.210
7.060
6.910
6.810
6.660
6.510
6.410
6.310
6.160
6.060
6.010
5.910
5.810
5.760
5.610
5.560
5.460
5.410
5.360
5.310
5.260
5.160
5.110
5.110
5.010
4.960
4.910
3.210
3.110
2.960
2.860
2.910
2.910
2.910
4.660
4.660
4.610
4.610
4.560
4.560
4.560
4.510
4.510
4.460
4.460
4.490
4.490
4.490
4.490
4.440
4.490
4.440
4.440
4.440
4.440
4.440
4.490
4.490
4.490
4.490
4.460
4.460
4.510
4.510
4.510
4.560
4.560
4.610
4.610
4.610
4.610
4.660
4.660
4.760
4.760
4.810
4.860
4.860
4.910
4.960
5.010
5.010
5.110
1.540
1.540
1.490
1.440
1.440
1.390
1.340
1.340
1.290
1.290
1.240
1.190
1.190
1.140
1.140
1.090
1.090
1.090
1.090
1.040
1.040
1.040
0.990
0.940
0.940
0.990
0.940
0.940
0.890
0.890
0.940
0.940
0.890
0.890
0.890
0.890
0.840
0.840
0.840
0.870
0.790
0.840
0.840
0.870
0.820
0.870
0.820
0.820
0.820
0.820
0.820
0.820
0.840
0.820
0.870
0.740
0.820
0.820
0.790
0.820
0.820
0.820
0.770
-175.160 -17.420 -2.731385
