1 180
1.170
1.170
1.120
1.070
1.120
1.120
1.120
1.120
1.170
1.120
1.090
1.140
1.220
1.270
1.270
1.270
1.270
1.240
1.290
1.290
1.320
1.290
1.290
1.290
1.340
1.390
1.340
1.390
1.390
1.390
1.440
1.440
1.490
1.440
1.490
1.540
1.590
1.540
1.590
1.640
1.690
1.690
1.640
1.590
1.690
1.740
1.740
1.790
1.840
1.840
1.940
1.990
1.990
2.040
2.190
2.240
2.290
2.390
2.440
2.540
2.640
2.660
2.860
2.910
3.060
3.190
3.190
3.190
3.360
3.510
3.710
3.960
4.860
5.560
5.910
6.160
6.960
7.610
8.660
11.010
11.010
10.860
10.860
10.860
10.860
10.860
10.860
10.860
10.860
10.860
10.910
8.660
7.360
6.660
5.810
5.060
4.060
3.710
3.410
3.210
3.090
3.110
3.110
2.910
2.710
2.610
2.460
2.410
2.310
2.210
2.060
2.040
1.940
1.860
1.840
1.790
1.740
1.690
1.640
1.590
1.540
1.540
1.490
1.440
1.390
1.340
1.340
1.290
1.290
1.290
1.290
1.240
1.240
1.240
1.240
1.190
1.190
1.140
1.140
1.140
1.090
1.090
1.090
1.040
1.040
1.090
1.040
0.990
1.040
0.990
0.990
0.990
0.990
0.940
0.990
0.990
0.940
0.890
0.890
0.890
0.890
0.890
0.890
0.890
0.870
0.870
0.920
0.870
0.870
0.870
0.920
0.920
0.870
0.920
0.890
0.890
0.940
0.890
0.890
0.890
-334.909 2.166 -2.425385
