1 180
0.970
0.970
0.970
0.970
0.970
1.020
1.020
1.020
0.990
0.970
0.990
0.990
0.990
0.990
0.990
0.990
1.040
1.040
0.990
1.040
1.090
1.090
1.090
1.140
1.090
1.090
1.090
1.140
1.140
1.190
1.190
1.240
1.210
1.310
1.310
1.360
1.560
1.510
1.610
1.660
1.660
1.760
1.710
1.810
1.910
1.910
1.960
1.960
1.960
2.010
2.060
2.110
2.160
2.210
2.260
2.260
2.210
2.260
2.260
2.340
2.410
2.560
2.660
2.810
2.960
3.160
3.310
3.510
3.710
4.010
4.260
4.610
4.960
4.910
5.410
6.910
7.760
8.960
10.710
11.010
8.210
8.260
8.260
8.210
8.560
8.360
8.360
20.160
14.760
14.660
14.710
14.710
14.710
11.110
10.910
10.960
10.110
9.460
8.860
8.360
7.910
7.410
7.210
5.710
5.410
5.310
5.210
5.060
4.860
4.660
4.560
4.360
4.210
4.060
3.960
3.860
3.760
3.710
3.560
3.460
3.360
3.310
3.210
3.190
3.090
3.090
2.990
2.990
2.890
2.810
2.760
2.760
2.760
2.790
2.740
2.690
2.690
2.640
2.640
2.590
2.590
2.490
2.490
2.440
2.440
2.390
2.390
2.340
2.390
2.260
2.210
2.160
2.190
2.140
2.140
2.090
2.140
2.140
2.140
2.090
2.090
2.040
2.070
2.040
2.040
2.070
2.070
2.070
2.070
2.070
2.070
2.070
2.020
2.070
2.070
2.020
2.070
2.020
2.070
2.070
-405.136 -101.832 -0.122205
