1 180
2.010
2.010
2.210
2.110
2.110
2.110
2.110
2.260
2.260
2.310
2.410
2.410
2.460
2.510
2.510
2.560
2.710
2.760
2.810
2.860
3.010
3.010
2.940
2.940
2.890
2.890
2.840
2.840
2.790
2.790
2.740
2.740
2.740
2.740
2.690
2.640
2.690
2.640
2.640
2.590
2.590
2.590
2.590
2.760
2.810
2.860
2.860
2.910
2.860
2.910
2.910
2.910
2.910
2.960
2.960
2.960
2.960
2.960
2.960
2.860
2.860
2.860
2.910
2.910
2.860
2.960
2.910
2.960
2.960
3.010
2.960
3.010
3.060
2.960
2.860
2.760
2.790
2.790
2.840
2.890
2.840
2.860
2.890
2.910
2.960
3.010
3.060
3.060
3.110
3.110
3.160
3.210
3.260
3.210
3.160
3.110
3.060
2.990
2.960
2.960
2.910
2.810
2.760
2.740
2.710
2.690
2.640
2.640
2.540
2.540
2.490
2.560
2.610
2.610
2.560
2.610
2.760
2.910
3.010
3.160
4.710
4.860
5.160
5.410
5.660
6.010
6.660
7.010
7.360
7.660
8.260
8.960
9.760
10.710
11.910
13.460
15.610
51.060
24.360
30.310
20.060
20.010
51.110
2.860
2.360
2.260
2.310
2.260
2.090
2.140
2.090
2.140
2.140
2.010
1.910
1.760
1.710
1.310
1.210
1.190
1.190
1.190
1.240
1.210
1.490
1.590
1.610
1.410
1.290
1.240
1.240
1.240
1.290
1.310
2.440
2.490
2.410
2.360
2.260
2.260
-328.268 62.226 2.159795
