1 180
1.290
1.340
1.290
1.290
1.290
1.290
1.290
1.340
1.440
1.440
1.490
1.540
1.590
1.790
1.870
1.870
1.870
1.840
1.920
1.840
1.870
1.890
1.940
1.890
1.940
1.940
1.940
1.990
1.990
1.990
2.040
2.040
2.090
2.090
2.210
2.160
2.210
2.310
2.410
2.510
2.510
2.560
2.610
2.660
2.710
2.760
2.760
2.810
2.960
2.960
3.060
2.960
2.960
2.960
2.960
3.210
3.090
3.140
3.210
3.310
3.410
3.460
3.610
3.660
3.760
3.910
4.060
4.260
4.410
4.560
4.810
4.960
5.210
5.460
5.760
6.060
6.410
6.810
7.260
7.760
8.360
9.110
9.860
10.910
12.160
14.060
15.710
18.310
24.960
32.410
51.060
43.110
51.060
51.060
32.360
32.410
51.060
14.660
12.610
10.110
9.060
9.110
9.110
9.110
5.960
5.560
5.110
4.810
4.460
4.210
3.960
3.760
3.610
3.410
3.260
3.110
3.010
2.860
2.860
2.710
2.760
2.760
2.910
51.060
51.060
51.060
51.060
2.560
2.310
2.510
2.360
51.060
2.210
2.260
2.060
1.960
1.910
1.710
1.690
1.640
1.640
1.590
1.590
1.540
1.540
1.490
1.490
1.440
1.390
1.440
1.440
1.390
1.340
1.340
1.390
1.340
1.340
1.290
1.290
1.290
1.290
1.240
1.270
1.270
1.240
1.270
1.270
1.270
1.270
1.220
1.270
1.220
1.220
1.220
1.220
1.220
1.220
1.220
1.170
1.220
-447.003 -109.847 -2.828385
