1 180
4.710
4.610
4.510
4.410
4.310
4.210
4.110
4.010
3.910
3.810
3.760
3.660
3.610
3.560
3.460
3.440
3.340
3.340
3.240
3.190
3.190
3.140
3.090
3.040
3.040
2.940
2.940
2.940
2.840
2.840
2.790
2.790
2.790
2.740
2.740
2.740
2.690
2.640
2.640
2.640
2.640
2.590
2.590
2.540
2.540
2.540
2.540
2.540
2.540
2.490
2.490
2.490
2.540
2.490
2.470
2.520
2.470
2.470
2.520
2.520
2.470
2.470
2.520
2.470
2.520
2.490
2.490
2.490
2.490
2.490
2.490
2.540
2.540
2.540
2.540
2.540
2.590
2.590
2.590
2.640
2.640
2.690
2.640
2.690
2.690
2.740
2.790
2.790
2.840
2.840
2.890
2.890
2.990
2.990
2.990
3.040
3.090
3.140
3.190
3.240
3.240
3.360
51.060
3.710
3.760
3.810
3.910
3.960
4.110
4.160
4.260
4.310
4.310
4.260
51.060
4.360
4.460
4.610
4.760
4.860
5.060
5.210
5.410
5.560
5.760
5.960
6.210
6.460
6.810
7.060
51.060
8.010
8.210
8.660
9.260
9.760
11.160
11.310
12.260
13.410
14.660
16.460
22.110
22.060
51.060
51.110
51.060
51.060
51.060
51.060
21.860
21.860
11.760
8.460
6.410
6.360
4.460
4.110
3.610
3.210
2.960
2.660
2.460
2.360
2.110
2.160
2.160
2.110
2.110
2.160
2.110
1.910
1.860
1.660
1.610
1.610
1.510
1.460
1.160
1.060
-176.018 -20.401 -2.609385
