1 180
1.540
1.470
1.520
1.520
1.470
1.520
1.470
1.520
1.470
1.470
1.470
1.470
1.470
1.520
1.420
1.470
1.520
1.470
1.470
1.470
1.470
1.470
1.520
1.520
1.470
1.520
1.470
1.520
1.520
1.470
1.520
1.570
1.520
1.570
1.570
1.570
1.570
1.570
1.620
1.620
1.620
1.620
1.620
1.670
1.670
1.720
1.720
1.740
1.690
1.790
1.790
1.790
1.860
1.910
1.960
2.040
2.090
2.090
2.140
2.140
2.190
2.240
2.290
2.340
2.340
2.390
2.440
2.540
2.590
2.640
2.740
2.810
2.760
2.760
2.810
2.910
3.010
3.110
3.210
3.310
3.460
3.610
3.760
3.910
4.110
4.260
4.510
4.710
4.960
5.260
5.610
6.060
6.810
7.260
7.560
8.310
9.110
10.660
11.510
13.310
15.610
19.360
51.060
51.060
8.710
8.670
8.660
8.760
8.760
8.760
9.260
7.760
6.710
6.610
5.260
4.710
4.260
3.960
3.610
3.360
3.110
2.960
2.760
2.610
2.460
2.360
2.210
2.160
2.140
2.090
2.140
2.190
2.140
2.040
1.990
1.940
1.890
1.790
1.760
1.710
1.710
1.760
1.760
1.740
1.690
1.640
1.590
1.590
1.540
1.540
1.490
1.490
1.440
1.440
1.390
1.390
1.390
1.340
1.340
1.290
1.290
1.240
1.240
1.240
1.270
1.220
1.220
1.220
1.170
1.170
1.170
1.170
1.170
1.170
1.120
1.140
1.010
1.010
0.990
0.940
-393.674 -15.888 -1.062385
