1 180
1.720
1.690
1.740
1.740
1.740
1.740
1.710
1.710
1.710
1.760
1.760
1.810
1.810
1.810
1.760
1.810
1.810
1.860
1.860
1.860
1.860
1.910
1.910
1.910
1.910
1.960
2.010
2.010
2.060
2.010
2.010
2.010
1.960
1.960
1.960
1.990
1.990
2.040
2.040
2.090
2.140
2.140
2.190
2.240
2.290
2.290
2.340
2.390
2.440
2.490
2.540
2.590
2.640
2.640
2.740
2.840
2.940
2.990
3.090
3.160
3.260
3.310
3.460
3.610
3.710
3.860
6.910
6.860
6.810
6.810
6.760
6.710
6.660
6.610
6.610
6.560
6.710
7.210
7.810
8.460
9.260
10.160
11.360
12.960
15.060
16.110
16.110
29.710
31.610
31.960
51.060
51.060
29.760
29.760
19.110
15.560
13.010
11.360
9.860
8.760
7.960
7.210
6.610
6.160
5.760
5.360
5.060
4.760
4.510
4.210
4.060
3.860
3.660
3.510
3.360
3.260
3.160
3.010
2.910
2.810
2.710
2.660
2.610
2.540
2.490
2.390
2.340
2.290
2.240
2.190
2.190
2.090
2.090
2.040
1.990
1.940
1.890
1.890
1.840
1.790
1.790
1.740
1.690
1.690
1.690
1.640
1.640
1.640
1.640
1.590
1.590
1.590
1.540
1.540
1.490
1.540
1.490
1.490
1.440
1.470
1.440
1.440
1.390
1.470
1.420
1.420
1.420
1.420
1.420
1.420
1.420
1.420
1.370
1.370
1.370
1.420
1.370
1.370
1.370
1.370
-523.841 -378.664 -1.993385
