1 180
0.870
0.870
0.870
0.870
0.870
0.920
0.870
0.920
0.870
0.920
0.890
0.840
0.870
0.870
0.890
0.890
0.840
0.890
0.920
0.890
0.890
0.940
0.890
0.890
0.940
0.940
0.990
0.940
0.940
0.990
0.990
0.940
0.990
0.990
1.040
1.040
1.040
1.090
1.040
1.090
1.140
1.090
1.140
1.140
1.140
1.190
1.190
1.240
1.290
1.340
1.290
1.340
1.340
1.390
1.390
1.490
1.490
1.540
1.590
1.640
1.690
1.740
1.790
1.840
1.890
1.940
2.040
2.140
2.190
2.240
5.610
5.560
6.310
4.260
4.660
6.210
5.410
5.160
6.060
6.010
6.010
6.010
5.960
6.010
5.960
5.910
5.910
5.910
6.960
9.310
51.060
41.010
27.060
40.960
25.160
19.760
19.010
15.160
13.510
10.610
10.610
9.710
8.810
6.760
6.310
6.060
6.060
6.110
6.160
5.160
6.360
6.510
4.410
4.610
6.460
6.160
4.060
3.560
2.460
2.340
2.240
2.190
2.140
2.090
2.040
1.940
1.890
1.890
1.790
1.790
1.740
1.690
1.690
1.590
1.640
1.590
1.590
1.540
1.540
1.540
1.490
1.490
1.440
1.440
1.440
1.390
1.390
1.390
1.340
1.340
1.290
1.290
1.290
1.290
1.270
1.240
1.240
1.190
1.190
1.190
1.190
1.190
1.190
1.140
1.090
1.160
1.210
1.140
1.120
1.140
1.170
1.120
1.120
1.120
1.120
1.120
1.120
1.120
1.120
1.170
-13.556 31.270 2.763795
