1 180
0.620
0.620
0.620
0.570
0.570
0.590
0.620
0.590
0.590
0.590
0.590
0.590
0.590
0.640
0.590
0.640
0.640
0.590
0.640
0.640
0.640
0.640
0.640
0.690
0.640
0.640
0.690
0.690
0.640
0.690
0.690
0.690
0.690
0.790
0.790
0.740
0.790
0.790
0.790
0.840
0.890
0.840
0.890
0.890
0.890
0.940
0.940
0.990
0.990
0.990
1.040
1.040
1.090
1.140
1.140
1.190
1.190
1.240
1.290
1.340
1.390
1.490
1.540
1.540
2.360
2.360
2.410
2.410
2.460
2.440
2.440
2.440
2.560
3.010
3.510
3.590
3.560
4.110
4.610
5.360
6.260
7.660
9.810
13.210
20.960
51.060
51.060
36.610
23.010
11.410
11.460
11.460
10.960
10.160
7.960
7.960
7.960
7.360
5.210
4.760
3.160
3.110
3.060
3.060
2.990
3.060
3.010
3.110
3.160
3.360
2.910
2.760
2.660
2.640
2.640
2.690
2.690
2.660
2.560
2.510
2.410
2.390
2.340
2.240
2.190
2.140
2.140
2.140
2.040
1.990
1.990
1.940
1.890
1.940
1.840
1.790
1.790
1.740
1.740
1.690
1.690
1.690
1.640
1.640
1.590
1.640
1.590
1.590
1.540
1.540
1.540
1.490
1.490
1.440
1.440
1.440
1.490
1.490
1.440
1.440
1.440
1.390
1.390
1.390
1.390
1.390
1.390
1.390
1.390
1.340
1.340
1.390
1.390
1.340
1.390
1.340
1.390
1.340
1.390
1.390
-83.411 31.228 -2.710385
