1 180
1.930
1.880
1.930
1.880
1.930
1.930
1.930
1.930
1.930
1.980
1.930
1.980
2.030
2.030
2.030
2.030
2.030
2.080
2.080
2.080
2.130
2.130
2.150
2.150
1.800
1.750
1.750
1.700
1.750
1.750
1.750
1.750
1.800
1.850
1.900
1.900
1.950
2.000
2.000
2.050
2.050
2.150
2.150
2.200
2.420
2.520
2.570
2.620
2.670
2.770
2.820
2.920
3.020
3.000
2.950
2.970
3.120
3.270
3.370
3.520
3.670
3.820
3.970
4.220
4.420
4.670
4.920
5.270
5.570
6.020
7.370
7.320
6.620
6.620
6.670
10.720
12.070
13.320
16.420
16.470
51.070
51.070
16.470
16.470
16.470
16.420
15.870
12.320
10.520
8.620
7.570
7.220
5.920
5.470
5.020
4.620
4.270
3.920
3.720
3.520
3.320
3.120
2.970
2.820
2.670
2.620
2.470
2.370
2.300
2.220
2.150
2.050
2.000
2.000
1.950
1.850
1.800
1.750
1.700
1.650
1.600
1.600
1.550
1.500
1.500
1.450
1.450
1.450
1.400
1.350
1.350
1.300
1.300
1.250
1.250
1.250
1.200
1.200
1.200
1.150
1.150
1.150
1.150
1.150
1.100
1.100
1.050
1.130
1.050
1.050
1.050
1.080
1.030
1.080
1.030
1.080
1.080
1.030
1.030
1.000
1.000
1.030
1.030
1.030
1.030
1.030
0.980
0.980
0.980
1.000
0.980
1.030
1.000
0.950
0.980
0.980
1.000
0.980
1.030
0.980
-573.544 -215.751 -0.536385
