1 180
0.870
0.870
0.870
0.870
0.920
0.870
0.870
0.920
0.920
0.920
0.890
0.890
0.890
0.890
0.890
0.890
0.890
0.940
0.890
0.890
0.890
0.940
0.940
0.940
0.940
0.940
0.990
0.990
0.990
1.040
1.040
1.040
1.040
1.040
1.040
1.090
1.140
1.090
1.140
1.140
1.190
1.140
1.190
1.240
1.240
1.240
1.290
1.290
1.340
1.340
1.390
1.440
1.440
1.490
1.540
1.590
1.640
1.640
1.690
1.790
1.790
1.890
1.940
2.040
2.090
2.410
2.560
2.610
2.760
2.860
3.010
2.940
2.940
3.160
3.360
3.540
4.310
4.460
4.460
4.960
5.410
6.110
6.910
7.860
9.110
11.260
14.310
19.360
31.760
37.110
29.210
20.710
20.160
14.360
11.610
9.110
8.760
8.710
6.010
5.910
5.910
5.410
5.010
4.660
3.710
3.360
3.210
3.010
2.990
2.940
3.040
2.960
2.860
2.710
2.610
2.510
2.410
2.360
2.310
2.210
2.140
2.090
2.040
1.990
1.940
1.890
1.840
1.790
1.740
1.690
1.690
1.640
1.640
1.590
1.540
1.540
1.490
1.490
1.390
1.440
1.440
1.390
1.340
1.340
1.340
1.290
1.290
1.240
1.290
1.240
1.240
1.190
1.090
0.990
0.990
0.940
0.990
0.940
0.990
0.940
0.940
0.940
0.940
0.940
0.970
0.890
0.920
0.920
0.920
0.890
0.960
1.040
1.090
1.090
1.090
1.090
1.090
1.090
1.090
1.040
-66.326 35.901 -2.978385
