1 180
9.270
9.270
9.320
9.320
8.220
7.220
6.770
7.620
7.370
7.420
3.600
3.600
3.800
3.770
1.570
1.480
1.450
1.430
1.480
1.450
1.480
1.500
1.500
1.500
1.550
1.550
1.580
1.600
1.600
1.600
1.650
1.650
1.650
1.700
1.700
1.750
1.800
1.800
1.850
1.900
1.900
1.950
2.000
2.000
2.050
2.100
2.150
2.200
2.250
2.350
2.400
2.400
2.500
2.600
2.650
2.750
2.770
2.920
2.970
3.120
3.220
3.370
3.520
3.670
3.870
4.020
4.220
4.470
4.720
5.020
5.420
5.770
6.170
6.520
51.120
51.070
19.120
21.770
25.120
25.120
25.070
25.020
17.970
18.320
44.220
34.220
16.370
10.470
7.820
6.470
4.920
4.920
4.870
4.370
3.920
3.520
2.370
2.170
2.100
2.100
2.150
2.100
2.150
2.020
1.920
1.870
1.800
1.670
1.650
1.600
1.550
1.450
1.400
1.400
1.350
1.300
1.250
1.250
1.200
1.150
1.150
1.100
1.100
1.050
1.050
1.000
1.000
0.950
0.950
0.900
0.900
0.950
0.950
0.950
0.950
1.000
1.000
0.950
0.950
0.950
0.900
0.900
0.950
0.950
0.950
0.900
0.900
0.900
0.850
0.900
0.850
0.850
0.870
0.820
0.820
0.820
0.820
0.820
0.820
0.820
0.800
0.800
0.800
0.800
0.800
0.800
0.750
0.800
0.800
0.800
0.800
0.750
0.800
0.800
0.750
0.800
0.800
0.750
0.800
0.800
-119.453 -3.862 -1.848385
