1 180
1.370
1.370
1.370
1.370
1.370
1.370
1.320
1.370
1.370
1.370
1.370
1.370
1.420
1.420
1.420
1.420
1.420
1.420
1.390
1.390
1.440
1.510
1.510
1.510
1.560
1.610
1.660
1.660
1.660
1.710
1.760
1.760
1.760
1.760
1.810
1.810
1.910
1.910
1.910
1.960
2.010
2.010
2.010
2.060
2.110
2.110
2.160
2.210
2.260
2.260
2.210
2.210
2.360
2.260
2.390
2.340
2.440
2.540
2.640
2.690
2.790
2.810
2.960
3.060
3.110
3.260
3.410
3.560
3.710
3.860
4.060
4.310
4.560
4.810
5.110
5.360
51.060
6.560
6.810
7.360
8.160
8.960
9.910
11.660
13.560
16.710
18.710
24.760
51.060
51.060
51.060
23.960
28.310
24.460
18.960
17.110
14.460
12.510
11.110
9.960
9.110
8.310
7.610
7.110
6.660
6.310
5.860
5.510
5.260
5.010
4.760
4.510
4.360
4.160
4.010
3.860
3.710
3.510
3.460
3.360
3.260
3.160
3.060
2.960
2.910
2.840
2.790
2.710
2.660
2.660
2.710
2.860
2.860
2.760
2.710
2.610
2.510
2.460
2.460
2.410
2.410
2.360
2.260
2.010
2.010
2.010
2.060
2.040
2.040
1.990
1.990
1.990
1.940
1.890
1.890
1.940
1.890
1.890
1.890
1.840
1.840
1.840
1.840
1.790
1.820
1.820
1.820
1.770
1.770
1.770
1.770
1.660
1.610
1.610
1.610
1.640
1.670
1.670
1.620
1.620
-207.077 2.178 2.934795
