1 180
0.520
0.490
0.490
0.520
0.490
0.490
0.490
0.490
0.490
0.490
0.490
0.540
0.490
0.540
0.540
0.490
0.540
0.540
0.540
0.540
0.590
0.540
0.590
0.540
0.590
0.590
0.540
0.590
0.590
0.640
0.590
0.640
0.640
0.640
0.640
0.690
0.690
0.690
0.690
0.690
0.740
0.740
0.740
0.740
0.790
0.790
0.840
0.840
0.840
0.840
0.890
0.940
0.940
0.990
1.040
1.090
1.090
1.140
1.190
1.240
1.290
1.290
1.440
1.440
1.540
1.590
1.690
1.760
1.910
2.010
2.110
2.310
2.460
2.760
3.010
3.360
3.760
4.260
4.910
5.910
7.210
9.460
17.810
17.910
17.960
51.060
30.160
22.310
19.310
11.660
11.610
10.910
10.210
8.060
7.960
7.610
6.960
6.510
5.260
5.260
5.310
5.010
4.760
4.560
4.560
4.410
4.210
4.010
3.860
3.710
3.610
2.860
2.660
2.610
2.640
2.590
2.640
2.640
2.640
2.540
2.540
2.440
2.390
2.290
2.290
2.240
2.190
2.140
2.140
2.090
1.990
1.990
1.990
1.940
1.890
1.890
1.890
1.840
1.790
1.740
1.740
1.740
1.690
1.690
1.690
1.640
1.640
1.640
1.590
1.590
1.590
1.590
1.590
1.590
1.540
1.540
1.540
1.540
1.540
1.520
1.490
1.490
1.490
1.490
1.470
1.520
1.520
1.520
1.470
1.470
1.470
1.470
1.470
1.470
1.520
1.470
1.470
1.520
1.470
1.470
-112.483 19.605 0.310795
