1 180
1.140
1.140
1.140
1.140
1.140
1.190
1.140
1.140
1.190
1.190
1.190
1.190
1.190
1.190
1.190
1.190
1.190
1.170
1.190
1.190
1.190
1.190
1.190
1.190
1.240
1.240
1.240
1.340
1.340
1.340
1.390
1.340
1.390
1.390
1.390
1.440
1.440
1.490
1.490
1.490
1.490
1.490
1.540
1.540
1.590
1.640
1.640
1.690
1.790
1.790
1.840
1.890
1.940
1.990
2.040
2.040
2.040
2.090
2.190
2.290
2.360
2.460
2.560
2.590
2.660
2.740
2.860
3.010
3.160
3.260
3.460
3.610
3.860
4.110
4.360
4.860
5.260
5.360
6.460
6.460
7.010
7.810
7.510
7.510
8.510
8.410
8.510
8.610
10.310
8.310
8.010
8.010
10.310
10.310
10.360
8.360
7.260
6.360
5.710
5.110
4.660
4.310
3.960
3.660
3.410
3.210
3.010
2.810
2.710
2.560
2.410
2.310
2.210
2.160
2.010
2.040
1.940
1.890
1.840
1.790
1.690
1.640
1.590
1.540
1.490
1.540
1.440
1.390
1.390
1.390
1.390
1.390
1.440
1.390
1.390
1.440
1.440
1.440
1.440
1.390
1.340
1.340
1.340
1.340
1.290
1.240
1.240
1.240
1.240
1.190
1.190
1.190
1.190
1.140
1.190
1.140
1.140
1.140
1.090
1.140
1.090
1.090
1.090
1.090
1.040
1.120
1.090
1.120
1.070
1.090
1.070
1.020
1.070
0.970
0.870
0.870
0.840
0.870
0.840
0.870
-61.523 20.864 -1.143385
