1 180
1.670
1.620
1.620
1.620
1.620
1.620
1.620
1.620
1.670
1.670
1.670
1.720
1.670
1.690
1.720
1.770
1.720
1.720
1.690
1.770
1.820
1.790
1.790
1.790
1.790
1.840
1.840
1.840
1.860
1.860
1.810
1.810
1.840
1.890
1.890
1.940
1.940
2.040
2.040
2.090
2.090
2.140
2.190
2.240
2.240
2.290
2.340
2.390
2.390
2.490
2.590
2.640
2.690
2.790
2.840
2.910
2.960
3.110
3.210
3.310
3.410
3.510
3.660
3.810
4.010
4.210
4.360
4.610
4.860
5.510
5.810
5.960
6.160
6.610
7.160
7.760
8.310
9.360
7.860
8.210
8.210
15.960
15.760
20.910
21.010
34.960
22.360
21.860
34.960
11.510
11.160
9.010
7.460
6.610
6.560
5.060
4.560
4.110
3.810
3.510
3.260
3.060
2.860
2.710
2.510
2.410
2.310
2.160
2.060
1.960
1.890
1.840
1.840
1.740
1.640
1.590
1.540
1.490
1.490
1.440
1.390
1.340
1.290
1.290
1.240
1.240
1.190
1.190
1.140
1.140
1.090
1.090
1.090
1.040
1.040
1.040
0.990
0.990
0.940
0.940
0.940
0.940
0.890
0.890
0.890
0.890
0.890
0.890
0.840
0.890
0.840
0.840
0.790
0.840
0.790
0.840
0.790
0.790
0.790
0.740
0.790
0.790
0.790
0.820
0.740
0.790
0.740
0.740
0.770
0.770
0.820
0.770
0.770
0.770
0.770
0.770
0.740
0.770
0.770
0.770
-381.786 -74.519 -1.716385
