1 180
1.670
1.720
1.720
1.720
1.720
1.720
1.720
1.720
1.720
1.740
1.770
1.770
1.770
1.740
1.770
1.740
1.790
1.790
1.790
1.790
1.790
1.840
1.840
1.840
1.890
1.890
1.940
1.940
1.940
2.040
1.990
2.040
2.090
2.090
2.140
2.140
2.140
2.190
2.240
2.290
2.290
2.340
2.390
2.440
2.490
2.540
2.570
2.570
2.590
2.540
2.540
2.540
2.540
2.510
13.010
2.010
1.940
1.890
1.940
1.990
2.060
9.360
8.960
8.460
8.160
7.860
7.510
7.310
7.060
6.810
6.610
6.610
6.510
6.410
6.210
6.010
3.560
3.510
3.410
3.360
3.260
3.210
3.260
3.310
3.410
3.490
3.590
3.610
3.660
3.710
3.810
3.910
3.910
3.910
3.810
3.810
3.710
3.690
3.640
3.640
3.590
3.490
3.490
3.490
3.440
3.390
3.340
3.340
2.460
2.310
2.190
2.240
2.210
2.360
2.510
2.510
2.460
2.460
2.460
1.760
1.740
1.690
1.590
1.590
1.540
1.490
1.490
1.440
1.390
1.390
1.390
1.340
1.290
1.240
1.240
1.240
1.240
1.190
1.190
1.140
1.190
1.090
1.090
1.140
1.040
1.090
1.090
1.040
1.040
1.040
1.040
1.040
0.990
0.990
0.990
0.990
0.940
0.940
0.940
0.940
0.940
0.940
0.940
0.890
0.940
0.920
0.940
0.890
0.940
0.940
0.920
0.920
0.920
0.920
0.970
0.920
0.920
0.920
0.920
0.920
-332.480 49.201 1.837795
