1 180
0.870
0.870
0.870
0.870
0.870
0.870
0.820
0.840
0.840
0.920
0.870
0.840
0.840
0.840
0.890
0.840
0.940
0.840
0.890
0.890
0.890
0.890
0.940
0.940
0.890
0.940
0.940
0.940
0.940
0.940
0.990
0.990
0.990
0.990
1.040
1.060
1.060
1.060
1.090
1.140
1.090
1.090
1.140
1.140
1.140
1.190
1.240
1.240
1.240
1.290
1.290
1.340
1.390
1.390
1.440
1.490
1.540
1.540
1.590
1.640
1.690
1.690
1.790
1.860
1.860
1.860
1.910
1.960
2.110
2.210
2.410
2.560
2.660
2.810
3.010
3.210
3.360
3.610
3.910
4.610
17.410
18.910
5.560
5.760
6.660
8.760
8.760
8.760
8.710
8.710
8.710
8.710
8.710
8.760
8.760
2.190
2.190
2.190
2.190
6.710
5.660
2.210
2.240
2.240
2.240
3.960
3.710
3.510
3.310
3.060
2.910
2.810
2.660
2.560
2.460
2.360
2.260
2.240
2.140
2.010
1.960
1.860
1.710
1.660
1.660
1.610
1.610
1.610
1.610
1.560
1.560
1.510
1.490
1.490
1.390
1.340
1.340
1.340
1.290
1.290
1.290
1.240
1.190
1.240
1.190
1.190
1.190
1.140
1.140
1.110
1.160
1.160
1.090
1.140
1.090
1.040
1.040
1.040
0.990
1.040
0.990
1.020
0.990
0.990
0.990
0.990
0.990
1.020
0.990
0.940
0.970
0.970
0.940
1.020
1.020
0.970
0.940
0.970
0.940
0.940
-139.882 -21.339 2.852795
