1 180
0.790
0.840
0.840
0.840
0.840
0.840
0.890
0.890
0.940
0.940
0.990
0.990
1.040
1.040
1.040
1.090
1.140
1.190
1.190
1.240
1.290
1.340
1.390
1.390
1.440
1.540
1.640
1.690
1.740
1.810
1.910
2.010
2.160
2.260
2.460
2.610
2.810
3.010
3.360
3.710
4.110
4.660
5.260
6.210
6.510
6.610
10.760
10.560
10.410
10.210
9.810
8.110
8.060
7.910
7.810
7.960
8.160
8.360
8.610
8.510
8.410
8.310
8.210
8.160
8.060
7.510
7.260
6.360
6.060
5.760
5.510
5.310
5.060
4.860
4.660
4.460
4.410
4.460
4.310
4.210
4.060
3.910
3.860
3.760
3.460
3.360
3.260
3.290
3.140
3.090
3.040
2.990
2.890
2.890
2.840
2.790
2.690
2.690
2.640
2.590
2.540
2.540
2.490
2.490
2.440
2.440
2.390
2.390
2.340
2.290
2.290
2.240
2.240
2.240
2.190
2.190
2.190
2.140
2.140
2.140
2.090
2.090
2.090
2.090
2.090
2.040
2.040
2.040
2.040
1.990
2.040
2.040
1.990
1.990
1.990
2.040
1.990
1.940
1.990
2.020
1.970
1.990
1.990
1.940
1.940
1.890
1.840
1.760
1.860
1.760
1.760
1.760
1.710
1.760
1.660
1.660
1.660
1.610
1.660
1.610
1.560
1.560
1.560
1.560
1.510
1.510
1.510
1.510
1.460
1.460
1.510
1.460
1.460
1.510
1.460
1.460
1.490
1.490
1.470
1.470
-330.684 44.821 2.372795
