1 180
0.640
0.640
0.640
0.640
0.590
0.640
0.640
0.640
0.640
0.610
0.640
0.610
0.610
0.610
0.660
0.610
0.610
0.610
0.660
0.610
0.660
0.660
0.710
0.660
0.660
0.660
0.710
0.710
0.710
0.710
0.710
0.760
0.760
0.760
0.760
0.810
0.810
0.810
0.810
0.810
0.860
0.810
0.860
0.910
0.910
0.910
0.960
0.960
0.960
1.010
1.010
1.060
1.110
1.110
1.110
1.210
1.210
1.260
1.260
1.360
1.410
1.410
1.510
1.560
1.610
1.660
1.760
1.860
1.960
2.060
2.160
2.310
2.460
2.610
2.810
3.010
3.310
3.560
4.010
4.460
5.010
9.510
11.110
13.760
16.060
26.010
29.860
16.020
16.060
26.010
16.010
12.910
10.460
8.710
8.710
8.660
8.710
7.810
8.760
8.810
5.960
4.910
4.610
4.310
4.190
4.240
4.310
4.310
4.260
4.260
3.710
3.360
3.910
3.510
3.410
3.310
3.160
3.010
2.960
2.610
2.860
2.810
2.660
2.760
2.760
2.710
2.610
2.560
2.510
2.360
2.360
2.310
2.260
2.010
1.860
1.860
1.960
1.910
2.060
2.060
2.010
2.010
2.010
1.960
1.960
1.960
1.910
1.910
1.860
1.810
1.660
1.610
1.610
1.610
1.560
1.610
1.560
1.560
1.560
1.510
1.560
1.510
1.160
1.190
1.190
1.190
1.220
1.220
1.170
1.170
1.170
1.170
1.120
1.170
1.170
1.200
1.200
1.200
1.170
1.170
-24.361 33.386 3.063795
