1 180
0.860
0.860
1.170
1.170
1.170
1.170
1.170
1.170
1.170
1.220
1.170
1.170
1.170
1.190
1.220
1.220
1.220
1.190
1.220
1.190
1.270
1.190
1.190
1.240
1.240
1.260
1.310
1.260
1.310
1.310
1.460
1.510
1.510
1.460
1.560
1.560
1.560
1.610
1.660
1.610
1.610
1.660
1.710
1.660
1.760
1.810
1.810
1.860
1.910
1.960
1.910
1.960
2.010
2.010
2.160
2.160
2.260
2.310
2.360
2.360
2.460
2.510
2.560
2.610
2.710
2.760
2.760
2.710
2.810
2.860
3.060
3.160
3.260
3.460
3.610
3.860
4.060
4.310
4.510
4.860
5.260
5.760
6.560
7.160
7.960
8.860
10.210
11.860
14.310
20.260
27.860
29.760
31.160
51.060
51.060
26.960
18.360
15.160
11.860
10.110
8.810
8.760
8.760
8.810
5.910
5.410
5.010
4.710
4.360
4.110
3.860
3.660
3.460
3.360
3.390
3.390
3.490
3.440
3.440
3.540
3.540
3.590
3.590
3.640
3.690
3.740
3.790
3.760
3.860
3.910
3.960
4.260
6.810
6.260
6.060
5.910
5.860
5.960
6.010
51.060
51.060
51.110
51.060
51.060
51.060
5.460
5.460
5.410
5.460
5.410
5.460
5.660
5.260
5.210
5.510
5.610
6.010
6.260
6.210
6.960
7.210
7.510
9.010
9.210
9.660
9.810
9.760
9.710
9.660
9.660
12.360
12.510
12.660
12.760
15.510
12.260
11.960
11.810
23.910
51.060
-231.994 1.870 -3.029385
