1 180
0.740
0.770
0.770
0.770
0.770
0.820
0.820
0.740
0.790
0.790
0.790
0.790
0.790
0.790
0.790
0.790
0.840
0.840
0.840
0.840
0.840
0.840
0.890
0.890
0.890
0.890
0.890
0.940
0.940
0.890
0.940
0.990
0.990
0.990
1.040
1.040
1.040
1.090
1.140
1.090
1.140
1.140
1.140
1.190
1.240
1.240
1.240
1.290
1.340
1.340
1.440
1.440
1.490
1.540
1.610
1.660
1.960
2.010
2.110
2.160
2.310
2.310
2.460
2.510
2.710
2.710
2.710
2.810
2.890
3.010
3.260
3.610
3.910
4.310
4.810
5.410
6.210
7.310
8.110
8.410
8.910
12.260
12.260
12.260
12.310
12.260
12.310
12.310
12.310
12.360
12.410
8.960
8.710
8.360
8.260
7.710
7.160
6.710
6.410
6.310
5.910
5.460
5.060
4.810
4.610
4.410
4.310
4.110
3.910
3.810
3.660
3.510
3.410
3.310
3.260
3.290
3.290
3.340
3.440
3.440
3.490
3.510
3.590
3.610
3.660
3.710
3.810
3.910
3.910
4.010
4.060
4.160
4.260
4.360
4.460
4.510
4.610
4.760
4.910
4.960
5.160
5.310
5.460
5.610
5.810
6.010
6.210
6.410
6.660
6.910
6.960
6.860
6.810
6.860
6.810
9.110
9.610
7.810
7.860
8.110
12.610
1.710
1.690
1.720
1.720
1.720
1.720
1.720
1.720
1.720
1.720
1.720
1.720
1.720
1.720
1.720
1.670
1.720
1.670
1.720
-410.635 31.085 -2.341385
