1 180
1.170
1.220
1.170
1.170
1.170
1.170
1.170
1.170
1.170
1.220
1.220
1.220
1.220
1.220
1.220
1.220
1.220
1.220
1.220
1.220
1.220
1.240
1.270
1.320
1.320
1.320
1.320
1.320
1.340
1.370
1.370
1.370
1.390
1.420
1.440
1.390
1.470
1.440
1.540
1.540
1.540
1.590
1.590
1.590
1.640
1.690
1.690
1.740
1.790
1.840
1.890
1.890
1.990
1.990
1.990
2.090
2.140
2.190
2.290
2.340
2.390
2.660
2.760
2.910
2.960
3.060
3.210
3.310
3.510
3.560
3.560
3.810
4.010
4.210
4.510
4.810
5.210
5.610
6.060
6.610
7.360
8.210
9.360
9.560
9.560
9.610
8.810
9.060
9.060
29.510
9.210
8.960
8.960
17.860
9.610
9.560
9.560
9.460
8.410
8.010
6.860
6.310
5.860
5.510
5.110
4.760
4.560
4.260
4.060
3.860
3.660
3.510
3.360
3.210
3.110
3.010
2.860
2.760
2.660
2.610
2.540
2.490
2.390
2.390
2.290
2.240
2.190
2.140
2.090
2.040
1.990
1.990
1.940
1.890
1.840
1.840
1.790
1.740
1.740
1.690
1.640
1.640
1.590
1.590
1.590
1.540
1.540
1.490
1.490
1.490
1.440
1.490
1.440
1.390
1.390
1.390
1.390
1.340
1.340
1.390
1.390
1.370
1.370
1.370
1.320
1.370
1.370
1.320
1.320
1.320
1.320
1.320
1.320
1.320
1.270
1.320
1.270
1.320
1.320
1.270
-348.801 63.699 -3.006385
