1 180
1.920
1.920
1.920
1.920
1.920
1.920
1.920
1.920
1.970
1.970
1.970
1.970
1.970
1.970
1.970
1.970
1.990
2.040
1.990
2.040
2.040
2.040
2.090
2.090
2.140
2.140
2.210
2.210
2.260
2.460
2.460
2.510
2.510
2.560
2.610
2.660
2.610
2.710
2.810
2.860
2.860
2.960
3.060
3.060
3.060
2.960
2.960
3.110
3.060
3.140
3.190
3.210
3.360
3.410
3.510
3.610
3.710
3.810
3.960
4.060
4.210
4.410
4.560
4.710
4.960
5.160
5.360
5.660
5.910
51.060
7.260
7.160
7.460
8.010
8.660
9.360
10.160
11.760
12.360
13.910
14.960
18.560
20.710
51.060
41.510
51.110
51.060
48.460
24.210
24.210
20.360
14.310
11.510
9.860
8.610
7.660
6.810
6.210
5.710
5.210
4.810
4.510
4.210
4.010
3.760
3.510
3.360
3.210
3.060
2.960
2.810
2.710
2.560
2.510
2.410
2.340
2.290
2.240
2.190
2.090
2.040
1.940
1.940
1.890
1.840
1.790
1.790
1.740
1.640
1.640
1.640
1.590
1.590
1.490
1.490
1.490
1.490
1.440
1.390
1.390
1.340
1.340
1.340
1.340
1.290
1.290
1.240
1.290
1.290
1.240
1.240
1.240
1.190
1.190
1.190
1.190
1.140
1.190
1.140
1.170
1.140
1.170
1.170
1.120
1.170
1.170
1.120
1.120
1.120
1.120
1.120
1.120
1.120
1.120
1.120
1.070
1.120
1.120
1.120
1.120
-547.521 -417.544 -2.240385
