1 180
1.270
1.320
1.320
1.270
1.320
1.320
1.320
1.320
1.320
1.320
1.320
1.320
1.320
1.370
1.370
1.370
1.340
1.370
1.370
1.390
1.370
1.390
1.390
1.390
1.440
1.440
1.490
1.440
1.490
1.490
1.490
1.590
1.540
1.590
1.590
1.640
1.640
1.690
1.690
1.690
1.740
1.790
1.790
1.790
1.890
1.890
1.940
2.010
2.060
2.260
2.510
2.460
2.710
2.760
2.860
2.910
2.860
2.910
3.110
3.110
3.010
3.010
3.010
3.160
3.210
3.360
3.510
3.610
3.860
4.060
4.260
4.510
4.810
5.110
5.460
5.760
5.810
6.260
7.610
8.460
9.510
10.660
11.760
11.810
51.060
32.460
51.060
47.260
16.260
16.210
27.510
20.860
15.310
15.310
15.360
15.360
11.560
11.610
10.860
9.860
9.160
8.460
7.960
6.160
5.860
5.760
5.510
5.210
4.960
4.710
4.510
4.360
4.160
4.060
3.860
3.760
3.610
3.510
3.410
3.310
3.210
3.110
3.110
3.110
3.010
2.990
2.940
2.840
2.840
2.690
2.690
2.640
2.590
2.540
2.360
2.310
2.290
2.240
2.240
2.190
2.140
2.140
2.140
2.090
2.090
1.990
1.990
1.940
1.940
1.940
1.940
1.890
1.890
1.890
1.840
1.840
1.840
1.840
1.790
1.790
1.790
1.790
1.740
1.740
1.740
1.770
1.740
1.770
1.770
1.690
1.720
1.720
1.770
1.720
1.720
1.720
1.720
1.720
1.720
1.720
-219.886 3.173 -3.096385
