1 180
1.390
8.610
8.610
8.660
8.660
1.360
1.610
8.660
8.660
8.710
1.360
1.410
8.760
8.760
8.810
1.460
1.410
8.860
8.960
8.960
1.510
1.510
9.110
9.210
8.910
1.460
1.860
7.260
51.060
1.560
1.560
7.660
14.110
1.660
1.610
7.510
4.510
1.710
2.010
4.710
1.860
1.760
6.460
4.960
1.910
5.160
2.160
1.960
51.060
2.010
2.210
2.310
2.160
6.260
2.260
9.710
2.360
9.460
2.410
2.560
3.060
2.760
2.810
51.060
2.860
3.060
3.160
3.260
3.410
3.510
3.710
3.860
4.160
4.160
4.140
4.140
4.040
4.040
4.210
4.460
51.060
51.060
51.060
7.460
7.760
8.310
9.560
11.060
13.160
16.460
16.460
26.760
51.060
51.110
25.560
39.110
51.060
16.510
16.510
14.360
12.360
10.910
9.760
8.810
8.060
7.710
7.660
6.910
6.060
5.660
5.360
5.060
4.810
4.560
4.410
4.210
4.010
3.860
3.710
3.560
3.410
3.360
3.260
3.160
3.010
2.910
2.860
1.440
1.390
1.340
1.340
1.340
1.340
1.390
1.490
1.490
1.440
1.490
1.460
2.190
2.140
2.140
2.090
2.040
2.040
1.990
1.940
1.940
1.890
1.890
1.890
1.840
1.790
1.790
1.790
1.790
1.740
1.740
1.740
1.690
1.690
1.690
1.690
1.690
1.670
1.670
1.670
1.670
1.620
1.620
1.670
1.620
1.620
1.620
1.570
1.620
1.570
1.570
1.570
1.620
-499.778 -149.091 -2.449385
