1 180
1.270
1.220
1.220
1.220
1.220
1.220
1.220
1.220
1.220
1.220
1.270
1.270
1.270
1.240
1.320
1.320
1.320
1.240
1.320
1.320
1.320
1.340
1.340
1.370
1.340
1.390
1.470
1.420
1.440
1.490
1.440
1.490
1.490
1.490
1.540
1.540
1.590
1.590
1.640
1.640
1.690
1.690
1.640
1.640
1.640
1.640
1.690
1.740
1.790
1.840
1.890
1.890
1.940
1.990
2.090
2.140
2.190
2.240
2.340
2.440
2.810
2.910
3.060
3.210
3.290
3.710
3.810
4.060
4.190
4.210
4.810
5.160
5.260
5.610
6.060
6.610
7.310
9.210
9.210
9.160
9.060
9.060
9.060
9.060
9.010
9.060
9.060
9.060
9.010
9.060
9.060
9.110
6.860
5.960
5.160
4.910
4.360
3.990
3.710
3.240
3.110
2.960
2.810
2.160
2.060
1.910
1.860
1.810
1.740
1.640
1.590
1.490
1.440
1.440
1.340
1.370
1.390
1.440
1.390
1.440
1.390
1.340
1.290
1.290
1.240
1.240
1.190
1.140
1.140
1.140
1.090
1.090
1.040
1.040
0.990
0.990
0.990
0.990
0.990
0.990
0.940
0.890
0.890
0.890
0.890
0.890
0.840
0.890
0.890
0.840
0.840
0.840
0.840
0.790
0.790
0.820
0.790
0.820
0.790
0.820
0.740
0.770
0.770
0.820
0.820
0.820
0.770
0.770
0.820
0.740
0.770
0.770
0.770
0.770
0.770
0.770
0.770
0.770
0.770
0.770
-336.272 0.980 -2.425385
