1 180
1.270
1.270
1.270
1.270
1.270
1.270
1.320
1.320
1.270
1.270
1.320
1.320
1.320
1.340
1.370
1.370
1.340
1.370
1.340
1.390
1.420
1.440
1.390
1.390
1.440
1.490
1.490
1.490
1.490
1.540
1.590
1.590
1.640
1.640
1.690
1.690
1.740
1.740
1.790
1.840
1.840
1.890
1.940
1.990
2.040
2.090
2.140
2.190
2.240
2.340
2.390
2.490
2.540
2.640
2.690
2.810
2.840
2.790
2.810
2.960
3.110
3.260
3.810
4.010
4.260
4.510
4.810
5.160
5.510
5.960
6.410
7.210
7.760
7.760
7.710
7.710
7.760
51.110
29.460
39.560
51.060
39.710
39.760
30.760
19.210
14.760
12.310
12.310
12.360
12.360
5.960
6.160
8.710
5.810
5.760
8.410
7.810
7.310
6.960
6.610
6.210
6.010
6.010
5.660
5.410
5.010
4.910
4.660
13.410
3.560
3.410
3.360
3.260
3.110
3.110
3.140
3.060
3.010
2.940
2.890
2.890
2.790
2.690
2.690
2.590
2.540
2.490
2.490
2.390
2.390
2.340
2.340
2.290
2.290
2.240
2.190
2.190
2.140
2.140
2.090
2.040
1.990
2.040
1.990
1.990
1.940
1.940
1.940
1.940
1.890
1.890
1.890
1.840
1.840
1.840
1.790
1.790
1.790
1.790
1.790
1.790
1.820
1.820
1.770
1.770
1.820
1.820
1.770
1.820
1.770
1.770
1.770
1.770
1.770
1.770
1.770
1.770
1.770
1.820
1.770
-402.649 -102.137 -0.122205
