1 180
1.470
1.470
1.520
1.520
1.520
1.470
1.520
1.520
1.570
1.570
1.520
1.520
1.520
1.570
1.570
1.570
1.570
1.570
1.570
1.570
1.620
1.620
1.590
1.620
1.620
1.670
1.670
1.670
1.720
1.720
1.690
1.690
1.740
1.740
1.790
1.790
1.840
1.840
1.890
1.890
1.940
1.940
1.990
2.040
2.040
2.090
2.140
2.190
2.190
2.290
2.290
2.290
2.240
2.290
2.340
2.390
2.490
2.490
2.560
2.610
2.960
3.060
3.160
3.260
3.360
3.510
3.610
3.810
3.960
4.110
4.360
4.560
4.860
5.110
5.360
5.710
6.210
6.710
7.060
7.660
7.960
7.960
8.210
11.710
13.510
51.060
20.410
28.660
38.160
51.060
51.060
39.510
23.460
16.960
11.560
11.460
11.460
11.510
11.560
11.610
8.510
7.710
7.710
7.760
7.360
6.910
6.460
6.110
5.910
5.460
5.260
4.960
4.810
4.810
4.410
4.410
4.210
4.060
3.860
3.660
3.560
3.460
2.660
2.610
2.460
2.460
2.440
2.340
2.260
2.290
2.290
2.290
2.290
2.240
2.140
2.140
2.090
2.040
2.040
1.990
1.990
1.940
1.890
1.890
1.890
1.840
1.840
1.840
1.790
1.740
1.740
1.690
1.690
1.740
1.690
1.640
1.640
1.640
1.590
1.640
1.590
1.620
1.590
1.540
1.570
1.570
1.540
1.520
1.520
1.520
1.520
1.570
1.520
1.520
1.520
1.520
1.520
1.520
1.570
1.520
-555.993 -427.048 -2.300385
