1 180
0.870
0.870
0.920
0.870
0.870
0.870
0.870
0.870
0.870
0.890
0.890
0.890
0.940
0.890
0.940
0.890
0.890
0.890
0.940
0.940
0.940
0.940
0.940
0.940
0.990
0.990
0.990
0.990
0.940
0.990
1.040
0.990
1.040
1.040
1.040
1.090
1.040
1.090
1.140
1.190
1.140
1.140
1.190
1.190
1.190
1.240
1.290
1.290
1.290
1.340
1.390
1.390
1.440
1.490
1.540
1.540
1.590
1.640
1.690
1.690
1.740
1.840
1.890
1.990
2.040
2.140
2.190
2.240
2.310
2.410
2.560
2.660
2.810
2.960
3.160
3.360
3.610
3.860
4.110
4.460
4.910
5.410
6.060
6.760
7.710
9.260
10.760
14.110
16.660
35.110
51.060
51.060
29.460
20.610
15.110
12.260
9.260
9.210
6.860
6.510
6.560
5.960
5.460
5.010
3.860
3.710
3.690
3.790
3.560
3.410
3.260
3.110
3.010
2.860
2.660
2.610
2.540
2.410
2.340
2.290
2.240
2.140
2.090
1.990
1.940
1.940
1.840
1.790
1.740
1.740
1.690
1.340
1.340
1.340
1.290
1.240
1.240
1.240
1.190
1.190
1.140
1.240
1.240
1.290
1.290
1.340
1.340
1.390
1.440
1.440
1.540
0.960
0.940
0.890
0.940
0.890
0.940
0.910
1.160
2.610
2.610
2.860
3.010
3.210
3.310
3.510
3.560
3.910
4.160
5.110
5.160
5.510
6.160
1.760
1.690
1.640
1.690
1.790
15.210
17.510
-112.234 15.467 -2.590385
