1 180
1.170
1.220
1.220
1.220
1.220
1.220
1.270
1.220
1.220
1.270
1.220
1.270
1.270
1.270
1.270
1.270
1.270
1.240
1.320
1.270
1.320
1.290
1.340
1.370
1.370
1.370
1.370
1.370
1.420
1.390
1.390
1.440
1.440
1.440
1.470
1.490
1.490
1.540
1.540
1.590
1.590
1.590
1.640
1.690
1.740
1.690
1.740
1.790
1.840
1.890
1.940
1.940
1.990
2.090
2.140
2.190
2.240
2.290
2.310
2.460
2.760
2.860
2.960
3.060
3.210
3.310
3.310
3.460
3.510
3.660
3.710
3.860
4.110
4.410
4.660
4.960
5.310
51.060
7.060
7.010
7.510
8.360
9.510
10.910
12.910
16.110
23.460
27.460
38.110
31.860
38.360
38.010
23.560
19.810
14.060
11.560
9.910
8.710
7.760
7.010
6.560
6.460
5.360
5.010
4.710
4.360
4.160
3.910
3.710
3.510
3.360
3.210
3.060
2.960
2.860
2.710
2.660
2.560
2.560
2.660
2.610
2.560
2.560
2.460
2.410
2.260
2.210
2.210
2.160
2.060
2.060
2.010
1.960
1.910
1.860
1.860
1.860
1.860
1.810
1.760
1.710
1.710
1.710
1.610
1.610
1.610
1.610
1.610
1.560
1.410
1.410
1.360
1.360
1.360
1.340
1.290
1.290
1.290
1.240
1.240
1.190
1.240
1.240
1.270
1.220
1.220
1.220
1.220
1.220
1.220
1.220
1.170
1.220
1.220
1.170
1.220
1.170
1.220
1.220
1.220
-562.965 -142.330 -2.884385
