1 180
1.270
1.270
1.270
1.320
1.320
1.270
1.320
1.270
1.320
1.320
1.320
1.320
1.320
1.320
1.370
1.370
1.320
1.340
1.370
1.370
1.370
1.420
1.390
1.420
1.440
1.440
1.470
1.470
1.470
1.440
1.490
1.390
1.440
1.490
1.490
1.490
1.540
1.490
1.590
1.590
1.640
1.690
1.690
1.690
1.740
1.790
1.790
1.840
1.890
1.890
1.940
2.040
2.040
2.140
2.140
2.240
2.290
2.340
2.440
2.490
2.590
2.690
2.760
2.840
3.060
5.110
5.010
5.010
4.960
4.960
4.910
3.860
3.810
4.060
4.060
4.060
4.160
4.310
4.760
4.760
4.710
4.710
4.710
4.710
4.690
4.690
4.690
4.690
4.690
4.740
4.690
4.740
4.710
4.710
4.710
4.310
4.110
4.160
4.260
4.160
4.110
4.160
4.510
4.810
4.860
2.660
2.560
2.410
2.260
2.160
2.110
2.010
1.960
1.890
1.840
1.740
1.690
1.640
1.540
1.540
1.490
1.440
1.390
1.340
1.340
1.290
1.290
1.240
1.240
1.190
1.140
1.140
1.090
1.090
1.090
1.040
0.990
1.040
1.040
0.990
0.990
0.940
0.940
0.940
0.890
0.940
0.940
0.890
0.890
0.890
0.890
0.840
0.840
0.840
0.790
0.840
0.790
0.790
0.840
0.820
0.790
0.840
0.790
0.820
0.820
0.820
0.820
0.820
0.820
0.820
0.770
0.770
0.770
0.820
0.770
0.770
0.820
0.770
0.770
0.770
-333.711 -19.067 -1.212385
