1 180
1.620
1.670
1.670
1.670
1.670
1.670
1.670
1.670
1.670
1.720
1.670
1.720
1.720
1.720
1.720
1.770
1.740
1.720
1.770
1.770
1.820
1.790
1.790
1.790
1.840
1.840
1.840
1.920
1.890
1.940
1.940
1.940
1.990
1.990
1.990
2.040
2.090
2.090
2.140
2.190
2.190
2.240
2.290
2.290
2.390
2.390
2.490
2.540
2.540
2.640
2.690
2.740
2.790
2.940
2.990
3.040
3.110
3.160
3.260
3.360
3.510
3.610
3.760
3.910
4.060
4.160
4.410
4.560
4.760
5.010
5.310
5.610
5.910
6.310
6.710
7.110
8.210
9.060
9.110
10.110
11.310
12.660
14.460
17.810
21.460
27.510
27.560
43.060
51.060
51.060
41.110
51.060
22.710
16.210
13.310
11.310
9.960
8.810
7.960
7.210
6.910
6.910
5.710
5.310
5.010
4.710
4.460
4.210
4.060
3.860
3.960
3.760
51.060
51.060
51.060
51.060
3.410
2.810
2.710
2.610
2.560
2.490
2.440
2.390
2.290
2.240
2.190
2.140
2.090
2.090
2.040
1.990
1.940
1.940
1.840
1.840
1.790
1.740
1.740
1.740
1.690
1.640
1.640
1.640
1.640
1.590
1.540
1.540
1.540
1.540
1.490
1.490
1.490
1.440
1.440
1.440
1.440
1.390
1.390
1.390
1.440
1.420
1.420
1.420
1.420
1.370
1.420
1.370
1.370
1.360
1.310
1.310
1.310
1.340
1.360
1.440
1.390
1.390
1.390
1.390
-519.883 -368.024 -1.879385
