1 180
1.030
1.030
1.080
1.030
1.030
1.080
1.030
1.080
1.080
1.050
1.080
1.050
1.050
1.080
1.080
1.100
1.100
1.050
1.100
1.050
1.100
1.100
1.100
1.100
1.100
1.150
1.150
1.150
1.150
1.150
1.150
1.150
1.250
1.250
1.250
1.250
1.300
1.300
1.350
1.400
1.350
1.400
1.350
1.400
1.500
1.450
1.500
1.550
1.550
1.600
1.650
1.700
1.750
1.800
1.800
1.850
1.900
1.950
2.220
2.270
2.370
2.420
2.520
2.620
2.720
2.820
2.750
2.800
2.920
3.050
3.170
3.720
3.970
4.120
4.100
4.220
4.570
4.970
5.420
5.820
6.520
7.270
8.220
9.470
11.270
14.070
21.270
39.920
41.270
51.070
39.970
19.920
13.970
11.270
8.570
8.470
7.720
5.570
5.570
5.570
5.620
5.620
5.670
3.170
2.970
2.820
2.650
2.600
2.650
2.650
2.700
2.650
2.650
2.570
2.470
2.420
2.370
2.270
2.220
2.170
2.070
1.750
1.750
1.700
1.650
1.600
1.600
1.550
1.550
1.500
1.450
1.400
1.400
1.400
1.350
1.300
1.300
1.250
1.300
1.250
1.200
1.200
1.200
1.150
1.150
1.150
1.150
1.100
1.100
1.100
1.100
1.050
1.100
1.050
1.050
1.050
1.050
1.000
1.000
1.000
1.000
1.000
1.000
1.000
0.950
0.950
1.000
0.950
0.950
0.850
0.800
0.750
0.750
0.780
0.780
0.830
0.780
0.830
0.780
0.780
-120.375 35.997 -2.594385
