1 180
1.020
1.020
1.020
1.020
1.020
0.990
1.020
1.020
1.040
1.020
0.990
0.990
1.040
1.090
1.090
1.090
1.090
1.090
1.090
1.090
1.140
1.140
1.140
1.190
1.140
1.190
1.190
1.240
1.240
1.240
1.240
1.240
1.240
1.240
1.290
1.240
1.340
1.340
1.340
1.440
1.440
1.440
1.490
1.540
1.590
1.590
1.590
1.690
1.690
1.690
1.740
1.790
1.840
1.890
1.940
2.040
2.090
2.190
2.240
2.290
2.390
2.490
2.610
2.710
2.860
2.890
3.040
5.260
5.260
5.260
5.210
5.160
5.160
5.160
5.160
5.710
6.110
6.710
7.810
8.760
10.760
12.460
12.860
13.860
13.910
15.710
13.710
13.510
15.710
15.760
12.060
9.960
8.560
7.460
6.560
6.510
5.410
4.960
4.560
4.260
3.960
3.710
3.510
3.260
3.110
2.960
2.810
2.740
2.740
2.740
2.740
2.710
2.660
2.510
2.490
2.390
2.340
2.290
1.840
1.790
1.740
1.740
1.640
1.640
1.590
1.540
1.490
1.490
1.440
1.440
1.390
1.390
1.340
1.340
1.290
1.290
1.290
1.240
1.240
1.190
1.190
1.190
1.140
1.140
1.140
1.140
1.090
1.090
1.090
1.040
1.040
1.040
1.040
1.040
1.040
1.040
0.990
1.040
0.990
0.990
0.990
1.020
0.990
0.990
1.020
0.970
1.020
1.020
1.020
0.940
0.970
0.970
1.020
0.970
1.020
1.020
0.970
0.970
0.970
0.970
-64.121 25.596 -1.010385
