1 180
1.770
1.820
1.840
1.870
1.890
1.890
1.940
1.890
1.890
1.840
1.840
1.790
1.790
1.740
1.740
1.740
1.690
1.640
1.640
1.640
1.590
1.590
1.540
1.590
1.540
1.490
1.540
1.490
1.490
1.490
1.440
1.440
1.440
1.440
1.390
1.440
1.390
1.390
1.390
1.390
1.390
1.390
1.340
1.390
1.390
1.340
1.390
1.370
1.420
1.400
1.420
1.390
1.390
1.390
1.390
1.390
1.340
1.390
1.390
1.390
1.390
1.390
1.390
1.390
1.390
1.390
1.390
1.440
1.440
1.490
1.440
1.440
1.440
1.490
1.490
1.520
1.590
1.690
1.590
1.570
1.590
1.620
1.590
1.670
1.720
1.720
1.690
1.690
1.740
1.740
1.790
1.790
1.840
1.890
1.940
4.910
4.860
4.760
4.710
4.610
4.560
4.460
4.410
4.310
4.260
4.210
4.160
4.110
4.060
4.010
3.960
3.910
3.860
3.860
3.810
3.760
3.710
3.710
3.710
3.660
3.610
3.610
3.610
3.560
3.510
3.510
3.510
3.510
3.460
3.490
3.460
3.440
3.440
3.490
3.490
3.440
3.490
3.490
3.440
3.490
3.490
3.490
3.440
3.540
3.640
3.690
3.640
3.690
3.690
3.690
3.740
3.740
3.740
3.440
3.210
3.290
3.290
3.290
3.360
3.390
1.260
1.260
1.360
1.160
1.110
1.490
1.310
1.360
1.210
1.210
1.160
1.940
1.890
1.840
1.790
1.740
1.690
1.640
1.590
1.540
-555.876 -237.346 -0.420385
