1 180
1.570
1.570
1.570
1.570
1.570
1.570
1.620
1.620
1.620
1.570
1.620
1.620
1.620
1.670
1.620
1.670
1.670
1.670
1.670
1.670
1.670
1.690
1.690
1.740
1.740
1.770
1.770
1.790
1.790
1.790
1.840
1.890
1.890
1.990
2.040
2.090
2.090
2.090
2.140
2.190
2.190
2.290
2.290
2.290
2.390
2.390
2.440
2.490
2.540
2.640
2.690
2.740
2.790
2.890
2.990
3.010
3.110
3.210
3.310
3.410
3.560
3.610
3.760
3.910
4.060
4.260
4.460
4.660
4.910
5.160
5.460
5.760
6.110
6.510
7.010
7.460
8.160
8.960
9.810
10.910
12.260
14.060
16.660
23.160
25.260
25.060
51.060
16.460
15.860
15.610
14.210
10.560
8.760
7.310
6.260
5.560
5.410
5.010
4.140
4.140
4.140
4.190
4.190
4.240
4.190
4.240
4.240
4.260
4.110
3.960
3.810
3.610
3.460
3.360
3.260
3.160
3.010
2.910
2.810
2.710
2.660
2.640
1.340
1.240
1.190
1.190
1.190
1.140
1.140
1.090
1.090
1.040
1.090
0.990
0.990
0.990
0.990
0.940
0.940
0.940
0.940
0.890
0.890
0.890
0.890
0.890
0.840
0.840
0.840
0.840
0.840
0.790
0.790
0.790
0.790
0.790
0.740
0.790
0.740
0.790
0.740
0.740
0.740
0.770
0.770
0.770
0.770
0.770
0.770
0.720
0.720
0.770
0.720
0.770
0.720
0.720
0.720
0.770
0.720
0.770
-564.371 -436.793 -2.282385
