1 180
0.970
0.970
0.970
0.970
0.970
0.970
0.970
0.970
0.970
0.940
0.990
0.940
0.940
0.940
0.990
0.990
0.990
1.000
1.000
1.010
1.010
1.010
1.060
1.060
1.060
1.060
1.060
1.110
1.110
1.160
1.160
1.110
1.160
1.160
1.160
1.190
1.190
1.240
1.240
1.240
1.290
1.290
1.340
1.340
1.390
1.410
1.410
1.440
1.490
1.490
1.540
1.540
1.640
1.640
1.690
1.740
1.790
1.890
1.890
2.040
2.090
2.090
2.190
2.260
2.410
2.410
2.560
2.710
2.710
2.860
3.110
3.260
3.460
3.660
4.010
4.260
4.560
4.910
4.960
5.160
6.760
7.660
8.810
11.510
16.310
5.060
5.060
5.010
4.990
4.940
5.060
5.160
5.210
16.210
9.410
8.360
7.260
6.510
5.160
4.960
4.910
4.610
4.260
4.010
3.760
3.560
3.360
3.210
3.010
2.860
2.610
2.560
2.660
2.610
2.360
2.310
2.210
2.140
2.090
2.040
1.940
1.940
1.890
1.810
1.760
1.740
1.690
1.640
1.640
1.590
1.540
1.490
1.490
1.490
1.440
1.440
1.390
1.390
1.340
1.340
1.290
1.290
1.290
1.240
1.240
1.190
1.240
1.240
1.140
1.190
1.140
1.140
1.140
1.140
1.140
1.090
1.090
1.090
1.090
1.160
1.040
1.070
1.040
1.090
1.070
1.070
1.070
1.070
1.070
1.070
1.070
1.070
1.070
1.020
1.020
1.020
1.020
1.020
1.020
1.020
-318.981 -3.974 0.764795
