1 180
0.870
0.870
0.870
0.820
0.820
0.870
0.870
0.870
0.870
0.840
0.840
0.840
0.840
0.840
0.890
0.890
0.840
0.890
0.890
0.890
0.890
0.890
0.890
0.890
0.940
0.940
0.940
0.940
1.770
1.790
1.790
1.820
1.840
1.840
1.890
1.890
1.960
1.990
2.060
2.260
4.960
4.860
4.710
4.660
4.560
4.460
4.410
4.360
4.260
4.210
4.110
4.060
4.010
3.960
4.060
4.160
4.260
4.410
4.510
4.660
5.460
51.060
6.010
5.860
5.960
5.760
5.960
6.210
6.510
6.810
7.110
8.510
8.510
8.460
8.910
9.560
10.160
7.710
7.460
7.510
14.460
15.010
17.610
17.560
17.510
17.510
17.460
17.660
36.660
36.710
37.010
23.760
17.360
4.260
4.360
4.710
8.810
7.960
6.010
6.010
5.910
5.410
5.010
4.660
3.610
3.460
3.260
3.040
3.090
3.090
3.140
3.090
3.090
3.110
3.090
3.040
3.090
3.060
3.060
2.210
2.210
2.110
2.090
1.990
1.990
1.940
1.890
1.840
1.790
1.790
1.740
1.690
1.690
1.590
1.590
1.590
1.540
1.490
1.490
1.490
1.390
1.440
1.390
1.390
1.390
1.340
1.340
1.290
1.290
1.190
1.040
1.040
1.040
0.990
0.990
1.040
0.990
0.990
0.990
0.940
0.990
0.990
0.990
0.940
1.020
0.960
1.010
1.060
1.140
1.090
1.090
1.090
1.140
1.090
1.140
1.090
1.090
1.090
1.090
1.090
-126.558 5.220 -2.493385
