1 180
1.520
1.520
1.520
1.520
1.520
1.520
1.520
1.570
1.520
1.520
1.520
1.520
1.570
1.570
1.590
1.570
1.540
1.570
1.620
1.620
1.620
1.640
1.640
1.670
1.640
1.670
1.720
1.720
1.770
1.740
1.740
1.740
1.790
1.790
1.840
1.840
1.890
1.890
1.940
1.940
1.990
2.040
2.090
2.090
2.140
2.190
2.240
2.240
2.290
2.340
2.390
2.490
2.540
2.590
2.590
2.690
2.740
2.890
2.910
3.010
3.060
3.210
3.310
3.460
3.610
3.710
3.860
4.010
4.210
4.410
4.660
4.910
5.160
5.460
5.810
6.260
6.610
7.210
7.810
8.610
9.410
10.510
11.910
13.910
16.660
51.060
24.360
51.060
51.060
51.060
51.060
37.810
22.210
21.410
17.110
14.260
12.510
10.710
5.210
5.310
5.810
7.860
6.660
6.260
5.860
5.510
5.160
4.910
4.660
4.410
4.210
4.010
3.860
3.710
3.560
3.460
3.460
3.460
51.060
51.110
51.110
51.060
51.110
51.060
51.060
51.110
2.910
2.610
2.410
2.340
2.290
2.290
2.240
2.190
2.090
2.090
2.090
2.040
1.990
1.940
1.890
1.890
1.890
1.840
1.840
1.790
1.790
1.740
1.740
1.740
1.690
1.690
1.690
1.640
1.640
1.640
1.590
1.590
1.590
1.570
1.590
1.540
1.540
1.490
1.570
1.570
1.570
1.520
1.570
1.520
1.520
1.520
1.520
1.520
1.520
1.520
1.520
1.520
1.520
1.470
-406.152 -102.388 3.030795
