1 180
1.430
1.380
1.430
1.430
1.380
1.430
1.430
1.430
1.430
1.430
1.480
1.480
1.450
1.450
1.480
1.480
1.450
1.450
1.500
1.500
1.500
1.500
1.550
1.550
1.600
1.600
1.600
1.600
1.630
1.650
1.650
1.680
1.700
1.700
1.750
1.750
1.800
1.800
1.800
1.850
1.900
1.900
1.950
2.000
2.050
2.100
2.150
2.150
2.200
2.250
2.300
2.420
2.550
2.700
2.750
2.800
2.820
2.970
3.070
3.170
3.270
3.320
3.370
3.370
3.520
3.620
3.820
3.970
4.120
4.420
3.720
4.920
5.220
5.570
4.820
6.470
6.920
7.520
8.270
8.720
8.720
8.670
8.620
11.620
22.470
12.870
12.770
11.370
11.470
22.820
22.820
12.070
16.920
11.620
8.670
8.720
5.970
5.370
4.920
4.470
4.270
4.220
3.970
3.770
3.120
2.970
2.820
2.670
2.520
2.370
2.350
2.220
2.150
2.020
2.000
1.950
1.850
1.800
1.750
1.700
1.700
1.650
1.600
1.550
1.500
1.450
1.400
1.400
1.400
1.350
1.350
1.250
1.250
1.250
1.200
1.200
1.200
1.200
1.150
1.100
1.100
1.150
1.100
1.050
1.050
1.000
1.000
1.000
1.000
1.000
1.000
1.000
1.000
0.950
0.950
0.950
0.950
0.950
0.900
0.950
0.900
0.900
0.900
0.950
0.900
0.900
0.850
0.850
0.900
0.900
0.880
0.900
0.850
0.900
0.880
0.880
0.880
0.900
0.880
0.900
-385.009 -86.280 -1.881385
