1 180
1.470
1.470
1.470
1.470
1.470
1.470
1.520
1.470
1.520
1.520
1.520
1.470
1.520
1.520
1.570
1.570
1.520
1.570
1.570
1.570
1.620
1.620
1.590
1.620
1.670
1.620
1.640
1.720
1.720
1.720
1.690
1.740
1.740
1.890
1.890
1.910
2.110
2.110
2.210
2.210
2.310
2.260
2.360
2.310
2.240
2.260
2.260
2.360
2.360
2.410
2.660
2.860
2.960
2.910
3.060
2.810
2.860
2.910
2.910
2.960
3.010
3.160
3.210
3.360
3.460
3.610
3.810
3.960
4.060
4.310
4.510
4.760
5.060
5.360
5.710
6.060
6.560
7.010
7.610
8.360
9.810
10.410
11.660
3.110
2.810
2.860
2.860
17.760
2.960
2.940
3.010
17.510
12.710
9.260
9.310
8.110
7.010
6.110
5.460
4.960
4.510
4.110
3.810
3.560
3.310
3.110
2.910
2.760
2.640
2.610
2.610
2.660
2.510
2.510
2.460
2.360
2.210
2.060
1.960
1.910
1.910
1.810
1.860
1.860
1.810
1.760
1.710
1.710
1.660
1.610
1.560
1.460
1.240
1.190
1.190
1.190
1.140
1.140
1.140
1.090
1.090
1.040
1.040
1.090
1.040
0.990
0.990
0.990
0.990
0.940
0.990
0.940
0.890
0.940
0.940
0.890
0.940
0.890
0.890
0.890
0.890
0.890
0.840
0.890
0.840
0.840
0.840
0.890
0.840
0.840
0.840
0.840
0.840
0.790
0.840
0.840
0.840
0.840
0.790
0.840
-573.402 -446.269 -2.336385
