1 180
17.600
9.350
6.550
5.100
4.130
4.130
3.030
2.750
2.400
2.200
2.050
1.800
1.700
1.550
1.450
1.400
1.300
1.230
1.180
1.180
1.230
1.180
1.230
1.230
1.230
1.230
1.260
1.230
1.280
1.280
1.330
1.380
1.380
1.430
1.430
1.430
1.480
1.430
1.530
1.530
1.530
1.580
1.560
1.580
1.580
1.630
1.630
1.680
1.680
1.830
1.880
1.930
1.930
2.030
2.030
2.080
2.080
2.180
2.230
2.280
2.430
2.480
2.550
2.650
2.680
2.800
2.950
3.150
3.300
3.350
3.550
3.750
3.950
4.200
4.450
4.750
5.100
5.900
6.150
7.000
7.250
8.150
9.350
11.100
11.100
11.100
11.050
11.100
11.050
11.050
11.100
11.100
11.100
10.300
10.550
7.950
6.850
6.000
5.400
4.900
4.450
4.100
3.850
3.500
3.300
3.050
2.900
2.750
2.550
2.450
2.350
2.250
2.150
2.080
2.030
2.030
1.980
2.030
2.030
2.030
2.030
1.930
1.930
1.880
1.780
1.780
1.730
1.680
1.680
1.630
1.530
1.530
1.530
1.480
1.480
1.130
1.130
1.130
1.130
1.080
1.080
1.080
1.030
1.030
1.030
0.980
0.980
1.030
0.930
0.980
0.980
0.980
0.930
0.930
0.930
0.930
0.880
0.930
0.880
0.880
0.880
0.830
0.880
0.830
0.830
0.910
0.830
0.880
0.860
0.830
0.860
0.860
0.830
0.780
0.860
0.860
0.860
0.810
0.860
0.860
-336.251 -13.262 -1.110385
