1 180
1.420
1.470
1.470
1.420
1.420
1.420
1.420
1.420
1.420
1.420
1.420
1.370
1.420
1.370
1.420
1.370
1.420
1.370
1.370
1.370
1.370
1.370
1.370
1.370
1.420
1.420
1.370
1.370
1.370
1.420
1.370
1.420
1.370
1.420
1.420
1.420
1.420
1.470
1.420
1.470
1.470
1.520
1.460
1.510
1.510
1.460
1.610
1.710
1.710
1.710
1.710
1.810
1.810
1.760
1.810
1.860
1.860
1.860
1.910
1.960
1.960
2.010
2.010
2.010
2.060
2.110
2.160
2.140
2.210
2.310
2.360
2.460
2.460
2.560
2.660
2.710
2.810
2.810
2.910
2.960
2.910
2.960
3.010
3.060
3.160
3.260
3.360
3.310
3.260
3.260
3.210
3.210
3.210
3.160
3.410
3.760
6.260
6.710
6.860
7.410
8.110
9.110
11.260
11.710
13.560
19.910
19.810
19.910
19.910
19.860
19.860
19.760
19.810
14.110
11.060
9.510
8.460
6.710
6.010
5.360
4.910
4.460
4.160
3.810
3.560
3.260
3.110
2.960
2.810
2.610
2.510
2.460
2.310
2.310
2.260
2.210
2.160
2.010
1.960
1.860
1.810
1.810
1.810
1.710
1.610
1.610
1.460
1.510
1.460
1.410
1.390
1.340
1.290
1.240
1.240
1.240
1.190
1.140
1.140
1.140
1.140
1.090
1.090
1.090
1.040
1.040
1.040
1.040
1.040
0.990
0.990
0.990
0.940
0.940
0.990
0.940
0.940
0.970
0.940
0.940
-453.978 -127.572 -1.872385
