1 180
7.610
8.360
11.710
12.610
14.210
16.360
11.710
11.560
17.460
17.460
12.010
10.960
10.960
10.160
10.310
11.210
17.460
17.460
4.310
3.760
3.710
3.710
3.710
3.790
3.840
3.790
3.740
3.840
3.810
3.560
3.360
3.160
3.010
2.910
2.710
2.610
2.510
2.360
2.340
2.290
2.220
2.270
2.220
2.220
2.220
2.220
2.170
2.220
2.170
2.170
2.170
2.170
2.170
2.170
2.170
2.120
2.170
2.170
2.220
2.170
2.170
2.170
2.170
2.170
2.260
2.410
2.410
2.460
2.460
2.460
2.460
2.460
2.460
2.510
2.510
2.510
2.560
2.560
2.560
2.610
2.610
2.610
2.660
2.710
2.710
2.710
2.760
2.760
2.760
2.810
2.810
2.710
2.690
2.640
2.640
2.690
2.690
2.790
2.840
2.840
2.890
2.990
2.990
3.040
3.090
3.140
3.240
3.290
4.860
5.010
5.010
5.010
5.010
18.610
15.560
13.960
14.010
13.660
13.360
13.360
11.410
10.760
10.210
9.760
9.360
8.960
5.960
5.710
5.560
5.560
5.610
5.660
5.760
5.610
5.160
4.860
4.860
4.810
4.760
4.760
4.660
4.560
4.460
4.410
4.210
4.210
4.110
4.060
3.960
3.910
3.860
3.790
3.710
3.690
3.590
3.590
3.540
3.440
3.490
3.390
3.340
3.290
3.290
3.240
3.190
3.190
3.140
3.140
3.140
3.090
3.040
3.040
2.990
2.990
2.990
2.990
2.990
2.890
2.890
2.890
-594.226 -451.810 -0.554385
