1 180
1.270
1.270
1.320
1.270
1.270
1.270
1.320
1.320
1.320
1.320
1.320
1.320
1.320
1.370
1.370
1.370
1.370
1.340
1.370
1.420
1.420
1.420
1.420
1.440
1.440
1.470
1.470
1.470
1.520
1.540
1.520
1.540
1.540
1.590
1.620
1.640
1.640
1.690
1.690
1.740
1.740
1.740
1.840
1.840
1.890
1.890
1.940
1.990
2.090
2.090
2.190
2.190
2.290
2.290
2.340
2.440
2.540
2.640
2.690
2.760
2.810
2.960
3.060
3.160
3.310
3.410
3.610
3.760
3.960
4.160
4.460
4.710
4.960
5.360
5.710
6.360
6.660
6.660
6.660
6.610
6.610
6.610
6.560
6.560
6.560
6.560
6.510
6.510
6.510
6.560
6.560
6.560
6.560
6.560
6.610
6.610
6.610
6.660
6.660
6.660
6.710
6.760
6.810
6.810
4.310
4.060
3.810
3.610
3.510
3.360
3.210
3.110
2.910
2.860
2.710
2.640
2.560
2.460
2.390
2.390
2.290
2.240
2.190
2.140
2.090
1.990
1.990
1.940
1.890
1.840
1.790
1.790
1.790
1.740
1.690
1.690
1.640
1.640
1.590
1.590
1.540
1.540
1.490
1.440
1.440
1.440
1.390
1.440
1.440
1.390
1.390
1.390
1.290
1.240
1.240
1.240
1.240
1.220
1.270
1.220
1.190
1.220
1.220
1.220
1.170
1.170
1.170
1.170
1.220
1.170
1.170
1.170
1.140
1.220
1.220
1.220
1.220
1.270
1.270
1.220
-392.823 46.069 -2.526385
