1 180
1.230
1.230
1.230
1.230
1.230
1.280
1.280
1.230
1.230
1.280
1.280
1.280
1.280
1.280
1.280
1.280
1.300
1.280
1.330
1.280
1.330
1.330
1.300
1.380
1.380
1.330
1.380
1.380
1.380
1.430
1.400
1.400
1.450
1.580
1.580
1.600
1.600
1.600
1.650
1.700
1.700
1.700
1.750
1.800
1.850
1.850
1.900
1.900
1.950
2.000
2.050
2.050
2.100
2.050
2.100
2.150
2.150
2.400
2.500
2.550
2.600
2.700
2.770
2.870
2.970
3.050
3.050
3.170
3.270
3.420
3.570
3.770
4.020
4.220
4.470
4.720
6.870
6.870
6.820
6.820
6.770
6.770
6.770
6.720
6.720
6.720
6.670
6.720
6.670
6.670
6.670
6.670
6.670
6.670
6.670
6.170
6.170
6.270
6.120
6.170
4.470
4.070
3.770
3.470
3.220
3.020
2.820
2.620
2.520
2.370
2.270
2.170
2.070
1.970
1.900
1.850
1.750
1.700
1.650
1.650
1.550
1.500
1.450
1.450
1.400
1.350
1.350
1.300
1.250
1.200
1.200
1.200
1.150
1.150
1.100
1.100
1.050
1.050
1.050
1.050
1.000
1.000
1.000
0.950
0.950
0.950
0.950
0.950
0.900
0.950
0.850
0.850
0.850
0.850
0.850
0.850
0.800
0.800
0.800
0.850
0.850
0.830
0.800
0.800
0.850
0.830
0.800
0.780
0.830
0.830
0.830
0.750
0.780
0.780
0.780
0.780
0.780
0.780
0.780
0.780
-334.404 -17.220 -1.212385
