1 180
7.210
7.260
7.260
7.260
7.310
7.310
7.360
7.360
7.360
7.410
7.510
7.660
7.660
4.810
4.460
4.210
3.960
3.760
3.610
3.410
3.260
3.110
2.960
2.860
2.710
2.690
2.590
2.540
2.440
2.340
2.240
2.240
2.190
2.090
2.040
1.990
2.020
1.990
2.040
2.090
2.090
2.140
2.190
2.190
2.290
2.290
2.340
2.390
2.440
2.490
2.540
2.590
2.640
2.740
2.840
2.840
2.940
3.010
3.110
3.160
3.310
3.410
3.510
3.710
3.860
3.960
4.160
4.310
4.510
4.710
5.010
51.060
51.060
6.260
6.260
6.710
7.260
7.860
8.610
9.410
10.460
11.060
11.010
11.060
18.810
24.610
26.610
51.060
26.760
26.560
51.060
24.610
24.610
17.460
15.210
12.460
10.810
9.560
8.610
7.810
7.110
6.610
6.310
6.310
51.060
5.060
4.760
4.510
4.260
4.060
3.860
3.710
3.560
3.410
3.310
3.210
3.060
3.010
2.860
2.810
2.710
2.660
2.590
2.490
2.440
2.440
2.340
2.290
2.240
2.190
2.140
2.140
2.040
2.040
1.990
1.940
1.940
1.890
1.840
1.840
1.790
1.790
1.740
1.740
1.740
1.690
1.640
1.690
1.640
1.590
1.590
1.590
1.540
1.540
1.540
1.540
1.540
1.540
1.490
1.440
1.490
1.440
1.440
1.520
1.470
1.470
1.470
1.470
1.420
1.470
1.470
1.420
1.470
1.470
1.420
1.420
1.420
1.420
1.420
1.420
-525.959 -383.366 -1.994385
