1 180
0.790
0.860
0.860
0.910
0.910
0.910
0.960
0.910
0.910
0.960
0.910
0.960
0.960
0.960
1.010
1.010
1.010
1.010
1.010
1.010
1.060
1.060
1.060
1.060
1.110
1.110
1.110
1.110
1.110
1.160
1.160
1.210
1.210
1.160
1.210
1.260
1.210
1.210
1.260
1.260
1.310
1.360
1.240
1.240
1.270
1.240
1.240
1.340
1.340
1.340
1.390
1.440
1.490
4.110
4.210
4.360
4.410
3.060
2.810
2.760
2.710
2.710
2.290
2.290
2.240
2.310
2.460
2.610
2.760
2.860
3.060
3.310
3.510
3.760
4.110
4.510
4.910
5.410
6.110
6.910
7.010
7.010
6.910
6.960
7.060
51.060
37.760
31.310
9.810
9.760
9.610
11.160
8.260
7.610
6.710
6.560
6.510
6.410
5.460
5.010
3.960
3.890
3.940
3.910
3.660
3.510
3.360
3.210
3.060
2.910
2.810
2.710
2.610
2.510
2.460
2.360
2.260
2.210
2.160
2.140
2.090
2.040
1.940
1.940
1.590
1.540
1.490
1.490
1.440
1.440
1.440
1.340
1.340
1.390
1.390
1.390
1.440
1.440
1.440
1.440
1.440
1.490
1.490
1.490
1.490
1.490
1.440
1.440
1.390
1.390
1.390
1.390
1.340
1.340
1.340
1.340
1.340
1.340
1.290
1.290
1.340
1.290
1.290
1.290
1.240
1.240
1.240
1.240
1.240
1.240
1.270
1.270
1.270
1.270
1.270
1.270
1.270
1.190
1.140
1.140
-141.549 -30.190 0.509795
