1 180
2.340
2.340
2.340
2.340
2.390
2.290
2.390
2.340
2.390
2.340
2.390
2.440
2.390
2.440
2.440
2.490
2.490
2.490
2.490
2.540
2.540
2.540
2.590
2.590
2.640
2.690
2.690
2.690
2.740
2.740
2.790
2.840
2.840
2.890
2.990
2.960
3.010
3.010
3.110
3.110
3.210
3.260
3.260
3.410
3.410
3.510
3.560
3.610
3.710
3.760
3.860
3.960
4.060
4.210
4.310
4.410
4.560
4.710
4.860
5.010
5.210
6.860
6.760
6.710
6.660
6.760
6.710
6.910
7.310
7.560
7.810
7.760
7.760
7.660
7.660
7.610
7.610
7.610
7.760
7.760
7.710
7.710
7.710
7.710
7.660
7.660
7.660
7.710
7.660
7.460
7.460
7.460
7.510
7.510
7.510
7.560
7.560
7.610
7.060
6.460
5.860
5.510
5.310
4.810
4.660
4.310
4.210
4.010
3.760
3.660
3.510
3.360
3.210
3.160
3.060
3.010
2.860
2.660
2.660
2.710
2.560
2.560
2.460
2.360
2.210
2.160
2.210
2.210
2.160
2.060
2.110
2.010
1.910
1.910
51.060
1.760
1.760
1.760
1.760
1.960
2.010
1.710
1.660
1.710
51.060
1.660
1.560
1.560
1.560
20.810
21.260
1.510
1.460
1.460
1.460
1.460
1.510
22.110
22.060
1.460
1.460
1.410
1.410
27.060
51.060
51.060
1.360
1.410
1.360
1.360
21.260
26.160
26.310
1.360
1.310
1.310
1.310
1.310
1.410
20.960
-1.325 31.136 -2.070385
