1 180
1.470
1.470
1.470
1.470
1.470
1.470
1.470
1.520
1.470
1.520
1.470
1.520
1.470
1.570
1.520
1.520
1.570
1.540
1.570
1.570
1.570
1.570
1.590
1.620
1.620
1.620
1.670
1.670
1.720
1.720
1.740
1.740
1.770
1.740
1.740
1.790
1.840
1.890
1.840
1.890
1.940
1.940
1.990
2.040
2.090
2.140
2.190
2.190
2.240
2.290
2.340
2.440
2.490
2.540
2.590
2.640
2.740
2.790
2.840
2.960
3.060
3.160
3.210
3.310
3.460
3.660
3.760
3.960
4.160
4.360
4.560
4.810
5.060
5.410
5.710
6.110
6.560
7.510
7.760
8.410
9.310
9.660
9.460
9.460
9.510
10.110
14.860
14.910
14.910
14.910
14.860
14.960
14.910
10.210
4.460
4.460
6.860
6.060
5.410
4.910
4.510
4.110
3.810
3.560
3.310
3.110
2.910
2.760
2.610
2.510
2.360
2.260
2.160
2.140
2.040
1.940
1.890
1.840
1.790
1.740
1.690
1.640
1.590
1.540
1.490
1.490
1.440
1.340
1.340
1.340
1.290
1.290
1.240
1.240
1.190
1.240
1.190
1.090
1.090
1.140
1.090
1.090
1.040
1.040
1.040
1.040
1.040
0.990
0.990
0.990
0.990
0.990
0.940
0.940
0.940
0.940
0.940
0.940
0.940
0.890
0.890
0.890
0.840
0.840
0.890
0.840
0.840
0.840
0.840
0.840
0.840
0.840
0.840
0.840
0.840
0.840
0.840
0.840
0.840
0.790
-575.189 -448.127 -2.336385
