1 180
1.420
1.420
1.420
1.390
1.420
1.420
1.420
1.420
1.470
1.470
1.470
1.470
1.470
1.470
1.470
1.470
1.470
1.520
1.470
1.520
1.520
1.540
1.540
1.570
1.570
1.540
1.590
1.590
1.620
1.640
1.640
1.640
1.690
1.690
1.740
1.690
1.790
1.790
1.840
1.890
1.890
1.940
1.890
1.940
1.990
2.040
2.210
2.460
2.510
2.610
2.610
2.710
2.710
2.910
2.910
3.010
2.860
2.910
2.960
2.960
3.010
3.010
3.060
3.260
3.360
3.510
3.660
3.810
3.960
4.110
4.360
4.610
4.560
4.460
4.460
4.560
6.310
7.310
7.560
8.110
8.960
10.060
12.160
13.160
15.560
19.160
3.510
3.360
3.210
3.260
3.460
22.810
15.660
3.410
3.460
8.160
6.960
6.160
5.410
4.310
3.910
3.760
3.760
3.560
3.410
3.410
2.160
2.060
2.060
2.060
2.110
2.110
2.110
2.110
2.040
1.940
1.940
1.840
1.790
1.740
1.690
1.640
1.590
1.540
1.540
1.440
1.440
1.390
1.340
1.340
1.340
1.290
1.240
1.190
1.190
1.190
1.140
1.140
1.190
1.090
1.090
1.090
1.090
1.040
1.040
0.990
1.040
0.990
0.990
0.990
0.940
0.940
0.940
0.940
0.890
0.940
0.940
0.890
0.890
0.890
0.890
0.890
0.890
0.840
0.840
0.840
0.870
0.870
0.890
0.840
0.870
0.920
0.870
0.870
0.820
0.870
0.840
0.840
0.870
0.840
-380.868 -68.258 -1.716385
