1 180
0.620
0.590
0.570
0.570
0.620
0.590
0.570
0.620
0.620
0.590
0.620
0.620
0.590
0.640
0.590
0.640
0.590
0.640
0.590
0.640
0.640
0.640
0.640
0.640
0.640
0.640
0.690
0.640
0.690
0.690
0.640
0.690
0.690
0.690
0.690
0.690
0.740
0.740
0.740
0.740
3.340
3.290
3.340
3.340
3.340
3.390
3.390
3.390
3.390
3.440
3.440
3.440
3.490
3.490
3.610
3.810
3.860
3.960
4.960
4.910
51.060
51.060
5.610
5.560
5.860
51.060
3.140
3.090
3.090
3.040
3.040
2.990
2.990
2.990
2.940
2.940
2.940
2.890
2.940
2.890
2.890
2.840
2.890
2.840
2.840
2.890
2.840
2.840
2.790
2.840
2.840
2.840
2.790
2.840
2.790
2.790
2.840
2.790
2.840
2.840
2.840
2.840
2.840
2.840
2.890
2.890
2.890
2.890
2.940
2.940
2.940
2.990
2.740
2.560
2.410
2.410
2.410
2.410
2.460
2.510
2.510
2.510
2.560
2.560
2.640
2.560
2.490
2.440
2.390
2.340
2.240
2.190
2.190
1.410
1.310
1.310
1.260
1.240
1.210
1.240
1.190
1.210
1.190
1.140
1.140
1.140
1.090
1.090
1.090
1.090
1.090
1.040
1.040
1.040
1.010
1.040
1.060
1.110
1.160
1.210
1.260
1.310
1.360
1.410
1.470
1.470
1.420
1.470
1.470
1.420
1.420
1.420
1.420
1.420
1.420
1.420
1.420
1.420
1.420
1.420
-333.496 7.157 2.144795
