1 180
1.370
1.320
1.320
1.320
1.370
1.320
1.370
1.320
1.370
1.320
1.370
1.370
1.370
1.370
1.420
1.420
1.420
1.420
1.420
1.420
1.420
1.470
1.440
1.420
1.470
1.520
1.440
1.520
1.520
1.570
1.570
1.590
1.570
1.620
1.620
1.670
1.670
1.670
1.690
1.690
1.740
1.790
1.790
1.840
1.890
1.890
1.940
1.990
2.040
2.040
2.090
2.140
2.190
2.240
2.340
2.390
2.390
2.490
2.540
2.640
2.740
2.840
2.890
3.010
3.060
3.210
3.310
3.510
3.610
3.810
3.960
7.810
7.810
7.760
7.710
7.660
7.660
7.610
7.560
7.560
6.710
6.710
6.860
6.860
13.260
18.760
51.060
24.360
24.360
36.610
51.060
36.660
51.060
13.910
13.210
10.960
9.360
8.110
7.510
7.510
7.510
7.560
7.560
8.010
8.060
4.010
3.710
3.460
3.260
3.160
2.960
2.910
2.660
2.610
2.460
2.410
2.310
2.290
2.240
0.860
0.860
0.810
2.090
2.090
2.460
2.460
2.360
2.310
2.260
2.210
2.160
2.160
2.010
2.060
2.260
1.110
1.060
1.060
1.060
2.460
1.360
1.340
1.340
1.290
1.290
1.240
1.190
1.240
1.190
1.190
1.190
1.190
1.220
1.190
1.140
1.120
1.170
1.170
1.120
1.090
1.090
1.120
1.120
1.070
1.070
1.120
1.070
1.070
1.070
1.070
1.070
1.070
1.070
1.070
1.070
1.070
1.020
0.890
0.810
0.490
-551.907 -252.703 -1.447385
