1 180
0.890
0.920
0.870
0.870
0.870
0.870
0.870
0.870
0.970
1.020
0.970
1.020
0.970
0.970
0.990
1.040
0.990
1.020
1.040
0.990
1.040
1.040
1.040
1.040
1.040
1.040
1.090
1.090
1.090
1.140
1.090
1.140
1.190
1.140
1.190
1.190
1.190
1.190
1.240
1.240
1.240
1.290
1.290
1.340
1.340
1.390
1.390
1.390
1.340
1.340
1.340
1.390
1.440
1.490
1.490
1.540
1.540
1.590
1.640
1.690
1.740
1.790
1.840
1.940
1.990
2.040
2.190
2.240
2.340
2.440
2.510
2.660
2.810
2.910
3.160
3.610
3.860
3.860
4.060
4.410
7.310
7.260
7.310
7.260
7.260
7.210
7.210
7.210
7.210
7.210
7.160
7.160
7.160
7.210
7.210
7.210
7.210
7.260
7.260
7.260
6.860
6.860
6.860
6.360
5.910
5.560
5.160
4.810
4.560
4.360
4.160
3.910
3.710
3.610
3.460
3.310
3.160
3.060
2.960
2.860
2.760
2.660
2.590
2.540
2.490
2.390
2.340
2.290
2.240
2.190
2.140
2.090
2.090
2.040
1.990
1.940
1.940
1.890
1.840
1.840
1.790
1.740
1.740
1.740
1.690
1.640
1.640
1.640
1.590
1.540
1.540
1.540
1.540
1.540
1.290
1.270
1.290
1.340
1.340
1.340
1.290
1.290
1.290
1.290
1.290
1.290
1.290
1.240
1.240
1.240
1.190
1.190
1.190
1.140
1.170
1.190
1.270
1.220
1.190
1.190
-165.404 -19.071 -2.977385
