1 180
2.000
7.300
7.300
1.950
7.350
7.350
7.400
2.000
7.400
7.450
2.000
2.050
7.550
7.600
2.050
7.650
7.700
2.150
2.400
7.850
2.150
2.250
8.050
2.200
2.400
8.200
2.300
2.450
8.500
2.350
8.650
8.750
2.450
4.100
2.500
13.100
2.550
3.000
2.950
2.650
3.050
2.750
3.100
2.950
2.950
6.850
3.050
3.150
3.100
1.750
1.680
1.730
1.730
1.750
2.250
2.130
2.130
2.100
2.200
5.250
5.450
5.100
51.050
4.950
4.900
4.900
4.850
4.800
4.800
5.050
5.300
8.400
8.350
8.350
8.000
7.950
7.900
8.000
8.150
8.150
8.150
8.150
8.250
8.200
8.200
8.150
8.150
8.200
8.200
8.150
8.200
8.250
8.250
8.250
8.250
8.150
8.200
8.200
8.200
8.250
8.300
8.350
8.350
8.400
6.150
5.750
5.450
5.200
4.950
4.800
4.850
4.800
5.050
51.050
2.750
2.600
2.600
2.700
2.430
2.300
2.280
2.430
2.380
2.300
2.280
2.230
2.230
2.450
2.080
2.080
1.980
1.830
1.750
1.780
1.730
1.880
1.780
1.930
2.280
2.230
2.230
2.180
1.780
1.780
1.780
1.830
1.680
1.680
1.880
1.630
1.630
1.630
1.630
1.580
1.580
1.580
1.530
1.530
1.530
1.530
1.630
1.480
1.480
1.480
1.430
1.430
1.430
1.480
1.480
1.810
1.810
1.760
1.810
1.810
1.760
1.760
1.410
1.410
1.460
1.460
-390.328 -99.816 -1.968385
