1 180
1.440
1.440
1.460
1.410
1.410
1.460
1.500
1.460
1.460
1.510
1.510
1.510
1.510
1.560
1.560
1.560
1.560
1.610
1.610
1.610
1.610
1.660
1.660
1.710
1.710
1.710
1.710
1.710
1.760
1.810
1.810
1.860
1.860
1.810
1.860
1.910
1.960
1.960
1.960
1.960
1.910
1.910
1.960
1.990
1.990
2.040
2.090
2.190
2.190
2.240
2.340
2.340
2.440
2.490
2.590
2.590
2.740
2.810
2.860
2.960
3.110
3.210
3.360
3.510
3.660
3.810
4.010
4.160
4.410
4.660
4.960
5.260
5.660
6.060
6.560
7.110
7.760
8.660
9.910
11.010
12.860
12.910
51.060
30.960
49.410
41.260
51.060
51.060
51.060
27.910
17.860
12.960
12.760
10.810
9.610
8.660
7.810
7.110
6.560
6.260
6.260
51.060
5.010
4.710
4.460
4.210
4.060
3.860
3.660
3.560
3.360
3.260
3.160
3.060
2.910
2.860
2.760
2.660
2.640
2.540
2.490
2.440
2.390
2.290
2.240
2.190
2.190
2.090
2.090
1.990
1.990
1.940
1.940
1.890
1.840
1.840
1.790
1.790
1.740
1.690
1.690
1.690
1.690
1.640
1.640
1.640
1.590
1.590
1.590
1.540
1.540
1.490
1.490
1.540
1.440
1.440
1.440
1.440
1.440
1.470
1.390
1.420
1.470
1.470
1.420
1.420
1.420
1.420
1.420
1.420
1.420
1.420
1.420
1.370
1.420
1.370
1.420
1.420
1.420
1.370
-515.937 -346.607 -1.574385
