1 180
1.070
1.070
1.070
1.020
1.020
1.020
1.070
1.020
1.070
1.020
1.070
1.020
1.070
1.070
1.070
1.070
1.040
1.040
1.040
1.040
1.040
1.040
1.040
1.090
1.090
1.090
1.140
1.140
1.140
1.140
1.140
1.190
1.140
1.190
1.190
1.240
1.190
1.240
1.240
1.290
1.290
1.290
1.340
1.340
1.340
1.340
1.390
1.440
1.440
1.440
1.490
1.540
1.540
1.640
1.590
1.690
1.690
1.740
1.790
1.840
1.840
1.940
1.990
2.090
2.140
2.190
2.290
2.340
2.440
2.460
2.610
2.760
2.860
3.060
3.410
3.710
3.860
4.160
4.460
4.610
4.610
4.860
5.310
5.810
6.360
7.110
8.010
9.160
10.760
13.110
51.060
51.060
42.510
51.060
51.060
51.060
42.310
51.060
20.360
16.910
14.310
6.360
11.860
11.210
10.260
9.460
6.410
6.260
6.360
6.210
6.260
6.310
6.310
6.360
6.660
12.610
12.710
12.810
12.910
13.010
13.110
13.260
3.560
3.560
3.610
3.610
3.160
3.060
2.910
2.910
2.810
2.760
2.740
2.690
2.590
2.540
2.490
2.440
2.440
2.390
2.340
2.290
2.240
2.190
2.190
2.140
2.090
2.090
2.090
2.040
1.990
1.990
1.990
1.990
1.940
1.890
1.890
1.890
1.840
1.840
1.840
1.840
1.790
1.790
1.790
1.740
1.740
1.740
1.740
1.740
1.720
1.720
1.720
1.770
1.720
1.720
1.670
1.720
1.720
1.720
-521.942 -318.253 -1.196385
