1 180
1.120
1.170
1.170
1.170
1.170
1.170
1.170
1.170
1.170
1.170
1.170
1.170
1.170
1.170
1.170
1.170
1.170
1.170
1.220
1.190
1.170
1.190
1.220
1.190
1.190
1.270
1.220
1.270
1.270
1.240
1.290
1.290
1.290
1.290
1.320
1.290
1.370
1.370
1.340
1.390
1.390
1.390
1.440
1.440
1.440
1.540
1.540
1.540
1.590
1.640
1.590
1.640
1.690
1.690
1.740
1.790
1.840
1.840
1.890
1.940
1.990
2.090
2.140
2.190
2.240
2.340
2.390
2.490
2.540
2.690
2.710
2.860
2.960
3.110
3.210
3.410
3.560
3.710
3.960
4.210
4.460
4.760
5.710
5.710
6.460
6.710
7.260
8.210
9.260
10.710
12.710
18.110
18.160
11.810
11.360
51.060
51.110
51.060
31.610
18.910
16.610
16.610
15.310
13.160
11.760
11.010
9.710
8.960
8.260
7.710
7.210
6.760
6.510
6.560
51.060
51.060
5.210
5.010
4.760
4.560
4.410
4.210
4.110
3.910
3.810
3.710
3.610
3.510
3.410
3.310
3.210
3.110
3.060
3.010
2.940
2.910
2.840
2.790
2.690
2.640
2.640
2.590
2.540
2.540
2.510
2.410
2.460
2.510
2.510
2.510
2.410
2.360
2.410
2.360
2.360
2.310
2.260
2.260
2.260
2.210
2.210
2.160
2.160
2.160
2.160
2.110
2.110
2.060
2.110
2.060
2.010
2.060
1.960
1.910
1.910
1.860
1.870
1.870
1.870
1.870
-412.293 -101.707 3.030795
