1 180
0.940
0.970
0.970
1.020
1.020
1.020
0.970
1.020
0.970
1.020
0.990
0.990
1.020
0.990
0.990
0.990
0.990
1.040
0.990
0.990
1.040
1.040
1.040
1.040
1.040
1.040
1.090
1.090
1.090
1.140
1.140
1.140
1.190
1.190
1.190
1.190
1.240
1.240
1.240
1.290
1.290
1.290
1.340
1.340
1.340
1.390
1.440
1.440
1.490
1.490
1.540
1.590
1.640
1.640
1.690
1.740
1.790
1.840
1.890
1.940
2.040
2.090
2.190
2.240
2.340
2.390
2.510
2.560
2.660
3.010
3.160
3.360
3.540
3.540
3.690
3.960
4.210
4.610
4.960
7.460
7.410
7.410
7.410
7.410
7.360
7.410
7.360
7.360
7.310
7.360
7.360
7.360
7.360
7.310
6.760
5.360
5.010
5.010
3.560
3.560
3.560
3.560
3.560
3.610
3.610
3.610
3.560
3.410
3.210
3.060
2.890
2.940
2.890
2.940
2.990
2.990
3.040
3.040
3.090
3.090
3.140
3.190
3.190
3.240
3.290
3.340
3.390
3.360
3.440
3.490
3.560
3.610
3.660
3.710
3.760
3.860
3.910
4.110
4.160
4.260
4.360
4.410
4.560
4.660
4.660
1.190
1.190
1.190
1.190
1.140
1.140
1.090
1.090
1.090
1.090
1.090
1.090
1.090
1.040
1.040
1.040
1.040
1.040
0.990
1.070
1.020
0.990
1.020
1.020
0.990
1.020
1.020
0.970
1.020
1.020
1.020
1.020
1.020
0.970
0.970
-56.499 32.260 2.433795
