1 180
0.690
0.640
0.640
0.640
0.640
0.640
0.690
0.640
0.640
0.690
0.690
0.690
0.640
0.690
0.690
0.690
0.710
0.610
0.690
0.710
0.660
0.660
0.660
0.710
0.710
0.710
0.710
0.710
0.710
0.760
0.710
0.760
0.760
0.760
0.810
0.760
0.810
0.760
0.810
0.810
0.810
0.860
0.810
0.860
0.910
0.860
0.910
0.910
0.910
0.960
0.960
1.010
1.040
1.040
1.360
5.860
5.760
5.710
5.660
5.610
4.960
4.860
3.060
3.160
4.760
4.710
4.810
5.060
5.160
3.910
4.960
4.860
4.860
4.860
4.760
4.760
4.710
4.710
4.660
4.760
5.160
5.660
6.160
6.810
7.810
8.610
9.810
11.810
51.060
21.910
12.210
12.060
11.960
12.010
25.860
16.510
11.960
9.960
8.310
7.310
6.410
5.560
5.110
4.660
4.660
4.660
4.660
4.660
4.760
4.810
4.810
4.810
3.860
4.910
4.960
4.960
5.010
3.610
3.010
3.860
3.660
3.560
3.460
2.910
2.910
2.810
2.610
2.510
2.210
2.210
2.310
2.260
2.210
2.260
2.210
2.210
2.160
2.110
2.110
2.060
2.160
2.160
2.110
2.010
1.960
1.910
1.390
1.390
1.340
1.340
1.290
1.290
1.290
1.290
1.290
1.270
1.240
1.270
1.240
1.240
1.220
1.220
1.220
1.220
1.170
1.220
1.220
1.170
1.170
1.170
1.170
1.170
1.170
1.120
1.170
1.170
1.170
1.170
1.170
1.170
-303.906 -4.034 2.953795
