1 180
0.860
0.810
0.810
0.860
0.810
0.810
0.810
0.860
0.860
0.860
0.930
1.010
0.960
0.980
0.960
0.960
0.980
0.960
1.030
0.980
0.980
0.980
1.030
0.980
1.030
0.980
1.030
1.030
1.030
1.030
1.080
1.080
1.080
1.080
1.080
1.130
1.130
1.130
1.180
1.180
1.180
1.180
1.230
1.230
1.280
1.280
1.330
1.330
1.330
1.380
1.380
1.430
1.430
1.480
1.530
1.580
1.630
1.580
1.680
1.730
1.780
1.830
1.880
1.930
2.030
2.030
2.880
2.880
2.930
2.880
2.880
2.930
2.980
2.980
2.950
3.200
3.550
3.800
4.030
4.000
4.350
4.700
5.100
5.650
8.900
9.000
5.500
5.100
5.150
7.800
7.800
7.800
7.800
7.800
7.800
7.800
7.800
7.800
7.850
7.800
7.850
7.900
7.900
5.850
5.400
4.900
4.550
4.250
3.950
3.750
3.450
3.300
3.150
3.000
2.850
2.700
2.600
2.550
2.400
2.350
2.250
2.180
2.130
2.080
1.980
1.980
1.880
1.830
1.780
1.730
1.680
1.630
1.630
1.580
1.530
1.530
1.480
1.330
1.280
1.230
1.180
1.230
1.180
1.180
1.130
1.130
1.080
1.080
1.080
1.080
1.030
1.030
1.030
1.030
0.980
0.980
0.980
0.980
0.930
0.980
0.980
0.980
0.930
0.930
0.930
0.930
0.880
0.880
0.930
0.910
0.880
0.910
0.880
0.880
0.910
0.910
0.910
0.860
0.910
0.910
-326.256 -20.514 0.244795
