1 180
6.160
6.110
3.340
2.940
2.940
2.890
2.940
2.940
2.990
2.940
2.940
2.940
2.990
2.990
2.990
3.040
2.990
3.040
3.040
3.040
3.040
3.090
3.090
3.140
3.090
3.140
3.190
3.240
3.190
3.160
3.060
2.960
2.910
2.810
2.710
2.690
2.540
2.440
2.440
2.390
2.290
2.240
2.190
2.190
2.090
2.090
2.040
1.940
1.940
1.890
1.890
1.840
1.790
1.740
1.740
1.790
1.840
1.890
1.940
1.990
2.040
2.090
2.190
2.240
2.340
2.390
2.440
2.540
2.590
2.660
2.810
2.910
3.010
3.160
3.360
3.510
3.660
3.860
4.110
4.410
4.710
5.060
5.460
5.860
6.410
7.060
7.910
8.810
12.760
12.710
14.810
18.310
18.310
19.460
30.560
30.710
30.660
24.060
20.710
15.310
12.710
7.860
7.910
7.910
7.360
6.660
6.010
5.910
5.960
4.910
4.610
4.310
4.290
4.340
4.360
4.360
4.410
3.210
3.110
2.960
2.860
2.760
2.660
2.610
2.540
2.440
2.390
2.340
2.240
2.140
2.140
2.090
2.040
2.040
1.940
1.890
1.890
1.840
1.840
1.840
1.940
1.940
1.990
2.040
2.090
2.140
2.140
2.190
2.910
3.010
3.110
3.110
3.160
3.310
3.410
3.510
3.560
3.760
3.910
4.010
3.990
3.940
3.940
3.890
3.860
3.960
4.960
4.910
4.910
4.860
4.860
4.810
4.810
4.760
4.760
4.710
4.710
4.710
4.710
4.710
-551.645 -258.636 -1.692385
