1 180
1.420
1.420
1.420
1.370
1.420
1.420
1.420
1.420
1.420
1.420
1.420
1.470
1.420
1.470
1.470
1.420
1.420
1.470
1.470
1.470
1.470
1.470
1.440
1.520
1.520
1.520
1.520
1.570
1.540
1.570
1.540
1.590
1.620
1.620
1.670
1.640
1.670
1.690
1.690
1.690
1.740
1.790
1.790
1.840
1.840
1.840
1.890
1.940
1.940
2.040
2.040
2.090
2.140
2.190
2.240
2.290
2.340
2.360
2.410
2.690
2.740
2.840
2.940
2.960
3.110
3.160
3.310
3.310
3.310
3.410
3.560
3.710
3.910
4.060
4.260
4.510
4.760
5.060
5.360
5.760
6.210
6.660
7.210
7.910
8.710
9.660
10.910
12.560
15.010
51.060
51.060
28.960
51.110
48.160
51.060
51.060
26.810
26.060
20.510
15.660
13.310
12.460
10.410
9.310
8.560
7.910
7.860
6.660
6.310
5.910
5.560
5.310
4.960
4.710
4.510
4.310
4.160
3.960
3.810
3.660
3.560
3.410
3.410
3.460
51.060
51.060
51.110
51.060
51.060
51.060
51.060
3.110
2.960
2.710
2.610
2.390
2.340
2.290
2.290
2.240
2.190
2.190
2.140
2.090
2.090
1.990
1.990
1.990
1.940
1.940
1.890
1.840
1.890
1.790
1.840
1.840
1.740
1.790
1.740
1.740
1.740
1.740
1.740
1.690
1.690
1.690
1.640
1.640
1.670
1.640
1.620
1.670
1.620
1.620
1.670
1.620
1.620
1.620
1.620
1.620
-401.464 -102.069 2.774795
