1 180
2.120
2.120
2.120
2.120
2.120
2.070
2.120
2.120
2.120
2.120
2.140
2.090
2.170
2.140
2.140
2.190
2.140
2.190
2.240
2.210
9.060
9.060
9.160
9.160
9.460
3.060
3.010
3.090
3.210
7.260
3.190
3.160
3.110
3.210
6.310
6.160
5.960
5.860
3.310
3.210
3.240
3.190
3.190
3.140
3.060
3.060
3.110
3.310
4.760
4.660
4.560
4.560
4.460
4.410
4.360
4.310
4.210
4.210
4.110
4.110
4.060
4.010
3.990
3.940
3.940
3.890
3.890
3.840
3.840
3.790
3.790
3.740
3.690
3.690
3.640
3.690
3.640
3.590
3.590
3.590
3.560
4.010
3.770
3.760
5.960
7.860
8.510
10.860
18.910
22.760
22.760
22.810
51.060
51.060
12.760
12.860
10.560
9.510
9.210
7.060
6.760
6.360
6.410
6.360
5.710
4.710
3.960
3.910
3.760
3.640
3.640
3.690
3.610
3.460
3.310
3.160
3.060
2.960
2.860
2.810
2.710
2.610
2.560
2.460
2.410
2.360
2.260
2.160
2.160
2.140
2.090
2.040
1.990
1.940
1.990
1.890
1.890
1.840
1.590
1.540
1.490
1.490
1.440
1.440
1.390
1.390
1.390
1.340
1.390
1.340
1.340
1.290
1.290
1.290
1.340
1.240
1.290
1.240
1.240
1.240
1.240
1.340
1.360
1.390
1.340
1.340
1.340
1.420
1.370
1.370
1.370
1.370
1.370
1.370
1.370
1.370
1.370
1.370
1.370
1.320
-137.471 -3.375 -2.463385
