1 180
1.420
1.470
1.470
1.420
1.420
1.420
1.420
1.470
1.470
1.520
1.470
1.520
1.520
1.520
1.520
1.520
1.520
1.540
1.570
1.540
1.540
1.590
1.590
1.590
1.590
1.640
1.670
1.640
1.690
1.740
1.740
1.790
1.790
1.790
1.840
1.840
1.890
1.890
1.940
1.990
2.040
2.040
2.090
2.140
2.190
2.190
2.290
2.290
2.390
2.440
2.540
2.590
2.640
2.740
2.790
2.890
2.960
3.060
3.160
3.310
3.360
3.510
3.710
3.810
4.010
4.210
4.410
4.660
4.910
5.210
5.610
5.960
6.410
6.910
7.560
8.260
9.110
9.560
9.560
9.860
16.560
20.810
51.060
18.660
51.060
51.060
18.760
18.410
23.010
23.160
10.260
10.210
9.910
8.010
7.960
7.410
7.410
7.510
6.960
6.710
6.460
5.710
5.410
5.160
4.860
4.660
4.360
4.210
4.010
3.910
3.760
3.610
3.460
3.360
3.210
3.160
3.060
2.960
2.860
2.860
2.860
2.810
2.810
2.860
51.060
51.060
2.810
2.710
2.710
2.760
2.610
2.560
2.460
2.510
2.410
2.360
2.310
2.260
2.210
2.160
2.010
1.960
1.910
1.890
1.840
1.840
1.790
1.790
1.740
1.740
1.690
1.690
1.740
1.690
1.690
1.640
1.690
1.640
1.640
1.590
1.640
1.620
1.620
1.620
1.620
1.620
1.620
1.620
1.570
1.570
1.570
1.570
1.570
1.570
1.570
1.570
1.570
1.570
1.570
1.570
-420.842 -102.563 -2.958385
