1 180
0.620
0.570
0.570
0.620
0.620
0.570
0.620
0.620
0.620
0.590
0.590
0.570
0.570
0.590
0.590
0.590
0.640
0.640
0.640
0.640
0.640
0.640
0.640
0.640
0.640
0.640
0.640
0.690
0.640
0.690
0.690
0.640
0.740
0.690
0.690
0.690
0.740
0.740
0.740
0.790
0.790
0.790
0.790
0.790
1.390
3.390
3.440
3.440
3.440
3.490
3.490
3.490
3.540
3.540
3.590
3.760
3.860
4.010
5.060
5.010
5.010
51.060
5.760
5.660
5.660
51.060
3.210
3.190
3.140
3.140
3.140
3.090
3.090
3.090
3.040
3.040
2.990
2.990
2.990
2.990
2.940
2.940
2.940
2.990
2.940
2.940
2.940
2.940
2.890
2.890
2.940
2.890
2.890
2.890
2.890
2.890
2.890
2.890
2.940
2.890
2.890
2.940
2.940
2.940
2.990
2.990
2.990
2.990
3.040
3.040
3.040
3.090
2.610
2.510
2.510
2.510
2.510
2.560
2.560
2.610
2.610
2.610
2.660
2.660
2.640
2.590
2.490
2.440
2.340
2.290
1.510
1.410
1.360
1.310
1.310
1.260
1.290
1.290
1.210
1.240
1.240
1.190
1.190
1.190
1.140
1.090
1.140
1.090
1.040
1.040
1.060
1.090
1.110
1.160
1.110
1.210
1.260
1.360
1.360
1.410
1.440
1.490
1.440
1.470
1.470
1.470
1.470
1.420
1.420
1.420
1.420
1.420
1.420
1.420
1.370
1.420
1.370
1.370
1.420
1.420
-333.449 7.084 2.144795
