1 180
1.170
1.120
1.170
1.120
1.170
1.170
1.170
1.170
1.170
1.170
1.170
1.220
1.170
1.170
1.220
1.220
1.170
1.190
1.190
1.190
1.240
1.190
1.240
1.240
1.240
1.240
1.290
1.290
1.290
1.290
1.340
1.340
1.390
1.390
1.390
1.440
1.440
1.490
1.490
1.490
1.540
1.540
1.540
1.640
1.640
1.640
1.690
1.740
1.740
1.790
1.840
1.940
1.890
1.990
2.040
2.090
2.190
2.190
2.290
2.390
2.440
2.540
2.590
2.710
2.810
2.910
3.060
3.210
3.310
3.460
3.660
3.910
4.110
4.360
4.610
5.010
5.410
5.910
6.410
7.110
7.910
8.960
10.160
12.160
15.010
21.610
26.560
26.560
26.570
26.610
18.710
12.910
5.460
3.860
3.760
3.740
3.710
3.690
3.740
3.710
3.810
3.760
3.460
3.260
3.110
2.910
2.710
2.560
2.460
1.860
1.760
1.690
1.590
1.640
1.640
1.640
1.640
1.690
1.690
1.640
1.590
1.540
1.490
1.490
1.390
1.390
1.390
1.340
1.290
1.240
1.240
1.190
1.240
1.190
1.140
1.140
1.090
1.090
1.090
1.040
1.040
1.040
0.990
0.990
0.990
0.990
0.990
0.990
0.940
0.940
0.940
0.890
0.890
0.890
0.890
0.890
0.890
0.840
0.840
0.840
0.840
0.840
0.840
0.840
0.840
0.870
0.840
0.840
0.840
0.840
0.870
0.840
0.840
0.820
0.820
0.790
0.820
0.820
0.820
0.820
-86.495 24.313 0.056795
