1 180
0.670
0.670
0.670
0.670
0.670
0.670
0.670
0.670
0.720
0.670
0.640
0.640
0.670
0.640
0.640
0.690
0.640
0.690
0.690
0.640
0.640
0.690
0.690
0.690
0.690
0.690
0.740
0.740
0.740
0.740
0.740
0.740
0.790
0.790
0.790
0.790
0.790
0.840
0.840
0.840
0.890
0.890
0.890
0.890
0.890
0.890
0.940
0.940
0.990
0.990
1.040
1.040
1.090
1.090
1.140
1.190
1.140
1.340
5.360
6.360
4.710
4.710
2.390
2.360
2.360
2.310
2.310
2.090
2.040
2.070
2.040
2.060
2.160
2.310
2.510
2.660
2.860
3.060
3.360
3.660
4.060
4.510
5.010
5.810
6.760
8.210
10.260
14.160
20.660
42.210
51.060
51.060
23.610
17.910
15.060
12.210
9.710
9.210
5.610
5.560
4.660
4.260
4.160
4.160
4.260
4.160
4.010
3.810
3.740
3.790
3.060
3.060
2.910
2.840
2.640
2.640
2.590
2.640
2.640
2.690
2.590
2.540
2.490
2.390
2.340
2.290
2.240
2.190
2.140
2.090
2.040
1.990
1.990
1.940
1.890
1.840
1.840
1.540
1.490
1.490
1.490
1.440
1.390
1.210
1.210
1.210
1.260
1.210
1.160
1.160
1.160
1.190
1.110
1.110
1.090
1.090
1.140
1.090
1.090
1.090
1.090
1.040
1.090
1.090
1.040
0.990
1.040
0.990
1.040
1.040
0.960
0.910
0.820
0.810
0.860
0.810
0.910
0.890
0.890
0.890
-114.624 -13.930 0.660795
