1 180
1.270
1.320
1.320
1.320
1.320
1.370
1.320
1.370
1.320
1.370
1.370
1.340
1.390
1.440
1.540
1.590
1.640
1.740
1.840
1.940
2.010
2.110
2.260
3.510
3.560
3.560
3.510
3.540
3.610
4.060
4.510
9.460
9.310
7.460
7.360
7.210
3.510
3.360
2.740
2.640
2.690
2.710
2.660
2.710
2.710
2.660
2.560
2.610
2.610
2.660
2.560
2.610
2.610
2.540
2.560
2.590
2.560
2.560
2.570
2.610
2.560
2.540
2.610
2.610
2.560
2.660
2.560
2.660
2.560
5.460
5.410
5.360
5.360
5.360
5.310
5.360
5.310
5.310
5.310
5.260
5.340
5.290
5.340
5.290
5.290
5.290
5.160
5.210
5.340
5.160
5.210
5.310
5.410
5.360
5.260
5.210
5.410
5.160
4.810
4.560
4.310
4.110
3.860
3.710
3.510
3.360
3.210
3.060
2.960
2.910
2.760
2.690
2.610
2.560
2.490
2.390
2.390
2.290
2.240
2.190
2.090
2.090
2.040
1.990
1.940
1.890
1.840
1.840
1.790
1.740
1.740
1.740
1.690
1.690
1.640
1.590
1.590
1.540
1.540
1.540
1.490
1.490
1.520
1.490
1.490
1.390
1.420
1.420
1.390
1.390
1.370
1.370
1.370
1.370
1.370
1.370
1.370
1.370
1.320
1.320
1.320
1.320
1.320
1.320
1.320
1.270
1.270
1.270
1.270
1.320
1.270
1.300
1.300
1.350
1.300
1.300
1.270
1.270
1.320
1.270
-316.092 29.879 -2.747385
