1 180
1.420
1.370
1.420
1.420
1.420
1.420
1.420
1.420
1.420
1.420
1.420
1.470
1.420
1.470
1.470
1.420
1.470
1.420
1.470
1.470
1.470
1.490
1.470
1.470
1.520
1.520
1.520
1.520
1.570
1.570
1.620
1.620
1.620
1.620
1.620
1.640
1.670
1.670
1.690
1.740
1.740
1.790
1.790
1.840
1.840
1.890
1.890
1.940
1.940
2.040
2.040
2.090
2.140
2.190
2.240
2.290
2.290
2.340
2.440
2.490
2.590
2.640
2.740
2.790
2.860
2.960
3.060
3.160
3.310
3.410
3.560
3.710
3.860
4.010
4.260
4.460
4.710
5.010
5.310
5.660
6.110
6.510
8.260
8.060
8.610
9.560
10.710
12.360
14.510
19.410
19.410
46.460
51.060
40.060
51.110
51.060
51.060
19.410
15.960
13.060
11.260
9.860
8.760
7.910
7.160
6.510
6.510
51.060
5.260
4.960
4.610
4.460
4.260
4.110
3.860
3.660
3.510
3.310
3.210
3.060
2.960
2.810
2.760
2.710
2.610
2.510
2.490
2.390
2.340
2.290
2.190
2.140
2.140
2.090
1.990
1.990
1.940
1.940
1.890
1.840
1.840
1.840
1.740
1.690
1.740
1.690
1.640
1.640
1.590
1.590
1.540
1.540
1.540
1.540
1.490
1.490
1.440
1.440
1.440
1.440
1.440
1.390
1.390
1.390
1.390
1.420
1.390
1.340
1.420
1.370
1.370
1.370
1.320
1.320
1.320
1.370
1.370
1.320
1.320
1.320
-515.916 -340.047 -1.574385
