1 180
2.020
2.020
2.070
2.070
2.070
2.020
2.070
2.070
2.020
2.020
2.070
2.070
2.070
2.070
2.090
2.090
2.140
2.090
2.090
2.140
2.140
2.140
2.190
2.190
2.190
2.190
2.240
2.240
2.290
2.340
2.340
2.340
2.390
2.390
2.440
2.490
2.490
2.490
2.540
2.590
2.590
2.640
2.690
2.740
2.790
2.840
2.890
2.940
2.990
3.040
3.090
3.190
3.290
3.310
3.360
3.410
3.560
3.610
3.710
3.810
3.910
4.110
4.510
4.610
4.860
5.010
5.160
5.110
5.210
5.460
5.710
5.960
6.260
6.560
7.010
7.310
7.760
8.310
8.960
9.610
10.760
11.460
12.660
15.810
17.910
18.710
21.760
16.510
21.710
51.060
51.060
51.060
31.110
51.060
12.960
9.860
7.910
6.660
5.710
5.060
4.510
4.060
3.710
3.410
3.110
2.910
2.760
2.560
2.410
2.260
2.110
2.060
1.910
1.860
1.790
1.740
1.640
1.590
1.540
1.490
1.390
1.390
1.340
1.340
1.240
1.240
1.190
1.190
1.190
1.140
1.140
1.090
1.090
1.040
1.040
0.990
0.990
0.940
0.940
0.890
0.890
0.890
0.890
0.890
0.840
0.840
0.840
0.790
0.790
0.790
0.790
0.790
0.790
0.790
0.740
0.740
0.740
0.740
0.740
0.740
0.690
0.690
0.690
0.690
0.690
0.720
0.690
0.690
0.640
0.690
0.720
0.720
0.720
0.720
0.670
0.670
0.690
0.670
0.670
0.670
-488.205 -140.086 -2.480385
