1 180
13.310
13.260
13.260
10.860
5.410
2.110
1.310
1.010
0.710
0.740
0.740
0.690
0.740
0.740
0.740
0.740
0.740
0.740
0.740
0.740
0.770
0.740
0.740
0.740
0.790
0.790
0.790
0.790
0.790
0.790
0.790
0.840
0.840
0.840
0.840
0.790
0.840
0.840
0.840
0.890
0.890
0.940
0.890
0.940
0.940
0.940
0.990
0.990
0.990
1.040
1.040
1.090
1.090
1.140
1.090
1.140
1.190
1.390
1.390
1.440
1.490
1.490
1.590
1.590
1.640
1.690
1.790
1.840
1.890
1.890
1.940
1.990
1.940
2.090
2.110
2.560
2.660
2.860
2.910
2.990
3.040
3.310
3.560
3.860
4.260
4.710
5.310
5.910
6.860
8.210
10.260
11.810
7.410
7.410
51.110
6.210
6.260
6.560
6.510
15.160
6.260
6.210
6.710
7.960
7.160
6.910
6.760
5.560
5.260
4.910
4.560
4.360
4.060
3.860
3.660
3.510
3.360
3.210
3.190
3.110
3.060
2.960
2.910
2.760
2.710
2.610
2.390
2.340
2.240
2.240
2.240
2.240
2.190
2.190
2.090
2.090
2.040
1.990
1.990
1.940
1.890
1.890
1.840
1.840
1.790
1.740
1.690
1.690
1.540
1.490
1.490
1.490
1.490
1.490
1.440
1.440
1.390
1.390
1.390
1.390
1.340
1.340
1.340
1.340
1.370
1.320
1.290
1.370
1.320
1.290
1.320
1.320
1.270
1.270
1.270
1.270
1.270
1.270
1.240
1.240
-324.044 -8.571 0.566795
