1 180
1.020
0.970
0.970
0.970
0.970
1.020
1.020
0.990
0.990
1.040
0.990
0.990
0.990
0.990
1.040
1.040
0.990
1.040
1.040
1.090
1.090
1.090
1.040
1.090
1.140
1.090
1.090
1.140
1.190
1.240
1.190
1.190
1.240
1.240
1.240
1.290
1.290
1.340
1.340
1.390
1.390
1.440
1.440
1.490
1.490
1.540
1.590
1.640
1.690
1.740
1.740
1.840
1.840
1.940
1.990
2.090
2.190
2.240
2.290
2.390
2.410
2.560
2.710
2.810
3.010
3.110
3.310
3.560
3.760
4.010
5.260
5.260
5.260
5.560
6.160
6.860
7.860
8.960
10.710
13.460
19.910
24.310
51.060
51.060
51.060
51.060
26.160
19.610
16.210
13.410
12.360
10.010
8.910
8.060
7.360
6.810
6.410
6.010
5.610
5.160
5.160
5.160
4.910
4.510
4.510
4.410
3.760
3.560
3.410
3.260
3.160
3.060
3.010
2.910
2.760
2.710
2.690
2.590
2.490
2.440
2.440
2.340
2.290
2.240
2.190
2.190
2.140
2.090
2.040
1.990
1.990
1.940
1.890
1.890
1.840
1.890
1.790
1.740
1.740
1.740
1.740
1.690
1.690
1.640
1.590
1.590
1.590
1.590
1.590
1.590
1.590
1.540
1.490
1.540
1.490
1.490
1.440
1.490
1.490
1.440
1.470
1.470
1.470
1.470
1.520
1.470
1.470
1.470
1.470
1.470
1.470
1.420
1.470
1.420
1.470
1.420
1.470
1.420
1.470
1.470
-542.444 -138.891 -3.004385
