1 180
1.370
1.370
1.370
1.370
1.320
1.370
1.370
1.370
1.370
1.370
1.420
1.420
1.420
1.370
1.420
1.420
1.420
1.390
1.390
1.440
1.490
1.440
1.470
1.490
1.490
1.490
1.520
1.520
1.540
1.540
1.570
1.540
1.590
1.590
1.590
1.640
1.640
1.690
1.740
1.790
1.790
1.790
1.840
1.840
1.890
1.940
1.940
2.040
2.040
2.090
2.140
2.140
2.240
2.290
2.310
2.460
2.510
2.560
2.610
2.710
2.860
2.910
3.010
3.110
3.210
3.310
3.360
3.460
3.660
3.860
4.010
4.210
4.460
4.460
4.410
4.410
4.360
4.760
7.110
7.210
7.860
8.710
9.710
11.560
13.460
16.110
51.060
32.460
34.460
35.860
21.810
21.510
23.460
16.110
13.410
10.410
8.760
7.910
7.860
7.860
7.910
7.960
7.960
8.010
8.060
8.110
8.110
51.060
51.060
51.060
4.560
4.310
4.240
4.260
4.310
4.310
4.360
4.310
4.410
4.010
3.860
3.760
3.610
3.610
3.410
3.360
3.660
3.210
3.110
3.360
3.060
2.910
10.110
2.810
51.060
2.760
6.110
2.610
11.660
2.560
5.710
2.460
2.610
11.510
2.410
5.260
2.360
2.360
5.010
2.210
2.310
8.260
2.160
10.310
51.060
2.110
2.210
51.060
2.110
2.060
8.310
8.160
2.010
9.560
9.560
2.110
1.960
9.410
9.310
1.960
2.310
9.260
9.210
1.890
9.210
9.160
9.160
1.840
9.160
9.110
-227.395 2.467 -3.024385
