1 180
1.610
1.610
20.410
1.710
1.660
1.610
1.660
1.660
18.860
1.710
1.710
1.660
1.660
1.610
1.710
2.060
1.810
1.760
1.760
1.760
1.910
1.860
1.860
1.860
1.910
2.410
1.910
1.910
1.910
1.910
2.010
2.110
2.010
2.110
2.160
2.160
2.160
2.260
2.260
2.310
2.260
2.240
2.190
2.190
2.140
2.090
2.090
1.990
1.990
1.990
1.990
1.940
1.940
1.890
1.890
1.840
1.840
1.840
1.790
1.790
1.740
1.740
1.740
1.690
1.690
1.690
1.690
1.690
1.760
1.810
1.960
2.110
5.760
5.760
5.760
5.810
5.860
5.860
6.110
5.960
5.910
8.660
8.710
8.660
8.660
8.660
8.660
8.660
8.610
8.660
8.560
8.660
8.760
8.610
8.610
8.160
7.510
6.960
6.460
6.060
5.610
5.310
5.010
4.760
4.510
4.310
4.110
3.960
3.810
3.660
3.510
2.310
2.210
2.160
2.060
2.010
1.960
1.860
1.940
1.940
1.940
1.990
2.040
2.040
2.090
2.090
2.140
2.190
2.190
2.240
2.260
2.310
2.360
2.410
2.360
2.510
2.560
2.560
2.590
2.540
2.490
2.490
2.490
2.440
2.440
2.390
2.390
2.340
2.340
2.290
2.290
2.290
2.290
2.240
2.240
2.190
2.190
2.190
2.140
2.190
2.190
2.140
2.140
2.140
2.190
2.260
2.360
2.410
2.960
7.210
7.210
7.110
7.060
7.060
7.060
7.060
5.360
5.060
5.110
7.060
-312.890 30.990 -2.815385
