1 180
1.500
1.500
1.520
1.470
1.520
1.520
1.470
1.470
1.520
1.520
1.520
1.570
1.520
1.570
1.520
1.570
1.570
1.620
1.620
1.570
1.570
1.610
1.560
1.560
1.490
1.490
1.540
1.540
1.540
1.590
1.590
1.590
1.640
1.640
1.640
1.690
1.690
1.740
1.790
1.790
1.840
1.890
1.890
1.890
1.940
1.990
2.040
2.040
2.090
2.140
2.190
2.240
2.340
2.340
2.390
2.490
2.540
2.640
2.690
2.790
2.840
2.960
3.060
3.160
3.310
3.410
3.560
3.710
3.860
4.010
4.260
4.560
5.110
5.410
5.610
5.760
6.210
6.660
7.210
8.010
8.810
10.160
11.210
12.960
15.410
19.410
23.110
22.860
23.410
16.960
18.660
17.210
15.810
12.110
9.860
8.660
7.160
6.360
5.660
5.110
4.660
4.310
3.960
3.710
3.460
3.510
3.460
3.260
3.110
2.910
2.810
2.360
2.310
2.190
2.140
2.040
1.990
1.940
1.840
1.840
1.740
1.690
1.640
1.590
1.590
1.540
1.490
1.440
1.390
1.390
1.390
1.340
1.340
1.290
1.240
1.190
1.240
1.190
1.140
1.190
1.140
1.140
1.090
1.090
1.040
1.090
1.090
1.040
1.040
1.040
0.990
1.040
0.990
0.990
0.990
0.990
0.990
0.940
0.940
0.970
0.970
0.920
0.970
0.970
0.920
0.970
0.920
0.920
0.920
0.920
0.920
0.920
0.920
0.920
0.870
0.920
0.870
0.870
0.920
0.870
-382.995 -35.069 -1.268385
