1 180
4.960
4.960
5.010
5.010
5.160
5.110
5.060
3.410
3.190
3.090
2.990
2.940
2.890
2.840
2.740
2.690
2.640
2.590
2.540
2.490
2.440
2.390
2.340
2.340
2.290
2.240
2.240
2.190
2.190
2.140
2.090
2.090
2.040
2.040
1.990
1.990
2.020
1.940
1.970
1.970
1.970
1.920
1.920
1.870
1.870
1.870
1.870
1.870
1.820
1.820
1.820
1.820
1.820
1.820
1.820
1.820
1.770
1.770
1.770
1.770
1.770
1.770
1.770
1.770
1.770
1.770
1.770
1.770
1.770
1.770
1.770
1.770
1.770
1.770
1.820
1.770
1.820
1.870
1.770
1.820
1.870
1.840
1.820
1.870
1.920
1.920
1.870
1.890
1.890
1.940
1.940
1.940
1.940
1.990
2.040
2.040
2.090
2.090
2.140
2.140
2.140
2.190
2.190
2.240
2.240
2.290
2.390
2.390
2.440
2.440
2.540
2.540
2.640
2.690
2.740
2.790
2.840
2.940
2.960
3.010
3.110
3.160
3.310
3.410
3.460
3.610
3.710
3.860
3.960
4.110
4.260
4.460
4.660
4.860
5.110
5.360
5.660
5.910
6.260
51.060
7.310
51.060
8.360
8.960
9.810
10.910
12.160
14.460
15.960
19.060
25.160
25.110
25.110
25.110
12.160
11.860
11.960
8.810
7.010
6.260
5.760
4.160
3.610
3.260
2.860
2.610
2.410
2.210
2.060
1.910
1.810
1.740
1.640
1.540
1.490
1.390
1.340
1.290
1.240
1.190
-147.543 -18.355 1.931795
