1 180
7.360
7.360
2.040
2.060
7.460
7.410
2.010
7.460
7.510
2.060
2.110
3.010
2.910
2.160
2.610
2.510
2.110
2.160
2.160
2.160
8.010
7.710
14.660
14.210
13.760
51.060
51.060
6.110
12.110
5.760
11.510
5.560
5.510
5.260
5.260
10.010
4.510
4.410
4.410
4.310
4.460
4.110
8.960
4.110
3.910
3.910
8.460
3.760
3.710
3.960
3.610
3.540
3.490
3.440
3.440
3.390
3.340
3.290
3.410
3.510
3.660
3.760
7.010
6.960
6.910
6.860
6.810
6.760
6.710
6.660
6.360
6.360
6.310
6.310
6.510
6.560
6.510
6.510
6.460
6.510
6.560
6.560
6.510
6.510
6.510
6.510
6.510
6.510
6.510
6.560
6.560
6.560
6.560
6.560
6.560
6.510
6.510
6.510
6.560
6.610
6.560
6.610
6.660
6.660
6.710
6.760
6.810
6.860
6.860
6.960
4.310
4.110
4.010
3.860
3.710
3.560
3.460
3.360
3.310
3.310
3.310
3.360
3.360
3.360
3.510
3.510
3.610
3.760
3.910
3.810
3.860
51.060
3.910
3.910
3.960
4.010
4.510
4.460
4.510
4.510
4.810
4.860
4.910
5.010
1.310
1.340
1.340
1.340
1.340
1.290
1.340
1.440
1.390
1.390
1.390
1.390
1.340
1.340
1.190
1.240
1.190
1.190
1.190
1.190
1.190
1.540
1.540
1.390
1.290
1.290
1.340
1.290
1.290
1.290
1.540
1.520
1.540
1.490
1.490
1.290
-390.974 -101.354 -1.968385
