1 180
1.660
1.710
1.660
1.710
1.710
1.760
1.760
1.760
1.790
1.810
1.760
1.810
1.810
1.810
1.910
1.860
1.910
1.890
1.890
1.960
1.940
1.990
1.990
2.040
2.060
2.090
2.120
2.140
2.160
2.210
2.240
2.270
2.350
2.390
2.390
2.840
2.840
2.940
2.940
3.040
3.090
3.210
3.260
3.360
3.410
3.510
3.610
3.710
3.710
3.660
3.610
3.560
3.610
3.560
3.510
3.460
3.410
3.460
3.410
3.360
3.360
3.360
3.310
3.310
3.310
3.260
3.260
3.310
3.460
3.760
4.860
5.560
5.910
7.710
7.860
7.860
8.860
51.060
51.060
43.560
39.810
34.010
51.060
51.060
18.160
15.510
13.910
12.560
7.910
8.160
9.660
8.960
8.360
7.860
7.410
7.010
6.660
6.360
6.060
5.760
5.560
5.310
5.110
4.060
4.010
3.860
3.760
3.710
3.710
3.760
3.810
3.860
3.910
3.960
4.010
4.010
4.160
4.160
4.160
4.260
4.310
4.460
4.510
4.710
4.660
4.860
4.660
4.510
4.410
4.360
4.260
4.260
4.160
4.110
4.110
3.960
3.960
3.960
3.910
3.810
3.810
3.810
3.710
3.710
3.710
3.160
3.110
3.110
3.110
3.110
3.260
3.410
3.560
3.810
4.110
9.410
9.460
9.460
9.460
9.510
9.460
9.410
9.410
9.410
9.360
9.310
9.210
9.160
9.110
8.960
8.860
8.710
8.560
8.360
8.110
7.810
7.210
6.460
5.860
5.160
-192.679 -2.493 2.834795
