1 180
0.760
0.760
0.760
0.760
0.760
0.730
0.760
0.730
0.730
0.780
0.780
0.730
0.780
0.730
0.780
0.780
0.830
0.780
0.830
0.830
0.830
0.830
0.830
0.830
0.830
0.830
0.880
0.880
0.880
0.880
0.880
0.980
0.930
0.930
0.930
0.980
0.980
0.980
1.030
1.030
1.030
1.080
1.080
1.080
1.130
1.130
1.180
1.180
1.230
1.330
1.280
1.280
1.530
1.530
1.580
1.630
1.680
1.730
1.780
1.880
1.880
1.980
2.080
2.130
2.130
2.130
2.280
2.600
2.700
2.900
3.050
3.180
3.180
3.450
3.750
4.100
4.500
5.000
5.600
6.350
7.400
9.050
9.150
9.200
9.300
9.450
9.550
25.200
21.400
20.650
16.150
13.050
11.400
9.600
8.550
7.500
7.500
6.350
5.800
5.400
5.050
4.700
4.450
4.150
3.950
3.700
3.600
3.400
3.250
3.050
2.950
2.850
2.750
2.700
2.600
2.530
2.400
2.380
2.280
2.280
2.230
2.130
2.030
2.030
1.980
1.980
1.880
1.830
1.830
1.780
1.730
1.730
1.680
1.630
1.630
1.630
1.580
1.530
1.530
1.530
1.480
1.480
1.430
1.480
1.430
1.380
1.380
1.380
1.380
1.330
1.330
1.330
1.280
1.330
1.330
1.280
1.280
1.280
1.280
1.280
1.280
1.310
1.260
1.260
1.260
1.260
1.260
1.260
1.260
1.210
1.260
1.210
1.260
1.260
1.210
1.210
1.210
1.210
1.210
1.210
-46.007 17.960 2.074795
