1 180
1.410
1.810
8.660
8.710
8.710
1.390
1.760
8.710
8.760
8.710
1.460
1.560
8.810
8.860
8.860
1.410
1.760
8.960
9.010
9.060
1.510
9.110
9.160
9.260
1.610
1.610
9.460
9.510
1.860
1.610
8.810
8.510
1.810
1.660
51.060
51.060
1.760
1.810
8.260
1.960
1.860
4.210
4.160
1.960
4.160
4.260
1.960
5.410
2.110
2.160
5.760
2.160
5.910
2.260
51.110
2.310
10.560
2.460
2.610
2.610
2.710
2.910
2.810
2.960
3.060
3.160
3.260
3.410
3.510
3.610
3.760
3.910
4.160
4.260
4.560
4.910
4.860
4.860
4.810
4.810
5.010
51.060
51.060
51.060
8.160
8.510
9.610
11.110
13.110
17.260
17.210
27.460
51.060
21.860
51.060
4.760
4.610
4.560
4.710
4.610
4.660
10.910
9.660
8.810
8.460
7.660
6.760
6.360
5.910
5.560
5.210
4.960
4.710
4.460
4.260
4.110
3.910
3.760
3.610
3.510
3.360
3.260
3.110
3.010
2.960
2.860
2.810
2.740
2.690
2.590
2.540
2.490
2.440
2.340
2.290
2.290
2.240
2.190
2.190
2.090
2.090
2.040
2.040
1.940
1.940
1.890
1.890
1.890
1.840
1.840
1.790
1.740
1.740
1.740
1.740
1.690
1.690
1.690
1.690
1.590
1.640
1.640
1.590
1.590
1.620
1.570
1.620
1.570
1.570
1.540
1.590
1.570
1.570
1.570
1.570
1.520
1.520
1.570
1.520
1.520
-499.175 -148.617 -2.480385
