1 180
2.170
2.220
2.170
2.220
2.160
2.460
2.460
2.510
2.460
2.510
2.510
2.560
2.560
2.510
2.560
2.610
2.610
2.610
2.610
2.660
2.660
2.660
2.660
2.710
2.710
2.760
2.810
2.810
2.810
2.560
2.540
2.540
2.590
2.590
2.640
2.690
2.690
2.740
2.790
2.840
2.890
2.940
2.990
2.990
3.090
3.140
3.190
3.240
3.290
3.360
3.410
3.510
3.560
3.660
51.060
4.410
51.060
4.810
4.960
4.860
4.910
4.710
4.710
4.910
5.110
5.260
5.660
8.410
8.410
8.310
8.310
8.210
6.010
6.010
8.060
8.060
8.010
8.010
8.010
6.210
6.310
6.360
7.810
7.810
7.810
8.060
12.160
15.160
23.210
27.010
51.060
51.060
17.060
15.810
13.460
10.910
10.660
8.060
7.760
7.610
6.910
5.460
5.010
4.810
4.810
4.760
4.460
4.210
4.010
3.810
3.610
3.410
3.310
3.160
3.060
2.510
2.410
2.360
2.290
2.240
2.290
2.290
2.340
2.290
2.240
2.190
2.140
2.140
2.040
1.940
1.940
1.940
1.890
1.840
1.790
1.740
1.740
1.690
1.690
1.690
1.590
1.590
1.590
1.540
1.590
1.540
1.490
1.490
1.490
1.440
1.440
1.440
1.390
1.390
1.390
1.340
1.340
1.340
1.340
1.290
1.290
1.340
1.390
1.390
1.420
1.420
1.420
1.420
1.420
1.390
1.370
1.420
1.370
1.420
1.370
1.370
1.370
1.370
1.370
1.320
-134.164 -0.708 -2.463385
