1 180
1.570
1.570
1.570
1.570
1.570
1.570
1.570
1.570
1.620
1.570
1.620
1.620
1.620
1.620
1.620
1.590
1.620
1.640
1.670
1.670
1.720
1.640
1.690
1.690
1.690
1.720
1.740
1.770
1.770
1.790
1.790
1.790
1.840
1.840
1.890
1.890
1.890
1.940
1.990
1.990
2.040
2.040
2.090
2.090
2.140
2.190
2.240
2.290
2.290
2.340
2.390
2.490
2.510
2.760
3.060
51.060
51.060
51.060
51.060
51.060
51.060
3.460
3.510
3.560
3.610
3.710
3.710
3.810
4.010
4.160
4.360
4.560
4.760
5.060
5.310
5.610
5.960
6.410
6.810
7.310
7.910
8.610
8.560
8.560
8.560
13.610
15.910
21.710
21.660
51.060
32.510
51.060
51.060
51.060
22.010
21.710
17.510
14.510
12.260
10.660
9.460
8.510
7.760
7.060
6.510
6.060
5.710
5.310
5.010
4.710
4.460
4.260
4.060
3.860
3.710
3.560
3.560
3.610
3.610
3.610
3.860
3.760
3.910
4.060
4.110
2.860
2.710
2.440
2.390
2.340
2.290
2.240
2.190
2.140
2.090
2.040
1.990
1.990
1.990
1.890
1.890
1.840
1.840
1.790
1.790
1.740
1.740
1.740
1.690
1.640
1.640
1.640
1.640
1.590
1.590
1.540
1.540
1.540
1.540
1.490
1.540
1.490
1.490
1.490
1.490
1.470
1.470
1.470
1.470
1.440
1.470
1.470
1.470
1.470
1.420
1.420
1.420
1.420
1.420
1.370
-179.706 -15.155 2.088795
