1 180
1.520
1.570
1.520
1.520
1.520
1.520
1.520
1.520
1.520
1.520
1.520
1.520
1.520
1.520
1.520
1.520
1.570
1.520
1.520
1.570
1.520
1.570
1.520
1.570
1.570
1.570
1.570
1.570
1.620
1.620
1.620
1.620
1.620
1.670
1.670
1.640
1.710
1.710
1.760
1.710
1.910
1.860
1.960
1.910
2.010
2.010
2.010
2.060
2.110
2.110
2.160
2.160
2.210
2.210
2.310
2.310
2.360
2.410
2.310
2.310
2.360
2.460
2.440
2.540
2.540
2.660
2.760
3.010
3.060
3.210
3.310
3.360
3.560
3.560
3.560
3.560
3.660
3.810
4.010
4.210
4.660
4.910
5.060
5.110
5.410
5.710
6.160
6.510
7.110
7.660
8.360
9.260
10.310
13.360
13.360
15.410
15.910
15.910
15.910
15.860
10.760
10.860
15.910
15.410
15.460
10.960
6.360
6.410
6.610
5.860
5.360
4.860
4.410
4.110
3.760
3.560
3.360
3.110
2.960
2.810
2.660
2.510
2.460
2.310
2.260
2.160
2.060
2.110
2.060
2.010
1.910
1.860
1.810
1.760
1.710
1.610
1.610
1.560
1.460
1.510
1.460
1.410
1.410
1.360
1.360
1.310
1.310
1.260
1.190
1.190
1.190
1.140
1.140
1.140
1.090
1.090
1.040
1.040
1.040
1.040
1.040
0.990
0.990
0.990
0.940
0.990
0.940
0.940
0.990
0.940
0.940
0.940
0.890
0.890
0.890
0.940
0.940
0.890
0.890
0.920
-583.828 -150.535 -2.902385
