1 180
1.590
1.640
1.560
1.620
1.620
1.670
1.670
1.620
1.670
1.670
1.670
1.690
1.670
1.690
1.720
1.690
1.720
1.720
1.740
1.790
1.790
1.790
1.790
1.790
1.790
1.840
1.890
1.890
1.940
1.960
2.010
2.060
2.060
2.110
2.110
2.110
2.210
2.210
2.210
2.310
2.310
2.360
2.410
2.460
2.460
2.510
2.610
2.660
2.710
2.810
2.810
2.860
2.940
2.960
3.110
3.210
3.310
3.360
3.460
3.610
3.710
3.910
4.060
4.210
4.410
4.610
4.860
5.110
5.360
5.710
6.010
6.510
6.860
7.410
8.060
8.810
9.660
11.260
3.710
3.610
3.660
21.660
29.310
33.910
51.060
51.060
51.060
41.210
41.410
21.460
17.960
14.210
12.010
11.410
9.310
8.410
4.860
4.660
4.610
4.610
4.660
4.660
4.760
4.760
4.810
51.060
51.060
4.260
3.610
3.460
3.360
3.260
3.110
3.010
2.910
2.810
2.760
2.660
2.640
2.540
2.490
2.390
2.340
2.290
2.240
2.240
2.190
2.090
2.090
2.040
1.990
1.990
1.940
1.890
1.840
1.840
1.790
1.790
1.740
1.740
1.690
1.690
1.640
1.640
1.640
1.590
1.590
1.590
1.590
1.540
1.540
1.540
1.540
1.490
1.490
1.440
1.490
1.440
1.440
1.440
1.440
1.440
1.470
1.470
1.420
1.420
1.420
1.420
1.420
1.420
1.420
1.420
1.370
1.420
1.420
1.420
1.370
1.370
1.370
1.370
-438.725 -106.704 -2.790385
