1 180
1.790
1.740
1.740
1.820
1.790
1.790
1.790
1.790
1.790
1.790
1.740
1.690
1.610
1.660
1.660
1.710
1.690
1.720
1.720
1.720
1.720
1.740
1.770
1.770
1.770
1.820
1.820
1.820
1.820
1.870
1.840
1.840
1.890
1.890
1.940
1.940
1.940
2.040
1.990
2.040
2.040
2.090
2.090
2.140
2.190
2.240
2.240
2.290
2.340
2.340
2.390
2.490
2.540
2.590
2.640
2.690
2.740
2.840
2.840
2.990
3.010
3.110
3.160
3.260
3.360
3.460
3.560
3.710
3.860
4.010
4.210
4.360
4.560
4.760
5.010
5.260
5.510
5.860
6.210
6.660
7.060
7.660
8.260
9.060
9.960
11.960
12.510
14.310
16.860
8.360
8.710
8.710
10.310
10.210
51.060
30.360
30.310
24.610
51.060
14.810
11.610
10.560
9.010
7.960
7.460
7.060
7.110
7.110
7.160
7.210
7.210
7.260
4.260
4.060
3.810
3.660
3.560
3.410
3.260
3.110
3.010
2.860
2.810
2.710
2.640
2.590
2.490
2.490
2.340
2.340
2.240
2.240
2.140
2.090
2.090
2.040
2.040
1.990
1.940
1.890
1.890
1.840
1.790
1.790
1.740
1.690
1.640
1.690
1.640
1.640
1.590
1.590
1.540
1.540
1.540
1.490
1.490
1.490
1.490
1.440
1.490
1.440
1.440
1.390
1.420
1.460
1.410
1.410
1.410
1.360
1.410
1.460
1.460
1.510
1.460
1.460
1.410
1.410
1.440
1.390
-448.962 -110.482 -2.828385
