1 180
1.570
1.520
1.570
1.520
1.570
1.570
1.520
1.570
1.570
1.570
1.570
1.570
1.620
1.570
1.570
1.620
1.620
1.620
1.620
1.670
1.620
1.670
1.640
1.720
1.670
1.720
1.720
1.770
1.770
1.740
1.740
1.790
1.790
1.840
1.840
1.840
1.890
1.890
1.940
1.990
1.990
2.040
1.990
2.040
2.090
2.190
2.240
2.190
2.240
2.340
2.340
2.440
2.490
2.490
2.590
2.640
2.690
2.790
2.840
2.940
3.040
3.110
3.260
3.310
3.410
3.510
3.710
3.860
4.010
4.160
4.310
4.560
6.710
5.560
51.060
51.060
6.410
6.460
6.960
7.510
8.210
9.810
9.960
11.110
15.160
15.160
19.910
24.860
24.860
38.510
51.060
51.060
32.660
38.560
29.110
18.860
15.710
13.160
11.410
10.110
9.010
8.460
8.460
6.860
6.310
5.910
5.610
5.260
4.960
4.660
4.510
4.360
4.360
51.060
51.060
51.060
51.060
3.260
3.210
3.060
2.960
2.860
2.810
2.710
2.640
2.590
2.490
2.490
2.390
2.340
2.340
2.290
2.190
2.190
2.140
2.090
2.090
1.990
1.990
1.940
1.890
1.840
1.890
1.840
1.790
1.790
1.810
1.760
1.710
1.760
1.810
1.810
1.810
1.810
1.760
1.710
1.810
1.760
1.710
1.710
1.660
1.660
1.710
1.660
1.660
1.660
1.660
1.660
1.610
1.660
1.610
1.610
1.560
1.610
1.510
1.560
1.540
1.540
1.540
1.540
-520.805 -370.560 -1.922385
