1 180
0.820
0.870
0.820
0.870
0.820
0.870
0.820
0.820
0.870
0.820
0.840
0.790
0.820
0.790
0.820
0.820
0.870
0.870
0.920
0.840
0.840
0.840
0.890
0.840
0.890
0.890
0.890
0.890
0.890
0.940
0.890
0.940
0.890
0.940
0.940
0.990
0.940
0.990
0.990
0.990
1.040
1.040
1.040
1.090
1.090
1.140
1.140
1.140
1.190
1.190
1.240
1.240
1.290
1.290
1.340
1.340
1.390
1.440
1.490
1.490
1.590
1.590
1.640
1.690
1.690
1.790
1.840
1.990
2.040
2.140
2.190
2.290
2.360
2.510
2.610
2.810
2.960
3.160
3.360
3.610
3.860
4.260
4.610
5.060
5.660
6.410
10.710
10.660
10.610
13.360
16.260
16.210
21.710
28.560
28.660
28.560
51.060
18.660
15.510
13.260
11.610
10.760
10.760
10.860
6.110
5.860
5.960
6.010
5.860
5.460
5.160
4.960
4.660
4.410
4.210
4.090
4.090
4.090
4.110
4.160
4.160
4.210
3.110
3.060
2.960
2.910
2.810
2.790
2.690
2.640
2.590
2.640
2.640
2.690
2.740
2.840
2.840
2.890
2.890
2.990
2.990
3.040
2.990
2.990
2.940
2.890
2.840
2.790
2.740
1.890
1.840
1.840
1.790
1.790
1.790
1.740
1.690
1.740
1.690
1.720
0.990
0.810
0.840
0.790
0.790
0.790
0.790
0.840
0.790
0.860
1.620
1.620
1.620
1.570
1.570
1.570
1.570
1.570
1.620
0.660
-551.956 -260.755 -1.639385
