1 180
6.210
6.410
6.410
6.560
6.810
9.460
11.260
12.960
51.060
19.660
35.110
51.060
28.010
27.410
8.460
8.460
8.860
14.060
11.610
9.860
8.710
6.460
6.410
6.410
6.110
5.710
5.710
5.710
5.760
5.760
5.810
5.860
5.610
5.360
5.160
4.960
4.960
4.760
4.710
4.510
4.410
3.960
3.810
3.710
3.610
3.510
3.460
3.310
3.210
3.190
3.140
3.040
2.990
2.890
1.810
1.720
1.740
1.740
1.740
1.710
1.760
1.760
1.760
1.810
1.810
1.810
1.810
1.860
1.810
1.810
1.860
1.860
1.860
1.910
1.910
1.960
1.910
1.960
2.010
1.960
2.010
2.060
2.160
2.560
2.710
2.860
3.160
3.260
3.560
3.810
3.960
4.260
4.510
4.710
4.610
4.610
4.610
4.560
4.560
4.560
4.560
4.560
4.540
4.540
4.560
4.560
4.560
4.610
4.610
4.610
4.610
4.660
4.710
4.710
4.710
4.510
4.510
4.510
4.260
3.860
3.560
3.510
3.490
3.510
3.410
3.360
3.160
3.010
2.960
2.860
2.310
2.260
2.110
2.110
2.160
2.160
2.110
2.160
2.210
2.160
2.210
2.210
2.260
2.260
2.260
2.260
2.310
2.310
2.310
2.360
2.360
2.410
2.360
2.360
2.460
5.810
5.760
5.660
5.610
5.560
5.460
5.410
5.360
5.310
5.260
5.210
5.160
5.110
5.110
5.010
5.010
5.010
5.010
5.010
5.010
5.010
5.010
4.960
4.960
4.910
-516.848 -320.908 1.974795
