1 180
8.660
3.260
8.610
8.610
3.260
8.560
3.260
8.560
3.210
8.560
3.210
8.560
8.560
3.210
8.560
3.310
8.610
3.310
8.610
3.310
4.510
3.310
3.410
3.460
3.310
3.310
8.910
8.910
8.560
8.110
7.810
7.460
7.160
6.860
6.560
6.310
6.110
5.910
5.760
5.560
5.210
5.260
5.060
4.960
4.860
4.710
4.610
4.460
4.410
4.260
4.160
4.110
4.060
3.960
3.860
3.810
3.760
3.660
3.610
3.560
3.460
3.460
3.410
3.360
3.310
3.260
3.210
3.210
3.160
3.160
3.110
3.060
3.010
3.010
2.960
2.910
2.910
2.910
2.860
2.960
3.160
3.310
3.510
3.760
3.960
4.260
4.510
4.910
5.260
5.610
6.710
6.810
7.360
8.410
9.810
11.760
12.560
13.310
16.360
8.110
8.060
8.260
8.410
16.410
16.360
12.610
12.310
10.810
10.310
8.560
7.810
7.060
7.010
7.060
7.110
7.110
7.160
5.060
4.410
4.210
4.010
3.810
3.660
3.510
3.360
3.260
3.160
3.060
3.040
3.040
3.090
3.140
3.190
3.190
3.240
3.290
3.340
3.290
3.260
3.240
3.310
3.340
3.360
3.510
3.540
3.490
3.390
3.340
2.590
2.510
2.490
2.490
2.440
2.440
2.390
2.340
2.340
2.290
2.290
2.240
2.240
2.190
2.190
2.190
2.140
2.140
2.140
2.240
2.240
2.240
2.240
2.290
2.340
2.490
2.490
2.540
2.390
2.210
2.160
2.260
-407.155 33.255 -2.723385
