1 180
0.870
0.870
0.870
0.870
0.870
0.870
0.870
0.870
0.840
0.840
0.840
0.890
0.890
0.890
0.890
0.890
0.890
0.890
0.890
0.890
0.890
0.890
0.890
0.940
0.940
0.940
0.890
0.940
0.940
0.990
0.940
0.990
0.990
0.990
0.990
1.040
1.040
1.040
1.090
1.060
1.090
1.040
1.040
1.040
1.040
1.040
1.090
1.140
1.140
1.190
1.190
1.190
1.190
1.290
1.290
1.340
1.340
1.390
1.440
1.490
1.540
1.590
1.640
1.690
1.740
1.740
1.890
1.940
2.040
2.090
2.160
2.310
2.410
2.510
2.710
2.860
3.060
3.210
3.510
3.810
4.060
5.010
5.060
5.560
6.360
7.310
8.660
10.610
51.060
51.060
29.510
51.060
51.060
27.810
19.310
13.260
13.260
10.610
9.710
7.860
7.610
6.910
5.360
5.010
5.060
5.060
5.010
4.760
4.510
4.260
3.660
2.810
2.760
2.760
2.710
2.460
2.410
2.340
2.290
2.390
2.390
2.390
2.310
2.260
2.190
2.140
2.090
2.040
1.990
1.940
1.890
1.890
1.840
1.790
1.740
1.740
1.690
1.690
1.640
1.590
1.590
1.540
1.540
1.540
1.490
1.490
1.440
1.440
1.440
1.390
1.390
1.390
1.340
1.340
1.390
1.290
1.290
1.290
1.290
1.290
1.240
1.240
1.240
1.240
1.290
1.240
1.240
1.240
1.190
1.190
1.190
1.190
1.190
1.190
1.190
1.190
1.190
1.190
1.190
1.140
-101.494 22.304 -2.659385
