1 180
0.990
0.940
0.940
0.940
0.890
0.890
0.890
0.890
0.840
0.890
0.840
0.840
0.840
0.790
0.840
0.840
0.840
0.790
0.790
0.790
0.790
0.790
0.790
0.790
0.790
0.740
0.740
0.770
0.820
0.770
0.770
0.820
0.770
0.770
0.820
0.770
0.820
0.770
0.770
0.770
0.770
0.770
0.820
0.820
0.820
0.770
0.770
0.770
0.820
0.790
0.820
0.790
0.790
0.790
0.790
0.790
0.790
0.790
0.840
0.840
0.840
0.840
0.840
0.840
0.840
0.890
0.840
0.890
0.890
0.890
0.890
0.890
0.990
0.940
0.990
0.990
1.010
1.010
1.060
1.060
1.160
1.160
1.310
1.360
1.410
1.410
1.410
1.510
1.510
1.610
1.610
1.710
1.710
1.760
1.760
1.760
1.860
1.910
1.960
2.060
2.060
2.060
2.060
2.010
2.060
2.110
2.210
2.310
2.410
2.560
2.710
2.860
3.060
3.310
3.510
3.810
4.110
4.510
4.760
4.810
5.510
7.410
8.610
10.910
10.910
23.310
8.510
8.510
8.510
38.260
26.410
8.810
8.810
8.860
14.510
14.560
14.610
14.660
10.910
10.810
10.910
10.110
9.660
8.910
8.460
8.010
7.710
7.260
6.910
5.610
5.410
5.210
5.260
5.060
4.910
4.710
4.560
4.460
4.310
4.210
4.060
3.960
3.860
3.760
3.710
3.610
3.560
3.410
3.360
3.290
3.240
3.240
3.140
3.090
3.040
2.990
2.940
2.910
2.860
2.810
-405.091 -102.032 -0.893385
