1 180
0.920
0.920
0.920
0.920
0.920
0.920
0.920
0.920
0.870
0.920
0.920
0.890
0.920
0.920
0.920
0.890
0.940
0.940
0.960
0.960
0.960
0.910
0.940
0.890
0.940
0.940
0.990
0.940
0.990
0.990
0.990
0.990
0.990
1.040
1.040
1.040
1.040
1.090
1.040
1.090
1.140
1.090
1.140
1.140
1.190
1.190
1.190
1.240
1.240
1.290
1.340
1.340
1.340
1.390
1.440
1.390
1.490
1.490
1.540
1.560
1.610
1.640
1.740
1.790
1.790
1.840
1.940
2.210
3.110
3.060
3.060
3.010
2.740
2.810
2.890
2.840
2.910
3.060
3.310
3.460
3.710
3.960
4.260
4.660
5.060
5.610
6.510
7.660
8.060
10.610
10.610
10.560
10.560
10.560
10.510
10.560
10.510
10.560
10.560
10.610
10.560
10.660
8.060
7.660
6.610
6.210
5.410
4.960
4.610
4.310
4.060
3.810
3.560
3.410
3.210
3.060
2.910
2.890
2.890
2.890
2.810
2.810
2.710
2.610
2.560
2.460
2.010
2.040
1.990
1.890
1.840
1.840
1.740
1.740
1.690
1.710
1.660
1.610
1.560
1.610
1.560
1.510
1.460
1.410
1.390
1.390
1.340
1.340
1.340
1.340
1.340
1.290
1.290
1.240
1.210
1.260
1.210
1.210
1.190
1.140
1.190
1.140
1.140
1.190
1.140
1.120
1.120
1.140
1.120
1.140
1.120
1.120
1.090
1.090
1.120
1.120
1.090
1.090
1.090
1.070
-43.639 32.442 -3.032385
