1 180
1.770
1.770
1.770
1.820
1.770
1.770
1.770
1.820
1.820
1.820
1.820
1.770
1.820
1.820
1.870
1.870
1.820
1.870
1.840
1.890
1.890
1.890
1.890
1.940
1.940
1.940
1.940
1.990
1.990
1.990
2.040
2.040
2.040
2.090
2.090
2.140
2.140
2.190
2.190
2.240
2.290
2.340
2.390
2.390
2.440
2.490
2.540
2.540
2.590
2.660
2.860
3.160
51.060
51.060
51.060
51.060
51.060
51.060
51.110
51.110
3.710
3.660
3.710
3.810
3.910
4.060
4.210
4.360
4.560
4.710
5.010
5.260
5.510
5.760
6.160
6.460
6.860
8.060
8.060
8.510
9.260
10.160
10.910
12.610
14.360
16.660
16.960
51.060
51.060
47.810
51.060
51.060
26.010
20.460
20.460
16.610
16.110
10.860
9.860
8.710
7.860
6.910
6.410
5.960
5.460
5.060
4.760
4.460
4.210
4.010
3.810
3.610
3.410
3.260
3.160
3.010
2.910
2.810
2.710
2.610
2.560
2.410
2.390
2.340
2.290
2.190
2.140
2.090
2.040
1.990
1.940
1.890
1.890
1.840
1.790
1.740
1.740
1.690
1.640
1.640
1.590
1.640
1.540
1.540
1.540
1.490
1.490
1.490
1.440
1.440
1.390
1.440
1.390
1.390
1.340
1.340
1.340
1.340
1.290
1.320
1.290
1.290
1.240
1.290
1.270
1.270
1.270
1.270
1.270
1.240
1.220
1.270
1.220
1.270
1.220
1.220
1.220
1.220
1.220
1.220
-549.992 -420.330 -2.299385
