1 180
1.070
1.070
1.120
1.070
1.070
1.120
1.070
1.070
1.070
1.120
1.070
1.090
1.090
1.090
1.090
1.140
1.090
1.140
1.140
1.140
1.190
1.140
1.190
1.190
1.190
1.240
1.240
1.240
1.240
1.290
1.290
1.290
1.340
1.390
1.390
1.390
1.390
1.440
1.490
1.490
1.540
1.540
1.590
1.640
1.640
1.690
1.740
1.740
1.790
1.840
1.890
1.990
1.990
2.090
2.140
2.190
2.290
2.390
2.460
2.510
2.610
2.760
3.110
3.310
3.460
3.560
3.610
3.710
3.960
4.260
4.560
4.910
5.310
5.810
6.360
7.060
7.960
9.210
10.760
13.110
16.060
51.060
29.510
23.910
23.760
51.060
27.710
27.310
26.510
22.360
17.610
14.710
13.060
11.710
10.560
9.710
9.010
8.510
3.810
3.810
3.860
3.910
6.160
5.860
5.560
5.310
5.110
4.910
4.760
4.560
4.410
4.260
4.160
4.060
4.060
51.060
51.060
51.060
51.110
51.060
51.060
51.060
51.060
3.310
2.990
2.990
2.890
2.840
2.790
2.740
2.690
2.640
2.640
2.590
2.490
2.490
2.490
2.440
2.390
2.390
2.340
2.290
2.290
2.240
2.240
2.190
2.190
2.190
2.140
2.190
2.090
2.090
2.090
2.140
2.040
2.040
2.040
2.040
2.040
1.990
1.990
1.990
2.020
1.990
2.020
1.970
2.020
1.970
1.970
1.970
1.920
1.970
1.920
1.970
1.970
1.970
1.970
1.970
1.970
1.920
-401.030 -102.672 3.024795
