1 180
1.520
1.520
1.520
1.520
1.520
1.520
1.570
1.520
1.570
1.570
1.570
1.570
1.620
1.620
1.620
1.670
1.620
1.640
1.640
1.640
1.690
1.690
1.720
1.740
1.740
1.770
1.770
1.790
1.790
1.790
1.840
1.840
1.890
1.890
1.940
1.940
1.990
2.040
2.040
2.090
2.140
2.190
2.190
2.240
2.290
2.340
2.390
2.440
2.490
2.590
2.640
2.690
2.840
2.840
2.940
2.990
3.060
3.160
3.260
3.360
3.210
3.160
3.160
3.140
3.140
3.090
3.090
3.060
3.060
3.060
3.310
3.760
6.810
7.260
7.560
8.310
9.110
10.160
11.460
13.360
15.660
18.310
24.660
28.210
37.110
37.110
37.310
28.260
51.060
14.760
11.010
9.110
7.760
6.810
6.010
5.360
4.860
4.510
4.160
3.810
3.560
3.360
3.160
3.010
2.760
2.660
2.560
2.410
2.310
2.210
2.160
2.140
2.040
1.940
1.890
1.840
1.740
1.740
1.690
1.640
1.590
1.540
1.540
1.490
1.440
1.390
1.390
1.340
1.340
1.290
1.240
1.240
1.260
1.310
1.260
1.160
1.210
1.210
1.210
1.210
1.190
1.160
1.160
1.160
1.110
1.160
1.110
1.060
1.110
1.060
1.060
1.110
1.060
1.010
1.060
1.010
1.010
1.010
1.010
1.010
1.010
1.010
1.010
0.960
0.960
0.960
0.960
0.960
1.010
0.960
0.940
0.940
0.990
0.940
1.000
1.020
0.970
1.000
0.970
0.990
-409.478 27.416 -0.981385
