1 180
1.070
1.070
1.020
1.070
1.070
1.070
1.070
1.070
1.120
1.120
1.070
1.090
1.090
1.140
1.140
1.240
1.290
1.290
1.340
1.390
1.540
1.540
1.690
1.760
1.810
1.960
3.740
3.740
3.690
3.690
3.640
3.690
3.660
3.910
4.310
4.360
4.310
4.310
4.260
3.960
3.910
4.040
3.960
4.210
4.260
4.310
4.360
4.360
4.410
4.410
4.410
4.410
4.410
4.460
4.460
4.510
4.460
4.510
4.510
4.310
4.260
3.810
3.810
3.960
9.010
8.710
8.410
8.060
7.810
7.510
7.360
7.060
6.910
6.660
6.560
6.360
6.160
6.010
5.910
5.810
5.660
5.560
5.410
5.310
5.210
5.160
5.110
5.160
5.310
5.360
5.460
5.560
5.610
5.710
5.810
6.760
6.960
7.160
7.360
7.510
7.910
8.160
2.710
2.510
2.460
1.340
1.240
1.240
1.190
1.140
1.140
1.090
0.990
1.020
1.020
1.070
1.040
1.020
0.990
1.040
1.040
1.090
1.090
1.090
1.090
1.140
1.140
1.190
1.140
1.240
1.340
1.340
1.390
1.340
1.290
1.290
1.290
1.190
1.190
1.190
1.190
1.140
1.140
1.140
1.090
1.140
1.090
1.090
1.090
1.040
1.040
1.040
1.040
1.070
1.020
1.020
0.990
1.020
1.070
0.990
0.970
1.020
0.970
0.970
0.970
0.970
0.970
0.970
0.970
0.970
0.970
0.970
0.940
0.970
0.940
0.970
0.970
0.970
0.970
0.970
-398.215 -11.703 -0.941385
