1 180
0.620
0.570
0.570
0.620
0.590
0.620
0.620
0.590
0.620
0.590
0.590
0.590
0.590
0.590
0.590
0.590
0.590
0.640
0.590
0.590
0.640
0.640
0.640
0.640
0.640
0.690
0.640
0.640
0.690
0.690
0.690
0.690
0.690
0.740
0.740
0.740
0.740
0.790
0.790
0.790
0.840
0.840
0.840
0.840
0.840
0.890
0.940
0.940
0.940
0.940
0.990
0.990
1.040
1.090
1.040
1.090
1.190
1.190
1.240
1.290
1.340
1.390
1.440
1.440
1.540
1.640
1.690
1.790
1.840
1.910
2.060
2.210
2.360
2.510
2.710
2.810
3.660
3.740
3.760
4.910
4.910
5.710
6.860
8.260
10.810
19.860
11.610
11.510
11.660
24.460
20.710
18.010
15.010
12.310
9.610
9.310
9.360
6.860
6.660
6.610
6.110
5.660
5.310
5.110
4.110
3.860
3.890
3.890
3.810
3.660
3.510
3.360
3.260
3.160
3.060
2.960
2.860
2.760
2.710
2.610
2.510
2.460
2.440
2.390
2.290
2.290
2.240
2.190
2.140
2.090
2.040
2.040
1.990
1.940
1.640
1.590
1.590
1.540
1.540
1.540
1.490
1.490
1.490
1.490
1.540
1.540
1.590
1.590
1.590
1.540
1.540
1.490
1.540
1.490
1.490
1.490
1.490
1.490
1.440
1.440
1.440
1.440
1.440
1.390
1.390
1.390
1.390
1.390
1.340
1.340
1.340
1.390
1.390
1.340
1.340
1.390
1.390
1.340
1.390
1.340
-106.331 -6.300 0.873795
