1 180
1.170
1.170
1.170
1.170
1.170
1.170
1.170
1.170
1.220
1.220
1.220
1.160
1.010
0.960
0.910
0.810
0.760
0.740
0.740
0.740
0.740
0.740
0.740
0.740
0.740
0.690
0.740
0.740
0.790
0.790
0.740
0.790
0.790
0.790
0.840
0.810
0.860
0.890
0.890
0.860
0.890
0.890
0.910
0.910
0.910
0.910
0.960
0.960
0.960
1.010
1.790
1.840
1.890
1.940
1.990
1.990
2.090
2.140
2.190
2.240
2.240
2.240
2.240
2.240
2.190
2.190
2.140
2.190
2.140
2.140
2.090
2.140
2.190
2.310
5.310
5.260
5.210
5.260
5.310
5.760
6.360
6.910
7.710
8.660
9.860
4.210
4.160
4.060
4.110
4.160
4.160
28.310
28.310
22.610
13.310
10.410
9.010
7.410
6.260
5.610
5.010
4.560
4.210
3.860
3.560
3.390
3.390
3.160
3.010
2.810
2.490
2.340
2.260
2.160
2.060
2.010
1.890
1.840
1.790
1.740
1.640
1.590
1.590
1.540
1.490
1.490
1.390
1.390
1.390
1.340
1.340
1.290
1.240
1.190
1.190
1.140
1.140
1.190
1.190
1.190
1.290
1.290
1.290
1.340
1.390
1.390
1.490
1.490
1.490
1.590
1.590
1.690
1.740
1.740
1.790
1.890
1.990
2.010
2.140
2.410
2.510
2.610
2.810
3.010
2.990
3.040
3.040
2.990
3.040
2.990
2.990
2.990
2.990
2.990
2.990
2.990
2.940
2.940
2.940
2.940
-334.232 7.787 -0.705385
