1 180
0.540
0.520
0.520
0.520
0.520
0.520
0.520
0.520
0.490
0.490
0.540
0.490
0.490
0.490
0.490
0.540
0.540
0.490
0.540
0.540
0.540
0.540
0.540
0.540
0.540
0.540
0.540
0.540
0.540
0.540
0.590
0.590
0.590
0.590
0.590
0.590
0.590
0.640
0.640
0.640
0.590
0.640
0.690
0.640
0.690
0.740
0.690
0.740
0.740
0.740
0.790
0.790
0.790
0.840
1.510
1.510
1.510
1.560
1.560
1.510
1.610
1.560
1.560
1.610
1.610
1.610
1.610
1.610
1.710
1.660
1.640
1.670
1.620
1.590
1.660
1.840
1.910
2.460
2.610
2.740
2.740
2.790
3.060
3.410
3.810
4.360
5.110
6.110
7.510
10.210
14.260
48.810
51.060
51.060
29.960
21.510
10.610
10.560
10.610
10.210
10.010
8.010
7.210
7.160
7.160
6.860
6.410
4.810
4.310
4.060
3.910
3.710
3.640
2.460
2.410
2.310
2.310
2.260
2.210
2.260
2.310
2.310
2.310
2.360
2.510
2.660
2.610
2.240
2.140
2.090
2.040
2.040
1.990
1.990
1.990
2.040
2.090
2.040
2.040
1.990
1.940
1.940
1.890
1.840
1.840
1.790
1.790
1.740
1.790
1.740
1.690
1.740
1.640
1.690
1.640
1.640
1.640
1.590
1.590
1.590
1.540
1.590
1.540
1.540
1.540
1.540
1.490
1.490
1.490
1.490
1.490
1.440
1.440
1.490
1.440
1.440
1.440
1.440
1.440
1.440
-96.151 48.602 -2.795385
