1 180
1.370
1.320
1.320
1.320
1.320
1.320
1.320
1.320
1.370
1.370
1.370
1.340
1.290
1.190
1.220
1.240
1.240
1.240
1.240
1.290
1.240
1.240
1.290
1.290
1.290
1.340
1.340
1.340
1.390
1.340
1.390
1.390
1.440
1.640
1.690
1.690
1.740
1.740
1.840
1.840
1.840
1.890
1.940
1.940
2.040
2.090
2.140
2.140
2.190
2.290
2.340
2.390
2.490
2.540
2.590
2.690
2.790
2.940
2.990
3.110
3.210
3.310
3.460
3.610
3.810
4.010
4.210
4.460
4.710
5.060
5.410
5.810
6.260
6.810
7.510
7.660
8.310
9.960
9.910
9.910
9.860
9.860
9.860
9.860
9.860
9.860
10.060
10.010
10.010
10.010
10.060
9.910
9.960
7.610
7.610
7.260
6.710
6.160
5.760
5.360
5.060
4.760
4.510
4.260
4.110
3.910
3.760
3.610
3.460
3.310
3.160
3.060
2.960
2.860
2.760
2.710
2.640
2.590
2.540
2.440
2.390
2.340
2.290
2.240
2.190
2.090
2.090
2.090
2.040
1.990
1.940
1.890
1.890
1.890
1.840
1.790
1.740
1.740
1.490
1.440
1.440
1.440
1.390
1.390
1.390
1.340
1.340
1.340
1.340
1.290
1.290
1.290
1.290
1.290
1.290
1.240
1.240
1.310
1.410
1.440
1.440
1.390
1.440
1.440
1.390
1.390
1.390
1.390
1.390
1.390
1.340
1.390
1.390
1.390
1.390
1.390
1.390
1.390
1.390
1.390
-120.243 26.982 -1.063385
