1 180
0.590
0.590
0.590
0.590
0.590
0.590
0.590
0.590
0.590
0.590
0.590
0.640
0.640
0.590
0.590
0.640
0.640
0.640
0.640
0.640
0.640
0.640
0.640
0.640
0.690
0.690
0.640
0.640
0.690
0.690
0.690
0.690
0.740
0.740
0.690
0.740
0.790
1.340
1.340
1.390
1.390
1.440
1.470
1.440
1.440
1.540
1.540
1.590
1.590
1.640
1.690
1.690
1.740
1.790
1.840
1.890
1.940
1.990
2.040
2.090
2.140
2.240
2.290
2.390
2.440
2.540
2.610
2.710
2.810
2.960
3.060
3.260
3.460
3.610
3.860
4.060
4.360
4.710
5.060
5.460
5.960
6.560
7.060
7.060
7.010
7.060
7.010
6.960
7.040
6.990
6.990
7.040
6.990
6.960
7.010
7.010
7.060
7.010
7.060
7.060
7.110
7.110
7.160
7.160
7.210
7.260
7.260
7.310
7.310
7.410
7.410
7.460
7.560
7.560
7.610
7.710
7.760
7.810
7.860
8.010
8.060
8.110
8.210
8.310
8.410
8.510
2.540
2.490
2.440
2.390
2.390
2.290
2.240
2.240
2.190
2.140
2.090
2.090
2.040
1.990
1.990
1.940
1.940
1.890
1.840
1.840
1.840
1.790
1.740
1.740
1.740
1.690
1.690
1.720
1.290
0.990
0.990
0.990
0.940
0.940
0.990
0.940
0.940
0.940
0.940
0.940
0.940
0.940
0.940
0.890
0.940
0.890
0.890
0.890
0.890
0.890
0.890
0.890
0.890
0.890
-589.114 -452.805 2.497795
