1 180
1.220
1.220
1.270
1.270
1.220
1.220
1.270
1.220
1.270
1.220
1.270
1.220
1.270
1.270
1.270
1.270
1.270
1.270
1.270
1.320
1.320
1.320
1.320
1.320
1.370
1.370
1.340
1.370
1.370
1.390
1.420
1.390
1.440
1.470
1.490
1.520
1.520
1.540
1.540
1.540
1.590
1.590
1.590
1.640
1.690
1.740
1.740
1.790
1.840
1.890
2.040
2.090
2.140
2.190
2.240
2.290
2.390
2.440
2.440
2.540
2.640
2.640
2.640
2.710
2.760
2.860
3.010
3.160
3.260
3.410
3.510
3.710
3.910
4.110
4.360
4.610
5.010
4.810
4.560
4.460
4.460
4.460
4.460
4.460
4.760
5.810
5.060
9.910
9.910
9.910
9.810
9.860
9.960
9.910
9.910
6.460
6.510
6.910
9.960
10.010
5.810
5.160
5.560
5.160
4.760
4.510
4.260
3.960
3.710
3.610
3.610
3.460
3.310
2.560
2.560
2.110
1.960
1.960
1.910
1.860
1.860
1.910
2.010
2.040
1.990
1.940
1.890
1.840
1.790
1.740
1.740
1.690
1.640
1.640
1.590
1.540
1.540
1.490
1.490
1.440
1.440
1.390
1.390
1.390
1.340
1.340
1.340
1.290
1.290
1.290
1.290
1.240
1.240
1.240
1.190
1.190
1.190
1.190
1.190
1.140
1.140
1.140
1.140
1.140
1.140
1.140
1.090
1.090
1.090
1.140
1.090
1.090
1.090
1.140
1.040
1.090
1.040
1.090
1.040
1.040
-578.831 -451.557 -2.362385
