1 180
0.720
0.770
0.720
0.720
0.720
0.690
0.670
0.720
0.690
0.770
0.690
0.690
0.690
0.690
0.690
0.690
0.740
0.740
0.740
0.740
0.740
0.740
0.790
0.740
0.790
0.790
0.790
0.790
0.840
0.840
0.840
0.840
0.840
0.840
0.840
0.840
0.890
0.890
0.940
0.990
0.940
0.990
0.990
0.990
1.040
1.040
1.040
1.090
1.140
1.140
1.190
1.240
1.240
1.240
1.290
1.340
1.390
1.440
1.490
1.490
1.590
1.640
1.690
1.790
1.840
1.890
2.040
2.110
2.160
2.310
2.460
2.610
2.810
2.960
3.160
4.160
4.140
4.240
4.510
5.710
5.710
6.710
8.360
9.760
12.660
18.960
51.060
51.060
51.060
22.010
17.610
15.510
11.710
10.160
10.060
5.360
4.960
4.810
5.060
5.060
4.910
4.210
3.960
3.910
3.860
3.960
3.910
3.710
3.560
3.410
3.210
3.110
3.010
2.910
2.810
2.710
2.610
1.410
1.310
1.340
1.340
1.160
1.060
1.060
1.040
1.040
1.070
1.020
1.090
1.060
1.060
1.110
1.160
1.190
1.140
1.090
1.140
1.090
1.120
1.090
1.090
1.090
1.010
0.960
0.960
0.940
0.940
0.970
0.920
0.940
0.910
0.910
0.960
1.010
1.090
1.090
1.090
1.070
1.070
1.040
1.090
1.090
1.140
1.190
1.320
1.320
1.320
1.320
1.270
1.270
1.320
1.270
1.320
1.320
1.270
1.270
1.270
1.270
1.270
1.270
-129.395 -23.762 0.545795
