1 180
0.970
0.970
0.970
1.020
0.970
0.970
0.970
1.020
1.020
1.020
0.990
0.990
0.990
0.990
0.990
0.990
0.990
0.990
0.990
1.040
0.990
1.040
1.040
1.040
1.040
1.090
1.090
1.090
1.090
1.090
1.140
1.140
1.140
1.190
1.190
1.190
1.240
1.240
1.190
1.290
1.290
1.290
1.340
1.340
1.390
1.340
1.390
1.440
1.490
1.490
1.540
1.540
1.590
1.640
1.690
1.740
1.790
1.840
1.840
1.890
1.990
2.040
2.090
2.190
2.290
2.390
2.440
2.760
2.860
2.960
3.110
3.260
3.340
3.360
3.610
3.860
4.110
4.410
4.810
7.260
7.260
7.160
7.210
7.160
7.160
7.160
7.110
7.110
7.110
7.110
7.110
7.110
7.110
7.110
7.160
6.560
4.860
4.760
4.810
3.360
3.310
3.310
3.360
3.310
3.410
3.410
3.460
3.410
3.260
3.110
2.960
2.810
2.660
2.640
2.740
2.690
2.740
2.790
2.840
2.840
2.840
2.890
2.940
2.940
2.990
3.040
3.090
3.140
3.190
3.190
3.240
3.260
3.310
3.360
3.410
3.460
3.560
3.660
3.660
3.760
3.960
4.110
4.110
4.260
4.360
4.460
4.510
4.560
4.710
4.960
5.110
5.260
5.410
5.510
1.060
1.090
1.090
1.090
1.090
1.040
1.040
1.040
1.040
1.040
1.020
1.020
0.990
1.020
1.020
1.020
1.020
1.020
1.020
1.020
1.020
1.020
1.020
1.020
1.020
1.020
-56.665 32.402 2.433795
