1 180
1.740
1.710
1.760
1.760
1.760
1.760
1.760
1.760
1.760
1.810
1.710
1.710
1.710
1.710
1.740
1.720
1.770
1.720
1.770
1.740
1.770
1.740
1.790
1.790
1.790
1.840
1.840
1.840
1.840
1.890
1.940
1.940
1.940
1.990
1.990
2.040
2.040
2.040
2.090
2.140
2.190
2.190
2.240
2.290
2.290
2.390
2.440
2.440
2.540
2.590
2.640
2.640
2.740
2.840
2.890
2.990
3.040
3.110
3.210
3.210
3.410
3.460
3.610
3.760
3.910
4.260
51.060
51.060
51.110
5.160
5.110
5.310
5.610
5.910
6.310
6.710
7.160
7.710
8.410
9.560
10.110
11.310
12.810
14.810
17.510
23.610
26.460
32.710
33.810
35.810
35.510
36.060
26.460
22.560
51.060
13.260
11.410
9.960
9.010
7.960
7.210
6.660
6.160
5.710
5.360
5.060
4.760
4.460
4.210
4.010
3.860
3.660
3.510
3.360
3.260
3.160
3.010
2.860
2.810
2.710
2.660
2.540
2.540
2.440
2.390
2.340
2.290
2.190
2.190
2.090
2.040
2.040
1.990
1.940
1.890
1.890
1.890
1.790
1.840
1.790
1.740
1.690
1.690
1.640
1.640
1.640
1.640
1.590
1.590
1.590
1.540
1.540
1.490
1.490
1.490
1.490
1.440
1.440
1.490
1.420
1.440
1.420
1.420
1.470
1.420
1.420
1.420
1.420
1.420
1.420
1.370
1.370
1.370
1.370
1.370
1.370
1.370
1.370
1.370
1.370
-540.500 -408.007 -2.205385
