1 180
1.070
1.070
1.070
1.070
1.070
1.070
1.070
1.070
1.020
1.070
1.070
1.070
1.070
1.040
1.070
1.070
1.090
1.120
1.090
1.090
1.090
1.090
1.090
1.090
1.090
1.140
1.090
1.140
1.140
1.190
1.190
1.190
1.190
1.190
1.240
1.240
1.240
1.240
1.290
1.290
1.290
1.340
1.340
1.340
1.390
1.440
1.440
1.490
1.490
1.490
1.540
1.590
1.640
1.640
1.640
1.690
1.740
1.790
1.840
1.890
1.940
1.990
2.040
2.090
2.190
2.240
2.340
2.390
2.540
2.610
2.710
2.810
3.010
4.210
4.110
4.060
4.060
4.060
4.010
4.360
4.710
5.110
5.560
6.010
6.610
7.410
8.660
9.810
11.660
14.260
21.610
25.410
51.060
51.060
51.060
51.060
51.110
21.210
16.160
13.960
11.010
9.660
8.660
8.610
8.660
8.710
8.710
6.360
5.260
4.910
4.660
4.360
4.160
3.910
3.760
3.560
3.460
3.310
3.210
3.010
2.910
2.860
2.760
2.710
2.610
2.490
2.440
2.390
2.340
2.290
2.240
2.190
2.140
2.090
2.060
2.160
1.960
2.010
2.060
2.040
2.260
2.310
2.360
2.360
2.460
2.560
5.010
5.160
5.110
4.710
4.760
4.910
4.860
4.510
4.560
4.760
4.660
4.660
4.260
4.510
4.590
4.510
4.490
4.140
4.310
4.440
4.390
1.610
1.460
1.410
1.410
1.410
1.360
1.370
1.420
1.420
1.370
1.370
1.320
1.370
-524.989 -140.646 2.815795
