1 180
0.770
0.770
0.770
0.770
0.770
0.770
0.770
0.740
0.770
0.770
0.740
0.740
0.770
0.770
0.740
0.790
0.790
0.820
0.740
0.820
0.820
0.790
0.790
0.840
0.790
0.840
0.840
0.790
0.840
0.840
0.870
0.890
0.890
0.890
0.890
0.890
0.890
0.940
0.940
0.940
0.990
0.990
0.990
0.990
0.990
1.040
1.040
1.090
1.090
1.140
1.140
1.190
1.190
1.190
1.240
1.290
1.340
1.390
1.390
1.440
1.490
1.490
1.590
1.590
1.640
1.690
1.790
1.890
1.940
1.990
2.090
2.240
2.260
2.410
2.610
2.660
2.860
3.060
3.260
3.510
3.810
4.210
4.610
5.110
5.660
9.660
9.660
9.560
11.410
15.210
15.210
15.260
27.460
27.660
27.660
27.510
20.860
17.710
14.360
12.360
11.010
9.810
9.760
1.910
1.810
1.840
1.840
1.810
2.060
4.960
4.960
4.910
4.710
4.460
4.310
4.160
3.960
3.810
3.660
3.560
3.410
3.260
3.210
3.140
3.240
3.240
3.240
3.290
3.340
3.390
3.490
3.710
3.760
3.810
3.860
2.390
2.340
2.240
2.240
2.190
2.140
2.140
2.090
2.090
2.040
2.040
1.990
1.990
1.940
1.940
1.940
2.040
2.040
2.140
2.190
2.290
2.340
2.390
2.460
2.540
2.540
2.540
2.490
2.440
2.440
2.440
2.440
2.390
2.390
2.390
2.390
2.340
2.390
2.390
2.370
2.370
2.420
2.370
2.370
2.370
-552.027 -261.783 -1.639385
