1 180
0.960
1.010
0.960
1.010
1.060
0.960
0.960
0.960
1.010
1.010
1.060
1.110
1.160
1.160
51.060
51.060
51.060
51.060
51.060
51.060
51.060
51.060
51.060
51.060
51.060
51.060
51.110
51.060
51.060
4.510
14.860
14.260
14.310
14.460
1.160
1.090
1.110
1.110
1.060
1.060
1.010
1.060
1.010
1.110
5.360
51.060
51.060
51.060
51.060
6.110
51.110
51.060
51.060
1.910
1.910
1.810
1.660
1.710
1.710
1.660
1.660
1.610
1.760
2.510
2.460
2.460
2.360
2.410
2.360
2.360
2.460
3.090
3.110
3.110
3.060
3.860
3.810
3.860
4.610
5.360
5.410
6.110
7.160
8.610
10.910
10.960
10.910
10.860
10.910
10.960
10.910
10.910
5.960
5.710
5.860
11.010
11.010
11.010
11.060
8.760
8.160
7.810
7.060
7.110
6.310
6.310
5.560
5.560
5.610
4.860
4.910
4.910
51.060
4.160
4.160
4.160
8.960
9.010
3.460
3.460
3.460
3.610
51.060
9.760
9.660
2.910
2.810
2.810
2.860
2.910
10.510
10.660
10.810
11.110
11.310
11.510
11.710
2.310
2.260
2.310
2.360
2.340
51.110
51.060
51.060
51.060
51.060
51.060
51.060
51.060
51.060
51.060
51.060
51.060
51.060
1.910
1.860
1.860
1.960
1.970
51.060
51.110
51.060
51.060
51.060
51.060
2.260
2.110
1.960
1.910
1.910
1.960
1.910
1.910
1.910
1.860
1.910
1.810
1.870
1.770
-63.417 39.137 2.736795
