1 180
1.520
1.520
1.520
1.520
1.520
1.520
1.520
1.520
1.570
1.520
1.520
1.570
1.570
1.570
1.570
1.570
1.620
1.570
1.590
1.590
1.620
1.620
1.640
1.620
1.640
1.670
1.720
1.720
1.740
1.740
1.740
1.740
1.790
1.790
1.890
1.890
1.890
1.890
1.990
1.940
1.990
2.040
2.090
2.090
2.140
2.190
2.240
2.240
2.290
2.340
2.440
2.440
2.540
2.640
2.640
2.740
2.790
2.890
2.960
3.060
3.160
3.260
3.360
3.510
3.610
3.760
3.910
4.060
4.260
4.510
4.710
5.010
5.260
5.560
5.910
6.360
6.810
7.360
8.010
8.810
9.760
10.910
12.360
14.560
51.060
24.760
24.760
51.060
51.060
51.060
51.060
38.210
22.610
21.810
8.110
8.210
8.260
10.360
9.260
8.260
8.260
7.060
6.560
6.160
5.710
5.410
5.060
4.810
4.560
4.310
4.110
3.960
3.810
3.810
3.810
51.060
51.060
51.060
51.060
51.060
51.060
51.060
2.760
2.640
2.590
2.540
2.490
2.440
2.390
2.340
2.290
2.240
2.190
2.140
2.140
2.090
2.040
1.990
1.940
1.940
1.890
1.890
1.840
1.840
1.840
1.790
1.740
1.740
1.740
1.690
1.690
1.690
1.640
1.640
1.640
1.590
1.590
1.590
1.540
1.590
1.590
1.540
1.540
1.570
1.570
1.490
1.570
1.520
1.570
1.520
1.470
1.520
1.520
1.520
1.470
1.470
1.520
1.470
1.470
1.470
-405.774 -102.430 3.030795
