1 180
2.340
2.340
2.340
2.290
2.340
2.340
2.390
2.390
2.390
2.390
2.390
2.390
2.440
2.440
2.440
2.440
2.490
2.490
2.490
2.540
2.540
2.540
2.590
2.590
2.590
2.640
2.690
2.690
2.740
2.740
2.790
2.810
2.840
2.890
2.890
2.910
3.010
3.010
3.060
3.160
3.160
3.210
3.260
3.360
3.410
3.460
3.560
3.610
3.660
3.760
3.860
3.960
4.010
4.110
4.210
4.360
4.460
4.660
4.810
5.010
5.160
5.360
5.560
7.110
7.060
6.960
6.910
7.010
7.210
7.610
7.910
8.110
8.060
8.060
8.010
7.960
7.910
7.960
8.060
8.060
8.060
8.060
8.060
8.010
8.010
8.010
8.060
8.010
8.010
7.810
7.810
7.810
7.860
7.860
7.860
7.860
7.860
7.860
7.210
6.610
6.160
5.660
5.210
5.060
4.560
4.560
4.310
4.060
3.910
3.710
3.510
3.510
3.360
3.210
3.010
2.960
3.010
2.810
2.710
2.760
2.460
2.460
2.510
2.360
2.310
3.510
2.210
2.210
3.710
2.010
2.060
2.010
51.060
1.960
1.910
1.910
16.610
1.810
1.760
1.810
17.160
1.710
1.660
1.660
1.660
1.610
21.110
20.860
1.560
1.560
1.560
1.610
21.760
21.910
1.510
1.460
1.460
1.510
22.510
51.060
1.410
1.410
1.360
1.360
1.410
1.410
21.510
21.210
1.710
1.360
1.360
1.410
1.410
22.760
26.260
1.660
1.360
1.360
1.360
1.360
-1.165 31.428 -2.070385
