1 180
0.540
0.540
0.490
0.490
0.490
0.490
0.490
0.440
0.490
0.440
0.440
0.440
0.490
0.490
0.870
0.990
0.660
0.510
0.490
0.540
0.490
0.490
0.490
0.510
0.560
0.510
0.510
0.560
0.560
0.560
0.560
0.610
0.610
0.610
0.610
0.560
0.610
0.610
0.660
0.610
0.610
0.660
0.610
0.660
0.660
0.660
0.660
0.660
0.710
0.710
0.710
0.760
0.710
51.060
51.060
3.560
3.510
51.060
51.060
3.310
51.060
51.060
1.760
1.660
1.710
1.610
1.610
1.610
1.660
51.060
51.060
51.060
51.110
51.060
51.060
2.340
2.310
2.310
2.260
2.310
51.060
51.060
3.060
3.060
3.010
3.010
3.710
3.760
3.710
4.460
4.510
4.510
5.210
6.060
6.060
6.810
8.310
9.060
13.110
13.060
13.060
13.010
13.110
2.310
2.290
2.310
2.310
13.160
13.160
2.360
2.310
2.260
2.310
8.460
8.360
7.660
6.860
6.160
6.110
6.110
5.410
5.410
4.660
4.660
4.710
4.860
3.910
3.960
4.010
4.160
51.060
3.260
3.260
3.260
3.310
51.060
8.260
51.060
51.060
2.610
2.610
2.610
2.610
2.710
51.060
51.060
51.060
51.060
51.060
51.110
51.060
51.060
1.760
1.660
1.660
1.660
1.660
1.660
1.710
1.760
1.860
51.060
2.310
2.210
2.110
2.310
2.460
51.060
51.060
51.060
51.060
51.060
1.310
1.260
1.260
1.260
1.260
1.210
0.410
0.310
-61.513 38.111 2.417795
