1 180
1.370
1.340
1.210
1.060
0.960
0.860
0.760
0.610
0.560
0.510
0.560
0.510
0.510
0.560
0.560
0.560
0.560
0.560
0.560
0.610
0.560
0.560
0.560
0.610
0.610
0.610
0.610
0.610
0.660
0.660
0.660
0.660
0.710
0.710
0.710
0.710
0.760
0.760
0.760
0.760
0.810
0.810
0.860
0.810
0.860
0.860
0.910
0.860
0.960
0.960
1.010
1.060
1.060
1.210
1.290
1.310
5.710
5.560
5.460
5.460
5.460
5.410
5.360
5.210
5.360
5.260
5.160
5.210
5.160
5.060
5.060
5.110
5.010
5.060
4.960
5.060
4.910
4.960
4.960
4.960
4.960
4.910
4.910
4.910
4.910
4.910
4.960
4.960
4.960
4.960
4.910
5.010
5.010
4.960
4.960
5.010
5.010
5.060
51.060
5.110
5.110
5.110
5.160
5.210
5.410
5.310
5.460
5.310
5.310
5.460
5.610
5.510
5.610
5.610
5.660
19.810
5.760
5.910
5.910
6.010
6.110
6.310
6.210
6.210
1.490
1.440
1.360
1.360
1.290
1.260
1.210
1.210
1.160
1.160
1.110
1.110
1.110
1.060
1.060
1.010
1.010
0.960
1.010
1.010
0.960
0.960
0.910
0.910
0.960
0.910
0.860
0.910
0.860
0.860
0.910
0.910
0.860
0.860
0.810
0.810
0.860
0.860
0.860
0.810
0.810
0.810
0.910
1.020
0.970
1.020
0.970
0.970
0.970
0.970
0.970
1.020
0.970
1.020
0.970
1.020
-259.768 -9.138 -2.565385
