1 180
1.170
1.170
1.170
1.170
1.170
1.170
1.170
1.170
1.170
1.170
1.170
1.170
1.170
1.220
1.220
1.220
1.220
1.190
1.270
1.240
1.270
1.270
1.240
1.270
1.290
1.240
1.320
1.320
1.290
1.340
1.340
1.390
1.390
1.410
1.390
1.440
1.440
1.490
1.440
1.490
1.540
1.590
1.590
1.590
1.640
1.640
1.710
1.760
1.760
1.910
1.910
1.910
1.960
1.990
2.040
2.040
2.090
2.110
2.060
2.160
2.210
2.310
2.310
2.460
2.510
2.660
2.810
2.960
3.410
5.060
4.710
4.610
4.610
4.560
4.910
5.210
5.410
5.360
5.360
5.710
5.660
5.760
6.060
11.660
13.660
13.910
17.210
26.460
42.010
41.960
41.960
17.260
17.160
9.160
9.160
8.160
8.160
7.960
7.060
6.410
5.810
5.460
5.460
5.510
5.510
5.560
2.910
2.660
2.460
2.360
2.160
2.010
1.910
1.910
2.160
2.140
2.040
1.990
1.890
1.890
1.810
1.710
1.710
1.610
1.560
1.560
1.510
1.540
1.440
1.490
1.490
1.540
1.540
1.590
1.590
1.490
1.540
1.490
1.490
1.390
1.390
1.390
1.390
1.340
1.290
1.290
1.290
1.290
1.290
1.240
1.240
1.190
1.240
1.190
1.190
1.190
1.190
1.190
1.140
1.140
1.140
1.170
1.140
1.170
1.170
1.120
1.120
1.120
1.120
1.120
1.120
1.120
1.120
1.120
1.070
1.120
1.070
1.120
1.120
1.120
-596.624 -167.168 -1.178385
