1 180
0.860
0.910
0.760
0.710
0.660
0.710
0.660
0.690
0.690
0.640
0.690
0.640
0.690
0.690
0.690
0.690
0.690
0.690
0.710
0.760
0.960
0.910
0.960
1.010
1.110
1.010
1.010
0.990
0.990
0.940
0.990
0.990
1.010
1.010
1.010
1.060
1.140
1.140
1.090
1.090
1.090
1.140
1.090
1.140
1.160
1.210
1.060
1.060
1.010
1.010
0.960
0.960
1.010
1.010
1.010
1.010
1.010
1.060
1.220
1.190
1.240
1.210
1.210
1.210
1.510
2.140
2.440
2.490
2.540
2.690
2.760
2.860
2.910
2.860
2.910
3.110
3.210
3.460
3.610
3.810
4.310
4.910
5.260
5.710
6.160
7.610
7.560
8.560
9.110
9.160
14.410
21.510
24.810
24.810
24.810
24.810
24.810
24.860
23.910
15.410
9.210
9.110
9.110
3.210
3.110
2.960
2.960
2.560
1.910
1.760
1.710
1.710
1.660
1.610
1.560
1.560
1.260
1.160
1.160
1.060
1.060
1.060
1.010
1.010
1.010
0.960
1.010
1.010
0.970
0.890
0.950
0.950
0.940
0.960
0.960
0.960
1.010
0.960
1.060
1.110
1.060
1.060
1.110
1.110
0.860
0.910
0.760
0.760
0.710
0.710
0.710
0.660
0.660
0.660
0.660
0.660
0.610
0.610
0.610
0.610
0.610
0.560
0.560
0.510
0.590
0.520
0.570
0.540
0.510
0.510
0.560
0.560
0.560
0.610
0.610
0.610
0.660
0.610
0.610
0.660
-592.522 -183.673 -1.563385
