1 180
2.840
2.840
2.890
2.890
3.660
5.060
6.110
6.110
6.160
6.160
6.160
6.210
7.310
7.260
7.260
7.210
7.210
3.510
3.440
3.260
3.110
3.090
3.140
3.140
3.190
3.190
3.240
3.240
3.290
3.340
3.390
3.440
3.490
3.540
3.540
3.590
3.690
3.690
3.740
3.790
3.860
3.860
3.760
3.690
3.660
3.610
3.510
3.460
3.440
3.390
3.340
3.290
3.240
3.240
3.190
3.140
3.090
3.040
3.040
2.990
2.940
2.940
2.940
2.940
2.890
2.890
2.840
2.960
3.160
3.260
3.460
3.660
3.860
4.160
4.460
4.760
5.160
5.610
6.160
6.810
7.660
8.710
10.060
14.010
14.860
19.610
19.610
19.910
31.860
51.060
31.910
51.060
22.110
14.660
9.210
9.210
9.210
8.410
7.510
7.210
6.360
5.910
5.560
5.560
5.610
4.560
4.310
4.060
3.910
3.710
3.510
3.360
3.260
3.160
3.060
2.960
2.990
2.990
3.040
3.040
3.090
3.140
3.190
3.190
3.710
3.810
3.860
3.910
3.910
3.960
4.110
4.110
4.210
4.260
4.310
4.410
4.560
4.610
4.610
4.760
4.660
4.610
4.560
4.560
4.660
5.610
5.660
5.560
5.510
5.460
5.410
5.360
5.260
5.260
5.260
5.210
5.160
5.160
5.110
5.110
5.010
5.010
4.960
4.960
4.910
5.210
5.360
5.360
5.260
5.260
5.260
5.260
5.260
5.260
5.210
4.810
4.790
4.760
4.810
4.760
-551.749 -257.445 -1.473385
