1 180
3.310
3.210
3.260
3.210
3.190
2.340
2.290
2.290
2.290
2.340
2.340
2.340
2.340
2.340
2.390
2.460
2.390
2.290
2.290
2.290
2.310
2.410
2.410
2.410
2.460
2.460
2.510
2.510
3.810
1.440
1.440
1.340
1.240
1.190
1.190
1.140
1.140
1.140
1.190
1.240
1.240
1.240
1.290
1.290
1.290
1.340
1.390
1.390
1.440
1.440
1.490
1.540
1.590
1.640
1.690
1.740
1.790
1.840
1.890
1.940
1.990
2.090
2.190
2.240
2.310
2.460
2.610
2.660
2.860
3.010
3.210
3.410
3.660
3.910
4.210
4.560
5.010
5.410
6.360
6.810
7.810
9.160
11.060
14.110
19.160
43.660
51.060
51.060
29.110
20.760
15.010
8.910
8.910
9.110
6.710
6.310
6.310
6.260
5.360
5.010
3.860
3.640
3.690
3.690
3.560
3.360
3.210
3.110
2.910
2.810
2.710
2.610
2.460
2.410
2.360
2.290
2.160
2.190
2.090
2.040
1.990
1.890
1.890
1.840
1.790
1.740
1.690
1.640
1.640
1.340
1.290
1.240
1.240
1.240
1.240
1.190
1.190
1.140
1.140
1.140
1.190
1.190
1.240
1.240
1.240
1.240
1.290
1.260
1.310
1.340
1.340
1.290
1.290
1.290
1.290
1.240
1.240
1.240
1.240
1.240
1.240
1.220
1.220
1.220
1.220
1.220
1.220
1.220
1.220
1.220
1.170
1.220
1.220
1.220
1.170
1.170
1.170
1.220
1.220
1.170
-104.998 20.078 -2.557385
