1 180
1.070
1.070
1.070
1.070
1.070
1.070
1.070
1.070
1.120
1.090
1.120
1.040
1.120
1.070
1.120
1.090
1.090
1.120
1.090
1.140
1.140
1.190
1.140
1.190
1.190
1.190
1.190
1.190
1.240
1.240
1.240
1.240
1.290
1.290
1.290
1.340
1.340
1.390
1.390
1.440
1.490
1.490
1.490
1.540
1.590
1.640
1.640
1.640
1.690
1.790
1.790
1.840
1.890
1.940
1.990
2.040
2.090
2.190
2.290
2.360
2.560
51.060
51.060
51.060
51.060
3.360
3.310
3.310
3.460
3.560
3.860
4.060
4.360
4.710
5.060
5.510
6.010
7.310
7.310
8.460
9.710
12.260
13.060
13.110
51.060
10.110
10.060
51.060
51.110
25.810
25.760
51.060
13.110
12.610
11.560
9.810
8.910
8.110
7.510
7.210
51.060
5.860
5.510
5.210
4.960
4.660
4.460
4.260
4.060
3.610
3.590
3.610
3.460
3.360
3.260
3.160
3.010
2.990
3.010
2.960
2.910
2.960
2.910
2.910
2.810
2.760
2.760
2.710
2.560
2.560
2.510
2.460
2.360
2.410
2.310
2.160
2.160
1.960
1.990
1.940
1.940
1.890
1.840
1.790
1.790
1.790
1.740
1.790
1.740
1.690
1.690
1.690
1.690
1.690
1.690
1.640
1.640
1.590
1.590
1.590
1.620
1.590
1.570
1.570
1.620
1.570
1.570
1.520
1.570
1.570
1.570
1.520
1.570
1.570
1.570
1.570
1.570
1.570
1.570
1.520
-533.426 -302.668 -0.689385
