1 180
1.710
1.560
1.460
1.360
1.370
1.370
1.420
1.370
1.390
1.370
1.420
1.420
1.420
1.420
1.470
1.420
1.520
1.470
1.490
1.520
1.520
1.540
1.540
1.590
1.590
1.620
1.620
1.620
1.570
1.570
1.570
1.570
1.570
1.620
1.570
1.570
1.570
1.570
1.570
1.570
1.570
1.570
1.570
1.570
1.570
1.570
1.590
2.510
2.610
2.560
2.560
2.610
2.610
2.610
2.660
2.710
2.610
2.660
2.710
2.760
2.760
2.810
2.860
2.740
2.710
2.790
2.790
2.790
2.840
2.890
2.940
2.940
2.990
3.040
3.090
3.140
3.190
3.190
3.240
3.290
3.340
3.440
3.440
3.540
3.610
3.610
3.760
3.810
3.860
4.010
4.060
4.160
4.210
4.410
4.510
4.610
4.710
4.910
5.060
5.210
5.360
5.610
5.760
5.810
6.210
6.760
7.210
8.860
8.410
8.360
8.660
9.110
9.060
9.410
9.510
9.710
13.210
14.460
16.660
17.560
18.360
5.360
2.260
2.140
2.140
2.090
2.040
2.040
1.990
1.940
1.890
1.890
1.890
1.840
1.840
1.790
1.740
1.740
1.740
1.740
1.690
1.690
1.690
1.710
1.660
1.660
1.610
1.660
1.660
1.710
1.710
1.760
1.710
1.710
1.660
1.710
1.660
1.660
1.560
1.610
1.610
1.610
1.660
1.660
1.660
1.660
1.610
1.610
1.610
1.560
1.560
1.560
1.610
1.560
1.570
1.560
1.610
1.560
1.610
1.610
-597.079 -163.350 -1.755385
