1 180
0.720
0.720
0.770
0.770
0.770
0.770
0.770
0.720
0.770
0.720
0.740
0.740
0.740
0.740
0.740
0.740
0.790
0.740
0.740
0.790
0.790
0.790
0.790
0.790
0.790
0.840
0.790
0.790
0.840
0.840
0.890
0.840
0.890
0.890
0.890
0.890
0.890
0.890
0.890
0.940
0.940
0.990
0.990
0.990
1.040
1.040
1.040
1.090
1.090
1.090
1.140
1.190
1.240
1.190
1.240
1.240
1.290
1.340
1.390
1.440
1.440
1.540
1.590
1.590
1.640
1.740
1.790
1.890
1.940
1.990
2.090
2.240
2.340
2.490
2.560
2.760
2.960
3.110
3.410
3.660
3.960
4.260
4.760
5.410
5.610
5.760
5.710
6.210
10.260
10.260
10.160
10.260
10.210
10.210
10.210
10.260
10.260
10.260
10.310
6.160
5.710
5.760
5.660
5.660
5.310
4.860
4.560
4.260
4.010
3.810
3.610
3.460
3.260
3.210
3.060
2.910
2.760
2.710
2.610
2.510
2.460
2.390
2.340
2.290
2.190
2.190
2.140
2.040
1.990
1.940
1.940
1.840
1.890
1.790
1.740
1.740
1.690
1.690
1.690
1.640
1.590
1.590
1.540
1.540
1.540
1.440
1.490
1.440
1.440
1.440
1.390
1.340
1.420
1.370
1.340
1.340
1.320
1.320
1.370
1.290
1.240
1.270
1.270
1.270
1.270
1.270
1.270
1.270
1.270
1.220
1.220
1.270
1.270
1.220
1.220
1.270
1.220
1.220
1.220
1.220
-303.030 24.514 1.428795
