1 180
0.720
0.720
0.720
0.720
0.720
0.720
0.720
0.720
0.770
0.690
0.720
0.690
0.690
0.690
0.740
0.690
0.740
0.740
0.740
0.740
0.740
0.740
0.740
0.740
0.740
0.790
0.790
0.790
0.790
0.840
0.840
0.790
0.840
0.840
0.890
0.840
0.840
0.840
0.890
0.940
0.940
0.940
0.990
0.990
0.990
0.990
0.990
1.040
1.090
1.090
1.140
1.090
1.190
1.190
1.240
1.240
1.290
1.340
1.340
1.390
1.440
1.540
1.540
1.640
1.690
1.690
1.790
1.840
1.940
2.040
2.110
2.260
2.360
2.510
2.710
2.860
3.060
3.260
3.610
3.910
4.310
5.310
5.410
6.160
7.210
8.710
10.860
14.760
51.060
51.060
51.060
24.660
16.260
16.210
15.610
12.810
9.810
9.610
7.260
7.160
6.910
6.460
6.410
4.710
4.360
4.340
4.360
4.310
4.310
4.160
3.960
3.410
3.310
3.210
3.060
2.910
2.860
2.760
2.610
2.610
2.440
2.440
2.340
1.990
1.940
1.890
1.790
1.790
1.740
1.740
1.740
1.790
1.790
1.840
1.790
1.790
1.740
1.690
1.690
1.640
1.640
1.640
1.590
1.590
1.490
1.540
1.490
1.490
1.490
1.440
1.490
1.390
1.390
1.390
1.390
1.340
1.390
1.340
1.340
1.340
1.340
1.340
1.290
1.290
1.320
1.320
1.320
1.270
1.240
1.290
1.270
1.270
1.270
1.240
1.270
1.270
1.270
1.270
1.240
1.240
-70.765 35.151 -2.904385
