1 180
1.930
1.930
1.880
1.930
1.880
1.930
1.930
1.930
1.930
1.930
1.930
1.930
1.930
1.930
1.980
1.980
1.980
1.980
1.980
2.000
2.000
2.000
2.000
2.080
2.050
2.100
2.170
2.470
2.470
2.470
2.520
2.470
2.570
2.620
2.620
2.670
2.670
2.720
2.720
2.770
2.870
2.870
2.970
2.920
2.970
2.920
2.820
2.770
2.750
2.800
2.850
2.900
3.000
3.050
3.100
3.150
3.250
3.370
3.370
3.520
3.570
3.720
3.820
3.920
4.070
5.070
51.070
5.320
5.370
5.220
5.170
5.370
5.570
5.870
8.870
8.820
8.820
8.770
8.670
8.670
8.620
8.620
8.570
8.520
8.570
7.970
7.870
7.920
7.820
8.120
8.670
21.770
8.570
8.320
8.220
17.920
16.720
14.570
11.920
11.320
11.320
8.520
8.470
7.970
7.370
6.020
5.620
5.520
5.520
5.320
5.020
4.770
4.520
4.320
4.120
3.920
3.820
3.270
3.120
2.970
3.000
3.000
3.050
3.020
2.870
2.850
2.750
2.700
2.650
2.600
2.500
2.450
2.400
2.400
2.350
2.300
2.250
2.200
2.200
2.150
2.100
2.050
2.000
2.000
1.950
1.950
1.900
1.900
1.900
1.950
1.950
1.950
1.900
1.950
1.850
1.900
1.800
1.850
1.800
1.800
1.800
1.800
1.750
1.700
1.750
1.700
1.700
1.700
1.750
1.730
1.730
1.680
1.700
1.680
1.730
1.730
1.580
1.580
1.380
1.380
-126.891 -18.632 -2.068385
