1 180
0.870
0.870
0.870
0.870
0.870
0.870
0.870
0.870
0.870
0.870
0.870
0.870
0.840
0.890
0.840
0.840
0.890
0.840
0.890
0.890
0.890
0.890
0.890
0.940
0.940
0.940
0.940
0.940
0.940
0.990
0.990
0.990
1.040
0.990
1.040
1.040
1.040
1.090
1.090
1.090
1.090
1.090
1.140
1.190
1.140
1.190
1.240
1.240
1.290
1.290
1.290
1.390
1.390
1.390
1.440
1.490
1.540
1.590
1.590
1.640
1.690
1.740
1.840
1.890
1.940
2.040
2.140
2.210
2.260
2.360
2.510
2.560
2.760
2.860
3.060
3.260
3.460
3.660
4.710
4.560
4.610
5.660
5.760
6.460
7.410
8.610
10.310
13.160
17.160
26.610
51.060
51.060
32.960
13.560
13.560
13.110
10.160
5.210
5.110
5.060
5.110
5.160
4.760
4.560
4.560
4.510
4.210
3.960
3.710
3.510
3.360
3.160
3.060
2.910
2.710
2.710
2.310
2.060
2.040
1.990
1.890
1.890
1.890
1.940
1.940
1.990
1.890
1.890
1.840
1.790
1.740
1.690
1.690
1.640
1.590
1.590
1.540
1.540
1.490
1.490
1.440
1.440
1.390
1.390
1.390
1.340
1.340
1.340
1.290
1.290
1.290
1.240
1.240
1.240
1.240
1.240
1.190
1.190
1.190
1.140
1.190
1.140
1.140
1.140
1.140
1.140
1.140
1.140
1.090
1.090
1.140
1.140
1.140
1.090
1.140
1.140
1.090
1.090
1.090
1.090
-93.227 49.271 -2.852385
