1 180
0.710
0.760
0.760
0.760
0.710
0.710
0.710
0.710
0.730
0.760
0.680
0.680
0.730
0.730
0.730
0.730
0.730
0.730
0.730
0.730
0.780
0.730
0.730
0.730
0.730
0.780
0.780
0.830
0.830
0.780
0.830
0.830
0.830
0.830
0.880
0.880
0.880
0.930
0.880
0.880
0.930
0.930
0.980
0.980
0.980
0.980
1.030
1.030
1.080
1.080
1.130
1.130
1.180
1.230
1.230
1.280
1.280
1.330
1.380
1.380
1.430
1.480
1.480
1.530
1.630
1.680
1.730
1.830
1.930
1.980
2.080
2.180
2.280
2.430
2.500
2.750
2.900
3.100
3.200
3.750
4.000
4.400
4.900
5.350
9.700
9.750
13.400
14.350
19.150
23.450
33.300
51.050
51.050
32.750
51.050
10.550
9.750
9.750
9.800
9.800
9.800
9.850
8.850
5.750
5.350
5.000
4.650
4.350
4.100
3.850
3.880
3.830
3.880
3.700
3.550
2.930
2.850
2.750
2.650
2.500
2.480
2.430
2.380
2.280
2.230
2.180
2.180
2.200
2.250
2.250
2.250
2.350
2.350
2.350
2.450
2.450
2.500
2.500
2.500
2.550
2.600
2.700
2.750
2.750
2.950
3.130
1.480
1.430
1.430
1.430
1.380
1.380
1.410
1.380
1.380
1.330
1.330
1.360
1.330
1.310
1.280
1.310
1.310
1.260
1.310
1.260
1.260
1.260
1.260
1.210
1.260
1.260
1.210
1.210
1.260
1.210
1.260
1.210
1.210
1.160
-314.359 0.517 0.813795
