1 180
16.760
36.260
28.510
19.910
15.010
15.010
14.160
11.060
10.460
9.660
10.560
10.710
6.560
6.160
5.910
5.910
6.010
5.960
5.060
5.610
5.460
5.310
4.260
4.360
4.160
4.160
3.860
3.610
3.360
3.260
3.160
3.060
3.010
2.910
2.910
2.390
2.340
2.290
2.240
2.190
2.140
2.140
2.040
2.040
1.990
1.990
1.890
1.840
1.840
1.840
1.790
1.840
1.890
1.890
1.910
2.010
2.060
2.160
2.160
2.260
2.760
2.860
2.210
2.760
2.710
2.710
2.710
2.660
2.660
2.660
2.210
2.210
2.810
2.060
2.010
1.960
1.960
2.010
2.010
1.710
1.560
1.590
1.610
1.560
1.540
1.610
1.610
1.610
1.610
1.570
1.540
1.560
1.560
1.710
1.810
1.960
1.960
1.810
1.710
7.710
1.910
7.660
7.860
7.410
6.960
6.560
5.810
4.510
4.510
4.510
4.610
2.010
1.660
1.710
1.710
1.760
5.960
4.610
2.340
4.510
4.610
6.060
2.060
3.810
4.560
4.410
4.310
4.260
2.610
4.010
3.960
3.860
3.810
2.460
2.210
2.260
2.210
2.510
2.810
3.360
3.310
3.210
3.160
3.160
3.060
3.060
3.060
3.010
3.010
2.940
2.940
2.890
2.890
2.840
2.790
2.790
2.660
2.610
2.560
2.560
2.540
2.490
2.460
2.460
2.440
2.460
2.510
2.740
2.710
2.960
3.760
7.160
8.010
9.110
10.360
11.910
12.010
16.710
51.060
16.710
-304.492 18.232 -0.182205
