1 180
1.070
1.070
1.070
1.070
1.120
1.070
1.070
1.070
1.120
1.070
1.070
1.120
1.120
1.120
1.120
1.120
1.140
1.120
1.140
1.140
1.190
1.140
1.170
1.190
1.190
1.190
1.240
1.190
1.240
1.240
1.290
1.290
1.290
1.340
1.340
1.340
1.390
1.440
1.440
1.440
1.490
1.490
1.540
1.590
1.590
1.640
1.640
1.740
1.740
1.840
1.840
1.890
1.940
1.990
2.090
2.140
2.190
2.290
2.340
2.440
2.540
2.560
2.710
2.810
2.910
3.110
3.260
3.410
3.610
3.810
4.060
4.360
4.660
5.010
5.560
5.960
6.610
7.460
8.410
9.660
11.510
14.560
9.910
9.860
43.710
51.110
51.060
43.710
51.060
14.610
14.560
13.860
11.810
10.310
9.160
8.260
7.560
3.860
3.760
3.760
3.760
3.610
3.610
3.710
4.410
4.160
3.960
3.910
3.860
3.760
3.610
3.460
3.360
3.260
3.110
3.010
2.760
2.740
2.640
2.540
2.490
2.440
2.340
2.340
2.240
2.190
2.140
2.140
2.040
2.040
2.040
1.990
1.940
1.940
1.890
1.840
1.840
1.740
1.790
1.740
1.740
1.690
1.690
1.640
1.640
1.640
1.590
1.590
1.540
1.540
1.540
1.540
1.540
1.540
1.490
1.440
1.490
1.490
1.490
1.440
1.440
1.470
1.440
1.470
1.470
1.420
1.420
1.420
1.470
1.420
1.420
1.420
1.420
1.420
0.910
0.890
0.890
0.890
0.890
0.890
-343.811 64.231 -3.036385
