1 180
1.720
1.670
1.720
1.720
1.720
1.720
1.720
1.720
1.720
1.690
1.720
1.770
1.790
1.740
1.770
1.740
1.790
1.790
1.840
1.840
1.840
1.890
1.890
1.940
1.940
1.940
1.940
2.040
2.040
2.040
2.090
2.090
2.140
2.190
2.240
2.240
2.290
2.290
2.390
2.440
2.440
2.490
2.540
2.590
2.690
2.690
2.790
2.840
2.940
2.990
3.060
3.160
3.260
3.360
3.460
3.560
3.660
3.760
3.960
4.110
4.260
4.460
4.610
51.060
51.060
5.760
5.760
6.060
6.460
6.910
7.410
8.010
8.710
9.560
10.610
11.860
13.460
15.710
20.410
19.010
18.110
51.060
51.060
28.260
51.060
35.610
51.060
18.110
14.660
12.310
12.310
9.510
8.410
7.660
6.960
6.410
5.960
5.810
5.810
51.060
4.560
4.360
4.110
3.960
3.760
3.610
3.410
3.260
3.160
3.060
2.910
2.860
2.760
2.710
2.590
2.540
2.490
2.390
2.340
2.290
2.240
2.190
2.140
2.090
2.040
2.040
1.990
1.940
1.940
1.840
1.790
1.840
1.740
1.740
1.690
1.690
1.640
1.640
1.640
1.590
1.590
1.540
1.540
1.540
1.540
1.490
1.490
1.440
1.490
1.440
1.440
1.440
1.440
1.390
1.390
1.390
1.390
1.390
1.370
1.370
1.370
1.370
1.370
1.370
1.370
1.370
1.320
1.370
1.370
1.370
1.320
1.320
1.370
1.370
1.320
1.370
1.320
1.370
1.370
1.320
-444.054 -108.599 -2.662385
