1 180
1.820
1.820
1.820
1.770
1.770
1.770
1.770
1.820
1.770
1.720
1.720
1.770
1.770
1.720
1.720
1.720
1.720
1.720
1.720
1.720
1.720
1.720
1.720
1.670
1.670
1.670
1.720
1.720
1.720
1.720
1.770
1.770
1.720
1.720
1.720
1.770
1.770
1.770
1.770
1.820
1.770
1.820
1.820
1.820
1.870
1.870
1.870
1.920
1.920
1.920
1.920
1.970
1.990
2.020
2.040
2.040
2.090
2.090
2.140
2.190
2.190
2.190
2.240
2.240
2.290
2.340
2.390
2.390
2.490
2.540
2.540
2.640
2.690
2.790
2.990
3.040
3.110
3.210
3.260
3.360
3.460
3.540
3.490
3.560
3.710
3.810
3.910
4.110
4.260
4.460
4.710
4.910
5.110
51.110
51.060
6.060
6.460
9.560
9.510
9.460
8.910
8.910
8.810
8.910
9.310
8.110
8.510
8.010
9.260
9.260
9.260
9.260
9.210
9.260
8.760
8.360
6.710
5.510
4.760
2.610
2.590
2.170
2.220
1.810
1.770
1.770
1.760
2.010
1.960
1.810
1.710
1.610
1.540
1.490
1.440
1.390
1.340
1.240
1.240
1.240
1.140
1.090
1.090
1.040
0.990
0.990
0.940
0.940
0.890
0.890
0.840
0.890
0.840
0.840
0.790
0.790
0.740
0.740
0.740
0.740
0.740
0.690
0.690
0.690
0.640
0.640
0.640
0.640
0.590
0.640
0.590
0.640
0.590
0.590
0.590
0.590
0.590
0.590
0.590
0.540
-454.827 -127.257 1.425795
