1 180
0.990
0.970
1.020
1.070
1.070
1.040
1.020
1.020
0.990
1.020
1.040
1.040
1.090
1.040
1.090
1.090
1.090
1.090
1.140
1.140
1.140
1.140
1.190
1.140
1.240
1.190
1.190
1.190
1.240
1.240
1.290
1.290
1.340
1.340
1.390
1.390
1.440
1.440
1.440
1.540
1.540
1.590
1.590
1.640
1.690
1.740
1.790
1.790
1.890
1.890
2.040
2.040
2.090
2.190
2.290
2.340
2.440
2.560
2.610
2.760
2.860
3.060
3.210
3.360
3.560
3.860
4.110
4.860
5.210
5.410
5.660
6.210
7.010
7.910
9.160
10.760
14.510
17.310
23.710
33.460
5.710
5.560
5.510
5.560
14.460
18.260
14.960
14.560
11.560
10.310
9.310
8.760
8.710
6.610
6.510
6.260
5.910
5.760
5.560
4.060
3.810
3.710
3.660
3.660
3.710
3.760
3.660
3.560
3.410
3.310
3.160
3.110
3.060
2.960
2.910
2.810
2.790
2.690
2.640
2.540
2.490
2.440
2.390
2.290
2.290
2.290
2.190
2.190
2.190
2.140
2.040
2.090
1.990
1.990
1.990
1.990
1.940
1.890
1.890
1.840
1.840
1.840
1.790
1.790
1.790
1.740
1.740
1.740
1.740
1.690
1.690
1.690
1.690
1.690
1.640
1.640
1.640
1.670
1.640
1.640
1.590
1.590
1.620
1.670
1.620
1.620
1.570
1.620
1.570
1.620
1.570
1.570
1.540
1.590
1.640
1.740
1.660
1.660
1.710
1.710
-550.763 -292.477 -0.189205
