1 180
1.470
1.470
1.470
1.470
1.470
1.470
1.470
1.520
1.520
1.520
1.520
1.520
1.570
1.520
1.520
1.520
1.490
1.540
1.540
1.540
1.590
1.590
1.590
1.590
1.640
1.670
1.640
1.640
1.640
1.690
1.740
1.740
1.740
1.790
1.840
1.840
1.840
1.890
1.940
1.940
1.990
2.040
2.040
2.090
2.090
2.310
2.340
2.440
2.490
2.540
2.590
2.640
2.690
2.790
2.860
2.940
3.010
3.110
3.110
3.110
3.160
3.310
3.360
3.510
3.660
3.810
4.010
4.210
4.410
4.610
4.910
5.110
5.510
5.860
6.310
7.210
7.560
8.010
8.810
9.810
11.060
12.710
14.810
17.960
15.460
15.510
14.010
13.960
36.760
36.660
17.060
12.860
10.010
8.360
7.110
6.160
5.510
4.960
4.510
4.160
3.810
3.510
3.260
3.060
2.910
2.710
2.610
2.460
2.310
2.240
2.110
2.060
1.990
1.940
1.890
1.790
1.740
1.690
1.640
1.590
1.540
1.490
1.440
1.390
1.340
1.290
1.290
1.290
1.190
1.190
1.140
1.190
1.140
1.140
1.090
1.090
1.040
1.040
1.040
0.990
0.990
0.990
0.940
0.940
0.940
0.940
0.890
0.890
0.890
0.890
0.890
0.840
0.890
0.840
0.840
0.840
0.840
0.820
0.840
0.840
0.840
0.790
0.790
0.870
0.820
0.820
0.770
0.820
0.820
0.790
0.820
0.820
0.790
0.820
0.820
0.820
0.820
0.770
0.770
0.790
-381.544 -72.869 -1.716385
