1 180
1.020
1.020
1.020
1.020
1.020
1.020
0.990
0.990
1.040
1.040
0.990
1.040
1.090
1.040
1.040
1.040
1.090
1.090
1.140
1.140
1.140
1.140
1.140
1.190
1.190
1.190
1.240
1.240
1.240
1.290
1.290
1.340
1.340
1.340
1.390
1.440
1.440
1.490
1.540
1.540
1.540
1.590
1.640
1.690
1.690
1.790
1.840
1.870
1.820
1.790
1.790
1.740
1.740
1.690
1.690
1.690
1.720
1.720
1.670
1.670
1.620
1.640
1.670
1.670
1.590
1.570
1.660
1.610
1.610
1.860
1.810
1.760
1.710
1.710
1.710
1.610
1.660
1.660
1.660
1.610
1.610
1.660
1.660
1.660
1.710
1.660
1.710
1.760
1.810
1.860
1.710
1.660
1.610
1.660
1.960
51.060
2.810
2.710
2.560
2.360
2.310
2.210
2.210
2.210
2.260
2.260
2.260
2.310
2.260
2.360
2.060
2.010
1.960
1.910
1.960
51.060
51.060
51.060
51.060
51.060
2.360
51.060
51.060
51.110
2.560
2.460
2.410
2.410
2.410
51.060
51.060
51.060
51.060
3.060
3.010
3.010
2.910
3.010
51.110
51.060
51.060
3.810
3.610
3.610
8.960
4.560
4.260
4.260
51.060
51.060
4.910
8.660
5.610
5.560
6.310
7.010
6.910
7.660
8.360
9.010
9.760
11.210
12.610
14.710
16.910
17.460
17.410
17.410
17.410
17.410
17.410
12.360
7.910
6.860
5.460
4.610
4.010
3.510
3.110
2.810
-153.138 -17.632 -2.104385
