1 180
1.640
1.460
1.510
1.510
1.510
1.510
2.110
1.510
1.510
1.510
1.510
1.560
1.660
1.510
1.510
1.560
1.510
1.510
1.560
1.610
1.660
1.610
1.610
1.610
1.660
1.660
1.710
1.710
1.710
1.710
1.710
1.760
1.760
1.760
1.760
1.760
1.860
1.860
1.910
1.910
1.910
2.010
2.010
2.010
2.060
2.110
2.110
2.160
2.110
2.260
2.310
2.360
2.410
2.460
2.510
2.560
2.560
2.660
2.810
2.860
2.910
3.010
3.060
3.160
3.360
3.410
3.560
3.660
3.910
4.010
4.060
4.010
4.010
3.960
3.960
3.960
3.910
3.910
3.910
3.860
3.810
3.810
3.810
3.810
3.810
3.810
4.010
4.110
4.110
4.160
4.160
4.110
4.110
4.110
4.110
4.110
4.160
4.110
4.160
4.160
4.160
4.160
4.260
4.210
4.210
4.210
4.260
4.210
3.960
3.960
3.960
4.060
4.010
4.060
4.110
4.110
4.160
4.210
4.210
4.260
4.310
4.360
4.260
4.160
4.060
3.960
3.860
3.760
3.660
3.610
3.560
3.460
3.410
3.460
3.460
3.410
3.510
3.610
3.660
3.760
3.810
3.860
4.010
4.910
5.010
5.160
1.660
1.540
1.540
1.540
1.510
1.560
6.260
1.460
1.390
1.390
1.340
1.390
1.410
1.540
1.640
1.640
1.640
1.640
1.640
1.590
1.590
1.590
1.610
1.660
1.960
2.240
2.190
2.240
2.240
2.190
2.140
2.190
2.190
2.140
-328.379 61.023 1.252795
