1 180
1.670
1.670
1.570
1.550
1.550
1.550
1.540
1.570
1.570
1.570
1.570
1.570
1.620
1.620
1.620
1.570
1.620
1.620
1.620
1.620
1.620
1.640
1.670
1.670
1.670
1.720
1.720
1.720
1.720
1.740
1.740
1.790
1.740
1.790
1.790
1.790
1.840
1.890
1.890
1.890
1.940
1.940
1.990
2.040
2.040
2.040
2.140
2.140
2.190
2.190
2.240
2.240
2.340
2.390
2.440
2.490
2.540
2.540
2.690
2.740
2.790
2.890
2.990
3.010
3.160
3.210
3.360
3.460
3.610
51.060
4.260
51.060
51.060
4.710
4.710
4.910
5.060
5.410
5.660
6.060
6.460
6.910
7.510
8.060
9.210
9.860
11.010
12.560
14.510
17.160
51.060
26.060
45.010
51.060
51.060
35.710
35.660
26.010
23.060
51.060
13.560
11.710
10.310
9.560
8.610
7.560
6.960
6.360
6.010
5.610
5.260
4.960
4.660
4.410
4.260
4.010
3.860
3.710
3.560
3.410
3.310
3.210
3.010
2.960
2.860
2.760
2.710
2.640
2.590
2.540
2.440
2.390
2.340
2.290
2.240
2.190
2.140
2.140
2.040
2.040
1.990
1.940
1.940
1.890
1.840
1.840
1.840
1.790
1.740
1.740
1.690
1.690
1.690
1.640
1.640
1.640
1.640
1.590
1.540
1.590
1.590
1.540
1.540
1.490
1.540
1.520
1.490
1.490
1.490
1.490
1.470
1.470
1.490
1.470
1.470
1.470
1.470
1.470
1.420
1.420
-200.064 0.123 2.708795
