1 180
2.070
2.120
2.070
2.140
5.410
8.510
8.510
8.510
9.510
9.610
16.110
14.710
13.560
12.610
2.840
2.810
2.840
2.860
8.860
2.910
2.890
2.840
2.810
7.410
7.160
6.860
6.610
6.460
6.210
2.910
2.860
2.790
2.710
2.710
2.710
2.660
2.640
2.660
2.810
4.560
4.460
4.410
4.260
4.210
4.160
4.110
4.010
3.910
3.910
3.810
3.760
3.690
3.690
3.610
3.590
3.540
3.540
3.440
3.390
3.340
3.340
3.290
3.290
3.240
3.240
3.140
3.140
3.140
3.140
3.090
3.040
3.040
3.040
2.990
2.990
2.990
2.940
2.990
2.940
3.160
3.560
3.110
3.210
4.960
6.360
7.210
8.310
10.310
18.310
22.160
22.160
51.060
51.110
51.060
12.260
12.160
10.860
9.310
8.610
8.610
6.510
6.210
5.760
5.760
5.760
5.710
5.360
4.710
3.910
3.560
3.310
3.310
3.160
3.040
3.040
3.040
3.090
2.960
2.910
2.810
2.710
2.610
2.560
2.510
2.410
2.360
2.310
2.260
2.210
2.190
2.110
2.090
2.040
1.990
1.940
1.890
1.890
1.890
1.840
1.790
1.790
1.790
1.740
1.690
1.690
1.640
1.640
1.590
1.590
1.640
1.540
1.540
1.490
1.540
1.490
1.440
1.440
1.490
1.440
1.440
1.440
1.240
1.240
1.240
1.190
1.220
1.190
1.220
1.220
1.190
1.220
1.220
1.220
1.170
1.170
1.170
1.170
1.220
1.220
1.170
-137.974 -3.780 -2.461385
