1 180
0.970
0.920
0.970
0.970
0.970
0.970
0.970
0.970
0.970
0.970
0.990
0.990
0.940
0.940
0.990
0.990
1.040
0.990
0.990
1.040
1.040
0.990
1.040
1.040
1.090
1.040
1.090
1.090
1.090
1.090
1.140
1.140
1.190
1.190
1.190
1.190
1.190
1.290
1.290
1.290
1.290
1.290
1.290
1.340
1.340
1.390
1.440
1.440
1.490
1.540
1.590
1.640
1.640
1.690
1.740
1.790
1.840
1.890
1.940
2.040
2.090
2.190
2.290
2.310
2.410
2.510
2.660
2.760
2.860
3.060
3.260
3.460
3.610
4.310
4.510
4.460
4.910
5.360
5.910
6.560
7.510
8.560
10.160
12.460
15.860
27.260
51.060
51.060
23.710
15.260
15.210
14.610
11.760
8.810
8.510
6.160
6.110
5.960
5.410
5.310
5.160
3.560
3.310
3.290
3.340
3.340
3.290
3.290
3.210
3.060
2.960
2.760
2.460
2.390
2.290
2.190
2.140
2.090
2.040
1.990
1.890
1.840
1.790
1.740
1.740
1.690
1.640
1.590
1.540
1.540
1.490
1.490
1.440
1.440
1.390
1.340
1.390
1.340
1.340
1.290
1.040
1.040
1.040
0.990
0.990
0.940
0.940
0.940
0.940
0.940
0.940
0.890
0.890
0.890
0.890
0.940
0.940
0.960
1.010
1.070
1.040
1.040
1.040
1.040
1.070
1.020
1.040
1.020
0.990
1.020
1.020
1.040
1.020
1.040
1.020
1.020
0.990
1.020
0.990
1.020
-83.474 51.826 -2.912385
