1 180
0.970
0.970
0.970
0.940
0.940
0.970
0.940
0.970
0.970
1.020
0.940
0.940
0.990
0.940
0.940
0.990
0.990
0.990
0.990
0.990
0.990
1.040
0.990
1.040
1.040
1.040
1.040
1.090
1.090
1.090
1.140
1.090
1.140
1.140
1.190
1.140
1.190
1.240
1.240
1.290
1.290
1.290
1.340
1.340
1.390
1.390
1.440
1.440
1.490
1.490
1.540
1.590
1.640
1.690
1.690
1.740
1.790
1.890
1.940
1.990
2.090
2.140
2.240
2.290
2.310
2.460
2.610
2.710
2.760
2.960
3.110
5.460
5.510
5.360
5.510
5.360
5.310
5.410
5.360
7.410
7.510
7.460
7.410
7.960
7.960
7.960
7.960
7.660
7.760
7.910
7.960
8.010
7.960
7.960
8.010
8.010
7.560
7.560
7.560
3.960
3.860
3.810
3.410
3.460
9.360
9.660
10.060
10.410
10.610
10.410
3.810
3.710
3.510
3.410
3.310
3.240
3.160
3.110
3.010
2.910
2.710
2.610
2.590
2.540
2.490
2.440
2.390
2.340
2.290
2.190
2.140
2.140
2.090
1.990
2.040
1.990
1.940
1.940
1.890
1.840
1.840
1.790
1.790
1.790
1.740
1.740
1.640
1.690
1.640
1.640
1.640
1.640
1.590
1.590
1.590
1.540
1.540
1.540
1.540
1.540
1.490
1.520
1.520
1.520
1.490
1.510
1.510
1.460
1.510
1.460
1.560
1.660
1.660
1.760
1.910
2.060
2.310
2.390
2.390
2.390
-591.098 -153.727 -2.613385
