1 180
1.520
1.520
1.520
1.470
1.520
1.520
1.520
1.520
1.520
1.520
1.520
1.570
1.570
1.570
1.620
1.540
1.570
1.590
1.590
1.590
1.670
1.590
1.670
1.690
1.690
1.690
1.740
1.740
1.740
1.790
1.790
1.790
1.840
1.890
1.890
1.940
1.940
1.940
2.040
2.040
2.090
2.140
2.140
2.240
2.240
2.290
2.340
2.390
2.440
2.490
2.590
2.640
2.740
2.790
2.860
2.960
3.060
3.110
3.260
3.360
3.460
3.610
3.760
3.960
4.160
4.360
4.510
4.810
5.010
5.360
5.710
6.060
6.560
7.010
7.610
8.360
8.710
8.660
8.860
13.610
12.360
12.360
12.060
12.710
51.060
13.310
13.310
16.510
22.160
22.110
17.460
9.310
9.560
8.710
7.060
7.060
6.510
6.510
6.560
6.410
6.060
5.860
5.660
5.360
4.760
4.510
4.310
4.110
3.910
3.810
3.610
3.510
3.410
3.260
3.160
3.010
3.010
2.910
2.810
2.760
2.660
2.640
2.590
2.540
2.440
2.390
2.340
2.290
2.240
2.190
2.190
2.140
2.090
2.110
2.010
2.010
2.060
2.110
2.160
2.160
2.110
2.060
2.010
2.010
1.910
1.910
1.910
1.910
1.860
1.860
1.810
1.810
1.810
1.810
1.810
1.760
1.760
1.710
1.710
1.710
1.710
1.660
1.710
1.710
1.660
1.660
1.610
1.560
1.510
1.460
1.460
1.490
1.520
1.520
1.520
1.520
1.570
1.520
1.520
1.520
-421.638 -102.711 -2.958385
