1 180
6.060
6.010
5.960
5.960
5.910
5.860
5.810
5.810
5.760
5.760
5.760
5.710
5.660
5.610
5.610
5.610
5.660
5.610
5.560
5.560
1.770
1.740
1.750
1.770
1.740
1.740
1.740
1.740
1.790
1.790
1.740
1.790
1.740
1.790
1.790
1.760
1.610
1.560
1.410
1.360
1.260
1.160
1.110
1.060
1.040
0.990
1.040
1.040
1.040
1.040
1.040
1.090
1.090
1.140
1.090
1.090
1.090
1.140
1.140
1.190
1.190
1.190
1.190
1.240
1.240
1.240
1.290
1.340
1.390
1.340
1.390
1.440
1.490
1.440
1.540
1.540
1.590
1.590
1.640
1.690
1.740
1.790
1.840
1.940
1.990
2.040
2.090
2.140
2.290
2.340
2.390
2.710
2.860
2.960
3.110
3.290
3.290
3.360
3.910
4.160
4.340
4.460
4.860
5.360
5.910
6.110
6.410
8.910
10.060
12.060
14.010
13.910
13.960
13.910
13.910
13.910
13.910
13.960
14.010
10.110
8.860
6.710
6.110
6.110
5.610
5.060
4.710
4.360
4.110
3.910
3.660
3.360
3.240
3.110
2.960
2.810
2.710
2.560
2.490
2.360
2.310
2.240
2.140
2.090
2.040
1.990
1.890
1.890
1.790
1.790
1.740
1.690
1.640
1.590
1.590
1.540
1.540
1.490
1.490
1.440
1.440
1.390
1.340
1.340
1.340
1.290
1.290
1.290
1.290
1.240
1.240
1.190
1.190
1.190
1.190
1.170
1.140
1.140
1.140
1.120
-332.611 4.192 -2.912385
