1 180
1.090
1.090
1.040
1.090
1.090
1.090
1.560
11.360
10.460
9.710
9.010
8.410
7.860
7.460
7.310
6.960
6.410
6.160
5.910
5.560
5.360
5.210
4.960
4.810
4.660
4.660
4.710
4.760
4.810
4.810
4.660
4.560
3.740
3.660
3.510
3.460
3.390
3.310
3.290
3.240
3.140
3.090
3.040
2.990
2.940
2.890
2.890
2.840
2.790
2.740
2.690
2.690
2.640
2.590
2.590
2.590
2.540
2.540
2.490
2.440
2.460
2.560
2.710
2.860
3.010
3.060
3.210
3.460
3.610
3.760
4.010
4.310
4.510
5.010
5.210
5.760
6.310
7.010
7.960
9.010
10.210
10.060
10.460
11.060
11.110
12.910
12.910
10.660
10.660
12.910
12.910
10.110
8.410
7.360
6.460
5.760
5.210
4.760
4.360
4.060
3.710
3.740
3.740
3.740
3.560
2.760
2.660
2.560
2.410
2.310
2.210
2.110
2.060
2.040
1.940
1.840
1.790
1.790
1.690
1.690
1.640
1.590
1.540
1.490
1.490
1.440
1.390
1.340
1.340
1.290
1.290
1.290
1.240
1.240
1.190
1.190
1.190
1.140
1.090
1.090
1.090
1.090
1.040
1.040
1.040
1.040
1.040
1.040
0.990
0.990
0.990
0.990
0.990
0.940
0.990
0.940
0.940
0.940
0.940
0.940
0.940
0.920
0.890
0.890
0.920
0.920
0.920
0.890
0.920
0.890
0.920
0.870
0.920
0.920
0.870
0.870
0.920
0.920
0.870
0.920
-62.674 23.159 -1.060385
