1 180
1.020
1.020
1.020
1.070
1.020
1.020
1.070
1.020
1.020
1.070
1.040
1.070
1.040
1.090
1.120
1.090
1.090
1.090
1.140
1.090
1.140
1.140
1.190
1.140
1.190
1.190
0.610
0.560
0.540
0.540
0.540
0.540
0.490
0.490
0.490
0.540
0.540
0.540
0.590
0.590
0.590
0.640
0.740
0.790
0.740
0.740
0.740
0.790
0.840
0.840
0.940
1.940
1.990
2.090
2.140
2.190
2.290
2.340
2.490
2.510
2.610
2.760
2.910
3.060
1.460
1.440
1.210
1.240
1.240
1.190
1.240
1.240
5.660
6.210
6.910
7.860
9.010
10.660
12.760
14.810
14.660
14.710
15.510
20.310
20.310
51.060
20.210
15.460
13.860
11.110
9.710
8.660
7.760
7.110
6.510
6.010
5.560
5.360
5.410
5.210
4.710
4.560
3.910
3.760
3.560
3.410
3.260
3.110
3.060
2.910
2.810
2.710
2.660
2.560
2.460
2.440
2.390
2.290
2.240
2.190
2.140
2.090
2.090
1.990
1.990
1.940
1.890
1.890
1.890
1.790
1.740
1.740
1.740
1.690
1.640
1.590
1.590
1.640
1.590
1.590
1.540
1.590
1.540
1.490
1.490
1.490
1.440
1.390
1.440
1.440
1.440
1.390
1.390
1.390
1.390
1.390
1.340
1.340
1.340
1.340
1.290
1.340
1.340
1.340
1.320
1.290
1.370
1.340
1.420
1.470
1.420
1.450
1.450
1.450
1.450
1.420
1.470
1.470
1.420
1.420
-246.253 -2.254 -2.640385
