1 180
1.670
1.670
1.620
1.670
1.620
1.670
1.670
1.670
1.670
1.670
1.720
1.670
1.720
1.670
1.670
1.670
1.720
1.690
1.720
1.720
1.770
1.690
1.740
1.740
1.740
1.820
1.870
1.790
1.840
1.840
1.840
1.890
1.890
1.940
1.940
1.990
1.990
2.040
2.090
2.090
2.140
2.140
2.190
2.190
2.240
2.290
2.340
2.390
2.440
2.490
2.490
2.590
2.640
2.740
2.790
2.840
2.890
2.990
3.110
3.160
3.260
3.360
3.460
3.610
3.710
3.810
4.010
4.110
4.360
4.510
4.710
4.960
5.260
5.510
5.860
6.260
6.710
7.160
7.710
8.360
9.160
10.060
11.260
13.660
14.660
51.060
21.210
23.210
23.210
51.060
13.760
13.710
20.610
13.710
10.010
8.610
6.960
6.010
5.260
4.710
4.260
3.860
3.560
3.540
3.440
3.210
3.060
2.860
2.410
2.310
2.240
2.240
2.290
2.290
2.340
2.340
2.340
2.340
2.390
2.390
2.440
2.440
2.490
2.490
2.490
2.540
2.490
2.390
2.340
2.290
2.240
2.190
2.140
2.090
2.090
1.990
1.990
1.990
1.940
1.890
1.840
1.840
1.840
1.790
1.790
1.740
1.740
1.690
1.690
1.690
1.640
1.640
1.640
1.590
1.590
1.590
1.540
1.540
1.540
1.540
1.540
1.520
1.490
1.490
1.520
1.470
1.470
1.470
1.420
1.470
1.420
1.470
1.470
1.420
1.470
1.420
1.420
1.420
1.420
1.420
-565.671 -438.222 -2.335385
