1 180
2.190
2.190
2.240
2.190
2.190
2.240
2.240
2.160
2.210
2.260
2.260
2.260
2.010
2.010
2.020
2.020
2.020
1.990
1.990
2.040
2.040
2.040
2.040
2.090
2.140
2.090
2.140
2.190
2.190
2.190
2.190
2.240
2.240
2.290
2.340
2.340
2.390
2.390
2.440
2.490
2.440
2.540
2.590
2.590
2.640
2.690
2.740
2.790
2.840
2.960
3.460
3.610
3.560
3.660
3.810
3.910
3.960
3.960
4.010
3.910
3.810
3.810
3.960
4.010
4.160
4.310
4.460
4.660
4.810
5.060
5.210
51.060
6.510
6.560
6.410
6.710
7.110
10.110
10.010
10.010
9.960
9.960
9.860
9.860
9.860
9.810
9.210
9.210
9.210
9.310
9.960
23.060
9.760
9.510
9.560
18.960
17.160
15.410
12.610
10.060
9.760
9.360
8.510
6.810
6.760
6.610
6.110
5.760
5.410
4.610
4.210
4.140
4.110
4.110
3.960
3.760
3.660
3.510
3.360
3.310
3.160
3.060
2.960
2.910
2.790
2.790
2.790
2.760
2.710
2.640
2.590
2.540
2.490
2.440
2.390
2.340
1.890
1.840
1.840
1.790
1.740
1.690
1.690
1.690
1.740
1.740
1.840
1.740
1.790
1.790
1.840
1.840
1.840
1.790
1.790
1.790
1.790
1.740
1.790
1.740
1.690
1.740
1.690
1.690
1.640
1.640
1.690
1.640
1.640
1.590
1.640
1.590
1.590
1.590
1.620
1.620
1.620
1.620
1.470
1.470
-126.277 -17.500 -2.068385
