1 180
2.760
2.710
2.660
2.610
2.560
2.510
2.510
2.460
2.390
2.340
2.340
2.290
2.340
2.390
2.490
2.540
2.640
2.690
2.790
2.760
2.710
2.710
2.710
2.760
2.710
2.710
2.310
2.410
2.410
2.360
2.260
2.260
2.210
2.260
2.410
2.510
2.460
2.460
2.460
2.460
2.460
2.460
2.440
2.390
2.470
2.470
2.440
2.440
2.440
2.410
2.460
2.460
2.460
2.510
2.510
2.460
2.510
2.490
2.360
2.210
2.060
2.020
2.070
2.070
2.090
2.090
2.120
2.090
2.140
2.140
2.090
2.140
2.190
2.190
2.190
2.240
4.260
4.710
5.160
5.510
5.410
5.260
5.210
7.760
7.810
7.960
9.260
9.360
9.510
9.710
9.860
10.060
10.260
10.410
10.610
10.860
11.060
11.310
11.560
11.760
12.210
8.460
7.910
7.610
7.310
5.210
5.060
4.610
4.560
4.560
4.610
4.610
4.710
4.510
4.310
4.160
3.160
3.110
3.110
3.160
3.210
3.260
3.310
3.310
3.210
3.160
3.210
3.010
3.110
3.110
3.160
3.210
3.110
3.060
3.010
2.860
2.860
2.810
2.760
2.660
2.660
2.610
2.510
2.460
1.410
1.390
1.390
1.390
1.390
1.390
1.390
1.290
1.290
1.290
1.290
1.290
1.290
1.290
1.340
1.440
1.490
1.540
1.740
1.740
1.940
1.970
1.890
1.890
1.920
0.890
0.790
0.790
0.790
0.790
0.790
0.790
0.790
0.790
0.890
1.870
-595.408 -156.999 -1.862385
