1 180
1.520
1.520
1.570
1.520
1.570
1.520
1.570
1.520
1.520
1.520
1.520
1.570
1.520
1.520
1.520
1.570
1.570
1.520
1.570
1.570
1.570
1.570
1.540
1.590
8.910
8.960
9.010
9.060
9.110
9.210
9.260
9.360
9.410
9.510
9.610
9.660
9.760
9.860
9.960
9.960
9.660
9.410
4.010
4.010
3.960
3.860
3.760
3.660
8.060
3.510
3.560
7.660
3.310
3.310
3.210
3.260
3.410
3.510
3.610
3.860
3.760
3.810
3.910
3.960
4.110
4.160
5.810
6.010
6.110
6.110
5.960
5.910
5.860
5.810
5.760
5.710
5.660
5.710
5.610
5.610
5.560
5.560
5.510
5.460
5.460
5.410
5.410
5.360
5.360
5.310
5.360
5.310
5.310
5.360
5.310
5.310
5.560
28.660
28.510
26.360
25.760
20.310
20.310
17.760
15.310
13.410
12.010
10.860
9.960
9.160
8.460
5.610
5.160
1.060
1.010
0.990
0.990
0.940
0.990
0.960
1.060
3.540
3.860
3.810
4.110
1.060
1.090
1.040
1.040
1.090
1.090
1.110
1.210
3.810
0.690
0.740
0.640
0.640
0.640
0.690
0.640
0.590
0.590
0.590
0.640
0.660
0.710
0.710
0.710
0.660
0.660
0.660
0.660
0.660
0.810
0.760
0.760
0.710
0.760
0.710
0.710
0.790
0.790
0.740
0.790
0.740
0.740
0.740
0.740
0.690
0.690
0.640
0.690
0.690
0.690
0.640
0.690
0.640
0.570
0.540
-554.814 -289.200 -1.979385
