1 180
0.620
0.670
0.620
0.670
0.670
0.620
0.620
0.670
0.670
0.640
0.590
0.640
0.640
0.640
0.640
0.640
0.640
0.640
0.690
0.590
0.640
0.690
0.640
0.640
0.690
0.640
0.690
0.640
0.690
0.690
0.740
0.740
0.690
0.740
0.740
0.790
0.790
0.790
0.790
0.790
0.840
0.840
0.840
0.840
0.890
0.940
0.890
0.940
0.940
0.990
0.990
0.990
1.040
1.090
1.090
1.090
1.140
1.190
1.240
1.240
1.290
1.340
1.440
1.440
1.490
1.540
1.590
1.690
1.790
1.840
1.910
2.060
2.110
2.260
2.410
2.560
2.810
3.010
3.260
3.560
3.960
4.410
4.910
5.860
7.060
8.060
10.260
17.360
21.960
51.060
36.610
37.360
14.910
14.860
14.460
11.410
6.610
6.410
6.410
6.410
6.260
5.910
5.960
5.710
5.310
4.960
4.660
4.410
4.210
3.460
3.310
3.190
3.190
3.190
3.210
3.060
2.960
2.910
2.810
2.710
2.660
2.560
2.510
2.440
2.390
2.310
2.290
2.190
2.140
2.140
2.090
2.040
1.990
1.940
1.940
1.890
1.840
1.840
1.790
1.790
1.740
1.690
1.740
1.690
1.640
1.640
1.590
1.590
1.540
1.540
1.540
1.540
1.490
1.290
1.290
1.240
1.240
1.240
1.240
1.190
1.190
1.220
1.220
1.220
1.220
1.170
1.220
1.220
1.220
1.140
1.220
1.140
1.220
1.170
1.170
1.170
1.120
1.170
1.170
1.170
-80.153 32.419 -2.812385
