1 180
0.780
0.830
0.780
0.780
0.780
0.780
0.780
0.780
0.780
0.780
0.780
0.780
0.780
0.780
0.780
0.830
0.780
0.780
0.780
0.780
0.830
0.750
0.800
0.750
0.750
0.800
0.800
0.750
0.800
0.800
0.800
0.800
0.800
0.850
0.800
0.800
0.850
0.900
0.850
0.900
0.850
0.900
0.900
0.900
0.950
0.900
0.950
0.950
0.950
0.950
1.000
1.000
1.000
1.050
1.050
1.050
1.100
1.100
1.150
1.150
1.200
1.200
1.250
1.300
1.300
1.350
1.350
1.400
1.450
1.500
1.550
1.600
1.650
1.650
1.750
1.800
1.850
1.950
2.050
2.100
2.170
2.320
2.420
2.520
2.670
2.820
3.070
3.220
3.520
3.820
4.220
4.620
5.120
5.720
6.520
7.570
9.070
11.420
18.820
7.220
7.270
22.270
26.520
51.070
26.520
18.120
16.370
13.870
12.070
11.470
9.570
8.620
7.920
7.320
6.820
6.470
6.420
6.070
5.370
5.070
4.770
4.570
4.370
4.170
4.020
3.820
3.720
3.520
3.420
3.320
3.270
3.120
3.020
2.970
2.870
2.820
2.720
2.670
2.650
2.550
2.500
2.450
2.450
2.400
2.300
2.300
2.200
2.200
2.150
2.100
2.100
2.050
2.050
2.000
2.000
1.950
2.000
2.050
2.000
2.000
1.950
1.950
1.900
1.900
1.850
1.850
1.900
1.850
1.800
1.800
1.780
1.830
1.780
1.830
1.780
1.780
1.730
1.730
1.730
1.730
-240.687 0.104 -3.083385
