1 180
1.120
1.120
1.120
1.120
1.120
1.120
1.170
1.120
1.120
1.120
1.170
1.140
1.120
1.140
1.170
1.220
1.170
1.170
1.170
1.190
1.170
1.140
1.190
1.190
1.190
1.240
1.340
1.340
1.290
1.340
1.510
1.510
1.560
1.510
1.560
1.610
1.660
1.660
1.760
1.660
1.660
1.760
1.860
1.640
1.640
1.640
1.640
1.690
1.690
1.740
1.790
1.840
2.060
2.260
2.210
2.210
2.160
2.310
2.210
2.210
2.210
2.260
2.290
2.290
2.340
2.440
2.490
2.590
2.710
2.760
2.910
2.960
3.160
3.260
3.460
3.610
3.910
4.110
4.360
4.710
5.060
5.460
5.910
6.460
7.160
8.010
9.510
10.360
11.760
11.510
11.460
11.660
12.260
16.910
17.010
16.960
17.010
16.960
12.360
11.710
8.910
8.560
7.610
6.860
6.310
5.760
5.360
4.960
4.610
4.360
4.110
3.910
3.660
3.510
3.360
3.160
3.060
2.910
2.810
2.760
2.610
2.560
2.460
2.410
2.340
2.260
2.310
2.310
2.310
2.260
2.210
2.210
2.160
2.160
2.060
2.060
1.960
2.010
1.860
1.810
1.760
1.740
1.740
1.760
1.660
1.690
1.710
1.660
1.660
1.660
1.610
1.610
1.560
1.590
1.560
1.540
1.540
1.540
1.540
1.440
1.390
1.440
1.390
1.340
1.290
1.220
1.190
1.240
1.240
1.190
1.190
1.190
1.240
1.190
1.190
1.190
1.190
1.190
1.190
1.190
-249.251 -3.632 -2.797385
