1 180
1.690
1.670
1.670
1.670
1.720
1.670
1.720
1.720
1.720
1.720
1.720
1.690
1.690
1.690
1.740
1.740
1.740
1.770
1.790
1.790
1.740
1.790
1.840
1.840
1.840
1.890
1.890
1.940
1.940
1.940
1.990
1.990
2.040
2.040
2.090
2.090
2.140
2.140
2.260
2.390
2.390
2.440
2.490
2.540
2.590
2.640
2.690
2.740
2.790
2.840
2.940
2.910
3.010
3.060
3.110
3.060
3.190
3.260
3.360
3.460
3.610
3.710
3.810
4.010
4.160
4.310
4.510
4.710
4.960
5.160
5.460
5.760
6.110
6.860
7.310
7.510
8.110
8.760
9.560
10.610
12.160
13.410
12.610
17.710
17.660
31.460
21.010
14.110
31.810
20.710
8.210
10.710
8.310
6.760
5.660
4.910
4.260
3.810
3.460
3.360
3.360
3.360
3.340
3.340
2.160
2.060
1.960
1.860
1.760
1.660
1.640
1.540
1.540
1.440
1.390
1.290
1.290
1.290
1.240
1.190
1.140
1.090
1.090
1.090
1.040
0.990
0.940
0.940
0.890
0.940
0.890
0.890
0.840
0.840
0.840
0.790
0.790
0.740
0.740
0.740
0.740
0.740
0.690
0.690
0.690
0.690
0.690
0.690
0.690
0.640
0.640
0.640
0.640
0.640
0.640
0.640
0.640
0.590
0.640
0.590
0.640
0.590
0.640
0.590
0.640
0.590
0.590
0.590
0.590
0.590
0.590
0.540
0.590
0.540
0.590
0.590
0.620
0.590
0.570
0.570
-382.285 -77.695 -1.801385
