1 180
1.520
1.520
1.520
1.520
1.520
1.520
1.520
1.570
1.570
1.570
1.570
1.620
1.620
1.620
1.620
1.590
1.640
1.640
1.640
1.640
1.670
1.690
1.740
1.740
1.740
1.790
1.790
1.790
1.840
1.790
1.840
1.890
1.890
1.940
1.940
2.040
2.040
2.090
2.140
2.190
2.240
2.240
2.290
2.390
2.390
2.490
2.490
2.590
2.640
2.740
2.840
2.860
2.960
3.060
3.160
3.260
3.410
3.510
3.610
3.760
3.910
4.110
4.360
4.510
4.810
5.110
5.360
5.760
6.160
7.260
5.610
5.560
5.260
5.260
10.410
11.810
13.760
20.760
18.760
21.110
21.160
21.110
21.110
21.160
20.660
11.660
11.660
10.460
8.760
7.610
7.210
5.910
5.260
4.910
4.460
4.160
3.810
1.760
1.590
1.540
1.540
1.590
1.590
2.760
2.710
2.660
2.610
2.460
1.560
1.390
1.340
1.390
1.390
1.390
1.410
1.710
1.660
1.640
1.590
1.540
1.490
1.440
1.440
1.390
1.340
1.390
1.340
1.290
1.290
1.240
1.240
1.240
1.190
1.140
1.140
1.140
1.090
1.090
1.090
1.090
1.040
1.090
1.040
0.990
1.040
0.990
0.990
0.990
0.990
0.990
0.990
0.990
0.940
0.940
0.940
0.940
0.940
0.940
0.940
0.940
0.940
0.970
0.920
0.970
0.920
0.970
0.920
0.920
0.920
0.920
0.920
0.920
0.920
0.920
0.920
0.920
0.920
0.920
0.920
0.920
-579.046 -148.440 -2.616385
