1 180
0.970
0.970
0.970
1.020
0.970
1.020
1.020
1.020
1.020
1.020
1.020
1.020
0.990
0.990
1.020
1.040
0.990
1.040
1.040
1.090
1.040
1.090
1.090
1.090
1.090
1.140
1.140
1.140
1.140
1.190
1.190
1.190
1.190
1.240
1.240
1.240
1.290
1.290
1.340
1.340
1.390
1.440
1.440
1.490
1.490
1.540
1.540
1.640
1.640
1.640
1.740
1.790
1.840
1.890
1.990
1.990
2.040
2.140
2.190
2.340
2.390
2.510
2.560
2.710
2.810
2.960
3.110
3.310
3.560
3.710
3.960
4.260
4.660
5.060
5.510
6.510
6.910
7.760
8.910
10.510
12.960
51.110
30.760
33.610
51.060
51.060
51.060
33.610
51.060
20.660
16.910
14.460
12.910
11.260
10.160
9.260
8.510
7.860
7.210
7.210
7.260
6.060
5.760
5.460
5.160
4.960
4.760
4.510
4.360
4.160
3.860
3.710
3.560
3.460
3.510
3.560
3.610
3.660
3.660
3.460
3.610
3.710
3.260
3.210
4.010
3.060
3.010
4.160
2.960
4.310
2.960
4.460
2.810
4.610
2.660
4.860
2.510
5.060
5.210
2.410
5.460
2.410
5.760
5.910
2.360
6.260
6.410
2.260
6.910
7.160
2.210
7.760
8.060
2.160
8.810
9.260
2.110
2.460
9.610
9.610
2.110
9.510
9.460
2.060
2.310
9.310
9.360
1.960
9.310
9.260
2.210
1.990
9.260
9.210
1.940
1.910
9.210
9.260
1.960
9.260
-518.817 -326.323 -1.157385
