1 180
0.870
0.870
0.840
0.840
0.840
0.890
0.890
0.870
0.920
0.870
0.840
0.870
0.920
0.840
0.890
0.840
0.890
0.890
0.890
0.890
0.890
0.890
0.890
0.890
0.940
0.890
0.940
0.940
0.940
0.940
0.940
0.990
0.990
0.990
0.990
0.990
1.040
1.040
1.090
1.040
1.090
1.090
1.090
1.140
1.090
1.190
1.190
1.190
1.240
1.240
1.290
1.290
1.290
1.360
1.360
1.390
1.440
1.490
1.490
1.540
1.590
1.640
1.640
1.740
2.960
2.910
2.910
2.860
2.810
2.810
2.610
2.510
2.610
2.590
2.640
2.660
2.810
2.960
3.160
3.360
3.560
3.860
4.160
4.510
4.910
5.360
6.260
7.360
7.810
10.310
10.310
10.260
10.260
10.260
10.260
10.260
10.260
10.310
10.310
10.310
10.310
10.360
8.260
7.410
6.510
6.310
5.460
5.110
4.760
4.410
4.110
3.910
3.660
3.460
3.260
3.160
3.010
2.860
2.760
2.590
2.640
2.640
2.640
2.590
2.560
2.510
2.460
2.360
2.310
2.290
2.190
1.890
1.840
1.790
1.740
1.690
1.690
1.640
1.640
1.590
1.540
1.510
1.510
1.510
1.460
1.460
1.360
1.410
1.410
1.360
1.310
1.310
1.260
1.340
1.290
1.290
1.240
1.240
1.190
1.190
1.190
1.190
1.190
1.190
1.170
1.140
1.140
1.210
1.160
1.160
1.170
1.120
1.170
1.120
1.120
1.120
1.120
1.120
1.120
1.120
-43.902 32.413 -3.032385
