1 180
1.010
1.060
1.060
1.060
1.060
1.060
1.060
1.060
1.060
1.010
1.060
1.010
1.060
1.060
1.060
1.060
1.030
1.060
1.080
1.030
1.080
1.080
1.030
1.080
1.080
1.080
1.080
1.080
1.130
1.130
1.130
1.130
1.180
1.180
1.180
1.180
1.180
1.230
1.230
1.230
1.280
1.280
1.280
1.280
1.330
1.380
1.380
1.430
1.430
1.480
1.530
1.530
1.480
1.580
1.580
1.630
1.680
1.680
1.780
1.780
1.830
1.880
1.930
1.980
2.080
2.130
2.180
2.280
2.330
2.430
2.480
2.480
2.550
2.600
2.750
3.000
3.150
51.100
3.450
3.400
3.600
10.550
11.900
12.300
13.450
14.700
16.250
18.450
21.050
21.000
20.950
20.950
18.850
18.600
18.550
40.200
27.100
17.850
12.300
9.650
9.400
6.750
6.400
6.400
6.400
5.250
3.800
3.730
3.800
51.050
51.050
3.150
2.850
2.750
2.600
2.550
2.430
2.430
2.350
2.250
2.200
2.100
2.030
1.950
1.880
1.830
1.780
1.730
1.380
1.280
1.330
1.280
1.230
1.180
1.180
1.130
1.130
1.080
1.130
1.180
1.130
1.230
1.230
1.180
1.180
1.180
1.180
1.180
1.130
1.130
1.130
1.130
1.080
1.080
1.080
1.080
1.030
1.030
1.030
1.030
1.030
0.980
0.980
0.980
0.980
0.980
0.930
0.980
0.930
0.930
0.930
0.930
0.930
0.930
0.930
0.880
0.930
0.930
0.880
0.930
-121.236 -7.511 -2.062385
