1 180
0.990
0.990
0.990
0.990
1.040
1.010
1.010
1.010
1.060
1.060
1.060
1.060
1.060
1.060
1.060
1.110
1.160
1.110
1.160
1.090
1.090
1.120
1.140
1.110
1.210
1.160
1.210
1.210
1.160
1.310
1.360
1.310
1.360
1.260
1.310
1.310
1.360
1.340
1.340
1.340
1.390
1.390
1.390
1.440
3.810
3.810
3.910
4.010
4.060
4.060
4.010
4.410
3.960
3.860
10.360
3.760
3.710
3.660
3.760
3.960
4.060
4.410
4.310
4.560
4.710
4.810
4.960
5.260
5.460
5.760
6.060
6.260
8.660
8.410
8.810
8.260
8.210
8.210
8.210
11.710
11.410
11.360
11.610
11.610
11.660
11.610
11.710
11.710
11.710
11.710
11.710
11.710
11.760
11.710
11.660
11.710
11.710
11.710
11.760
11.810
9.160
6.010
5.610
5.660
4.960
4.910
4.910
5.160
4.560
4.360
4.110
4.010
3.760
4.110
3.810
4.110
4.010
3.860
3.760
3.660
3.660
3.660
3.610
51.060
3.510
3.410
3.360
3.310
3.310
3.360
3.060
2.760
2.660
2.640
1.440
1.390
1.390
1.340
1.340
1.340
1.360
1.310
1.310
1.310
1.260
1.260
1.260
1.210
1.310
1.260
1.210
1.210
1.210
1.210
1.160
1.140
1.090
1.140
1.210
1.210
1.340
1.410
1.460
1.560
1.670
1.670
1.670
1.670
1.670
1.620
1.620
1.670
1.620
1.620
1.620
1.570
1.620
1.620
1.620
1.570
-388.983 -96.611 -1.967385
