1 180
1.190
1.140
1.170
1.170
1.140
1.090
1.090
1.040
1.040
1.040
1.040
1.040
0.990
0.990
0.990
0.990
0.990
0.990
0.940
0.940
0.940
0.940
0.940
0.940
0.840
0.790
0.740
0.690
0.740
0.740
0.740
0.740
0.790
0.890
0.890
0.840
0.890
0.890
0.890
0.840
0.890
0.840
0.840
0.790
0.800
0.790
0.840
0.840
0.890
0.940
0.940
0.940
0.940
0.940
0.940
0.940
0.990
0.990
0.990
0.990
0.990
0.990
0.990
1.040
1.040
1.040
1.040
1.090
1.040
1.090
1.090
1.090
0.940
0.890
0.840
0.840
0.890
0.890
0.840
0.890
0.890
0.990
0.990
1.040
1.090
1.540
1.640
1.690
1.690
1.740
1.960
2.060
2.060
2.160
2.210
2.260
2.310
2.410
2.460
2.560
2.660
2.660
2.690
2.690
2.690
2.810
2.910
3.060
3.210
3.360
3.510
3.760
3.960
4.260
4.560
4.860
5.210
5.710
6.210
6.860
7.660
8.460
9.910
11.660
14.260
17.860
24.260
37.910
37.910
37.910
37.910
51.060
21.210
15.060
12.910
0.660
0.640
0.640
0.640
0.640
0.640
0.640
0.640
0.690
0.690
0.640
0.710
0.910
0.960
1.010
0.910
0.910
1.010
3.060
1.060
2.860
1.210
2.660
2.610
1.210
1.210
2.360
1.210
2.210
2.210
2.160
2.110
2.010
2.010
1.960
1.910
1.260
1.890
1.440
1.790
1.740
1.740
1.260
1.010
0.990
-593.332 -207.321 -0.759385
