1 180
0.720
0.720
0.770
0.720
0.770
0.770
0.720
0.740
0.710
0.710
0.760
0.760
0.870
0.870
0.840
0.870
0.870
0.890
0.870
0.870
0.840
0.890
0.840
0.840
0.870
0.890
0.890
0.940
0.890
0.890
0.940
0.940
0.940
0.940
0.990
0.940
0.940
0.990
0.990
1.040
1.040
1.040
1.040
1.090
1.090
1.090
1.090
1.140
1.140
1.190
1.190
1.190
1.240
1.240
1.290
1.340
1.340
1.390
1.410
1.410
1.460
1.360
1.410
1.440
1.490
1.540
1.590
1.640
1.690
1.740
1.790
1.940
1.990
2.090
2.160
2.210
2.360
2.460
2.560
2.810
3.010
3.210
3.460
4.610
4.710
4.660
5.110
5.760
6.610
7.760
9.510
12.160
17.210
20.710
18.760
18.960
51.110
18.760
18.610
17.860
15.210
12.810
11.310
10.010
9.360
8.210
7.510
7.360
6.960
6.110
5.660
5.410
5.110
4.860
4.510
4.360
4.160
4.010
3.810
3.660
3.510
3.460
3.310
3.160
3.110
3.160
3.160
3.210
3.160
3.010
2.910
2.860
2.810
2.490
2.440
2.390
1.440
0.910
0.910
0.940
0.890
0.890
0.940
0.960
1.010
1.090
0.960
1.960
2.060
2.040
1.940
1.990
1.090
1.890
1.890
1.890
1.440
1.390
1.390
1.390
1.390
1.290
1.190
1.190
1.190
1.190
1.190
1.190
1.190
1.340
1.690
1.640
1.690
1.690
1.670
1.620
1.670
1.670
1.670
1.610
-380.808 -51.972 -1.601385
