1 180
0.610
0.990
0.990
1.040
1.040
0.990
0.990
1.040
1.040
1.040
1.220
1.220
1.210
1.210
1.260
1.210
1.260
1.260
6.460
6.160
5.860
5.560
5.310
5.110
4.860
4.710
4.560
4.410
4.210
4.110
3.960
3.810
3.760
3.660
3.010
2.860
2.860
2.810
2.610
2.510
2.410
2.260
2.160
2.110
2.010
2.010
1.960
2.010
1.960
1.910
1.860
1.910
1.960
1.940
1.940
2.040
2.090
2.090
2.240
2.240
2.340
2.390
2.490
2.590
2.610
2.710
2.860
3.010
3.060
3.260
3.360
3.560
3.760
3.960
4.210
4.410
4.810
5.060
6.260
6.260
6.610
7.210
8.010
9.060
11.010
12.410
14.560
51.060
25.310
51.060
51.060
18.560
18.110
51.110
18.560
14.610
12.210
2.940
2.960
2.960
2.960
2.860
2.860
2.960
3.860
4.060
4.560
4.310
4.010
3.340
3.340
3.340
3.410
3.160
3.160
3.160
2.810
2.760
2.660
2.560
2.510
2.440
2.390
2.290
2.240
2.190
2.090
2.090
2.040
1.990
1.940
1.890
1.890
1.790
1.790
1.740
1.740
1.690
1.640
1.640
1.590
1.590
1.590
1.540
1.540
1.490
1.490
1.490
1.440
1.440
1.390
1.390
1.390
1.390
1.390
1.340
1.340
1.290
1.290
1.290
1.340
1.320
1.290
1.270
1.270
1.320
1.270
1.270
1.270
1.270
1.270
1.270
1.270
1.270
1.220
1.270
1.220
1.220
1.220
1.220
-522.797 -141.387 2.815795
