1 180
0.490
0.490
0.490
0.490
0.490
0.440
0.490
0.490
0.490
0.490
0.490
0.540
0.540
0.540
0.540
0.540
0.540
0.540
0.540
0.540
0.590
0.590
0.590
0.590
0.640
0.640
0.590
0.590
0.640
0.640
0.690
0.690
0.690
0.690
0.690
0.740
0.740
0.790
0.790
0.840
0.840
0.840
0.890
0.890
0.940
0.990
0.990
1.040
1.040
1.090
1.140
1.190
1.240
1.290
1.390
1.410
1.460
1.560
5.060
5.160
5.210
5.110
5.110
5.110
5.060
5.060
5.060
5.060
5.010
5.010
5.010
4.960
5.010
4.960
7.410
8.510
8.660
9.460
9.260
9.210
51.060
18.510
18.560
18.310
16.160
14.560
13.260
12.210
11.260
10.510
9.860
9.210
8.710
8.210
7.860
7.410
7.110
5.810
5.660
5.510
5.510
5.560
5.560
5.610
5.710
5.760
5.810
5.810
5.860
5.960
6.060
51.060
6.460
6.260
51.060
51.060
6.010
5.760
5.610
5.560
5.410
5.360
5.310
5.210
4.410
4.510
4.510
4.610
4.560
4.660
4.760
4.810
5.110
5.210
5.260
9.610
9.710
9.860
10.010
10.110
10.110
10.160
10.260
10.310
10.310
10.310
10.310
10.310
10.260
10.210
2.610
2.590
2.590
2.540
2.540
2.540
2.540
2.490
2.540
2.540
2.540
2.540
2.490
2.540
2.490
2.490
2.540
2.490
2.440
2.490
2.540
2.540
2.540
2.540
2.540
2.590
2.540
2.590
2.590
2.590
-190.963 -3.036 2.835795
