1 180
0.920
0.920
0.920
0.970
0.920
0.940
0.970
0.940
0.940
0.940
0.940
0.940
0.890
0.940
0.940
0.990
0.940
0.990
0.990
0.990
0.990
0.990
1.040
1.040
1.090
1.040
1.090
1.040
1.090
1.140
1.140
1.190
1.190
1.190
1.190
1.240
1.240
1.240
1.290
1.290
1.340
1.290
1.240
1.240
1.240
1.190
1.190
1.240
1.240
1.290
1.290
1.340
1.390
1.440
1.440
1.540
1.590
1.640
1.690
1.790
1.840
1.940
1.990
2.090
2.190
2.340
2.490
2.640
2.710
2.960
3.210
4.410
4.190
4.210
4.560
5.110
5.810
6.310
6.760
7.010
7.010
26.960
26.960
13.260
8.610
8.610
8.610
10.910
8.960
7.010
6.410
6.110
5.460
4.960
4.510
4.140
3.910
3.660
3.360
3.060
2.860
2.710
2.610
2.460
2.360
2.310
2.210
2.090
1.990
1.940
1.890
1.790
1.790
1.740
1.690
1.590
1.540
1.490
1.440
1.490
1.440
1.340
1.340
1.290
1.290
1.240
1.240
1.240
1.190
1.190
1.140
1.140
1.090
1.090
1.040
1.040
1.040
1.040
1.040
0.990
0.990
0.990
0.990
0.940
0.990
0.940
0.940
0.940
0.940
0.890
0.890
0.890
0.890
0.920
0.890
0.890
0.840
0.840
0.920
0.890
0.840
0.870
0.870
0.870
0.870
0.870
0.870
0.820
0.870
0.840
0.870
0.870
0.820
0.820
0.870
0.820
0.870
0.870
0.840
0.820
-397.422 37.652 -2.511385
