1 180
0.640
0.590
0.640
0.640
0.640
0.640
0.640
0.640
0.640
0.610
0.610
0.610
0.610
0.660
0.610
0.610
0.660
0.610
0.610
0.660
0.660
0.610
0.660
0.660
0.660
0.660
0.710
0.660
0.710
0.760
0.710
0.760
0.760
0.760
0.760
0.760
0.810
0.810
0.810
0.810
0.810
0.860
0.860
0.910
0.910
0.960
0.960
0.910
0.960
1.010
1.060
1.060
1.060
1.110
1.110
1.160
1.210
1.260
1.310
1.360
1.360
1.410
1.560
1.560
1.610
1.710
1.760
1.860
1.960
2.060
2.160
2.310
2.460
2.610
2.810
3.010
3.310
3.610
3.960
4.460
5.010
9.660
11.360
13.860
16.210
26.160
16.360
16.110
16.260
26.210
16.110
12.710
10.660
8.860
8.810
8.810
8.810
8.160
7.060
8.960
6.110
4.910
4.610
4.310
4.290
4.340
4.410
4.410
4.360
4.010
3.510
4.110
3.710
3.460
3.410
3.310
3.260
2.910
2.660
3.010
2.860
2.860
2.860
2.760
2.760
2.710
2.510
2.460
2.410
2.360
2.260
1.960
1.960
2.010
2.060
2.160
2.110
2.110
2.060
2.110
2.060
2.010
2.060
1.960
1.960
1.960
1.760
1.660
1.710
1.660
1.610
1.610
1.610
1.610
1.610
1.610
1.560
1.240
1.240
1.240
1.220
1.220
1.220
1.220
1.220
1.170
1.220
1.220
1.170
1.170
1.170
1.170
1.170
1.170
1.170
1.170
1.170
1.200
1.170
1.170
-24.237 33.376 3.063795
