1 180
0.740
0.690
0.740
0.740
0.740
0.740
0.690
0.740
0.740
0.740
0.740
0.740
0.790
0.740
0.740
0.790
0.740
0.790
0.740
0.790
0.790
0.790
0.790
0.790
0.790
0.790
0.790
0.790
0.840
0.860
2.060
2.160
2.110
2.160
2.210
2.210
2.260
2.310
2.310
2.310
2.360
2.360
2.360
2.460
2.510
2.510
2.560
2.660
2.710
2.760
2.760
2.810
2.860
2.910
3.010
3.110
3.160
3.210
3.210
3.460
3.510
3.610
3.710
3.760
3.960
4.110
4.260
4.260
4.560
4.660
4.710
5.110
5.310
5.510
5.810
6.210
6.360
6.910
7.360
7.860
8.460
9.160
9.760
10.810
11.960
13.510
13.610
13.610
13.560
13.560
17.460
17.160
16.760
16.510
16.260
15.960
13.560
13.560
13.560
13.610
11.710
10.160
8.610
8.610
8.660
8.610
8.010
8.010
8.010
8.010
6.210
5.910
5.560
5.260
5.060
4.810
4.610
4.410
4.310
4.210
4.010
3.910
3.760
3.660
3.560
3.460
3.360
3.260
3.160
3.110
3.010
2.960
2.910
2.860
2.760
2.710
2.660
2.660
2.560
2.540
2.460
2.460
2.410
2.390
2.360
2.340
2.290
2.290
2.240
2.240
2.190
2.190
2.140
2.140
2.090
2.040
2.040
0.940
0.840
0.840
0.840
0.790
0.790
0.790
0.790
0.840
0.790
0.790
0.790
0.790
0.790
0.790
0.790
0.740
0.740
0.790
0.740
0.790
0.790
0.790
-321.993 33.828 2.014795
