1 180
1.020
1.020
1.070
1.020
1.020
1.020
1.020
1.020
1.070
1.020
1.070
1.020
1.020
1.070
1.070
1.070
1.040
1.040
1.070
1.040
1.040
1.090
1.090
1.040
1.090
1.140
1.090
1.090
1.090
1.090
1.140
1.140
1.140
1.190
1.190
1.240
1.190
1.240
4.410
4.310
4.160
4.060
4.010
3.910
3.860
3.710
3.660
3.560
3.510
3.460
3.440
3.390
3.290
3.290
3.240
3.190
3.090
3.090
3.040
3.040
3.040
2.940
2.940
2.890
2.890
2.890
2.840
2.790
2.790
2.740
2.690
2.690
2.690
2.690
2.690
2.640
2.590
2.540
2.540
2.540
2.490
2.490
2.490
2.490
2.490
2.490
2.440
2.490
2.440
2.440
2.440
2.440
2.440
2.440
2.440
2.440
2.440
2.440
2.440
2.440
2.440
2.440
2.440
2.440
2.490
2.490
2.490
2.490
2.490
2.540
2.540
2.540
2.540
2.590
2.640
2.640
2.640
2.640
2.690
2.690
2.690
2.740
2.660
2.640
2.640
2.940
2.940
2.990
3.040
3.040
3.090
3.140
3.140
3.190
3.240
3.340
1.840
1.840
1.790
1.740
1.690
1.690
1.640
1.640
1.590
1.590
1.540
1.540
1.490
1.540
1.490
1.440
1.440
1.390
1.390
1.440
1.390
1.390
1.340
1.340
1.340
1.370
1.290
1.320
1.320
1.320
1.320
1.290
1.270
1.240
1.270
1.270
1.220
1.270
1.220
1.270
1.220
1.220
1.220
1.270
-395.541 40.377 -1.130385
