1 180
6.110
3.340
2.940
2.940
2.940
2.940
2.940
2.940
2.940
2.990
2.990
2.990
2.990
3.040
3.040
3.040
3.040
3.090
3.090
3.090
3.140
3.140
3.140
3.190
3.240
3.240
3.240
3.240
3.210
3.110
3.010
2.960
2.860
2.810
2.740
2.640
2.590
2.490
2.440
2.390
2.340
2.290
2.240
2.240
2.190
2.090
2.090
2.040
1.990
1.940
1.940
1.890
1.890
1.890
1.890
1.990
1.990
2.090
2.140
2.240
2.290
2.340
2.390
2.490
2.590
2.690
2.710
2.860
2.960
3.110
3.260
3.360
3.560
3.810
3.960
4.260
4.510
4.810
5.160
5.610
6.110
6.560
7.360
8.110
12.910
12.860
12.810
15.960
18.460
18.460
23.860
30.760
51.060
30.760
51.060
20.910
13.860
8.660
8.010
8.060
7.810
7.110
6.460
6.060
6.060
5.110
4.810
4.460
4.410
4.410
4.460
4.460
3.510
3.310
3.160
3.010
2.910
2.810
2.710
2.610
2.560
2.490
2.440
2.340
2.290
2.190
2.140
2.090
2.090
1.990
1.940
1.940
1.940
1.990
2.040
2.040
2.090
2.090
2.140
2.190
2.240
2.290
2.960
3.060
3.110
3.110
3.210
3.260
3.360
3.460
3.560
3.710
3.810
3.910
4.060
4.040
3.990
3.940
3.890
3.910
4.010
5.010
4.960
4.910
4.860
4.860
4.860
4.860
4.810
4.810
4.760
4.760
4.710
4.710
4.710
4.710
4.710
4.660
4.710
4.740
-551.641 -258.597 -1.674385
