1 180
2.060
2.160
2.160
2.160
2.160
2.210
2.210
2.210
2.260
2.260
2.260
2.360
2.310
2.360
2.360
2.360
2.410
2.460
2.410
2.410
2.360
2.340
2.290
2.390
2.440
2.440
2.490
2.540
2.590
2.640
2.660
2.710
2.710
2.810
2.860
2.960
3.010
3.060
3.110
3.060
3.060
3.060
3.010
3.010
2.910
2.910
2.860
2.860
2.860
2.810
2.760
2.760
2.760
2.710
2.760
2.710
2.710
2.610
2.610
2.610
2.610
2.610
2.610
2.610
2.560
2.560
2.610
2.560
2.510
2.460
2.460
2.560
2.560
2.560
2.560
2.560
2.560
2.560
2.560
2.560
2.560
2.610
2.560
2.510
2.610
2.660
2.660
2.610
2.660
2.660
2.660
2.710
2.710
2.710
2.710
2.710
2.760
2.810
2.760
2.860
2.960
2.910
2.910
3.010
3.010
2.960
3.010
3.110
3.060
3.210
3.210
3.260
3.310
3.310
3.360
3.510
3.510
3.610
3.610
3.710
3.710
3.710
3.910
4.010
4.010
4.160
4.160
4.310
4.460
4.610
4.610
4.810
4.960
5.060
5.160
5.460
5.610
5.760
5.960
6.110
6.610
6.660
7.010
7.260
7.710
8.160
8.610
8.910
9.610
10.310
11.010
11.510
11.510
11.460
11.410
11.410
11.360
15.510
18.410
18.460
18.460
18.410
16.860
16.360
11.310
3.060
2.960
3.010
7.860
2.810
2.760
2.760
7.110
6.660
6.260
5.760
5.260
4.910
4.560
4.160
-303.194 32.081 2.166795
