1 180
8.760
9.160
4.360
4.410
4.210
2.410
2.190
2.140
2.190
2.190
2.240
2.210
2.210
2.210
2.210
2.210
2.260
2.260
2.260
2.310
2.310
1.340
1.710
2.360
2.360
3.510
0.760
0.710
0.760
0.710
0.690
0.690
0.690
0.690
0.640
0.640
0.640
0.690
0.640
0.690
0.740
0.690
0.740
0.740
0.740
0.790
0.790
0.790
0.840
0.840
0.890
0.890
0.890
0.940
0.990
0.990
1.040
1.040
1.090
1.140
1.190
1.240
1.190
1.290
1.390
1.390
1.440
1.590
1.640
1.740
1.760
1.910
2.060
2.160
2.360
2.510
2.640
2.640
2.760
2.810
4.460
5.110
6.110
3.610
9.660
13.660
16.510
16.510
16.510
16.560
16.560
3.060
2.960
3.010
3.060
2.860
2.790
2.760
2.840
6.910
6.460
6.010
5.560
3.710
5.010
4.760
4.510
4.260
4.060
3.860
3.710
3.610
3.110
3.110
2.960
2.990
2.910
2.860
2.760
2.660
2.640
2.540
2.490
2.440
2.390
2.340
2.240
2.190
2.190
2.140
2.090
2.040
1.990
1.990
1.940
1.990
1.940
1.890
1.840
1.790
1.790
1.740
1.740
1.740
1.690
1.690
1.690
1.640
1.640
1.590
1.590
1.590
1.590
1.540
1.540
1.540
1.490
1.540
1.490
1.490
1.490
1.440
1.440
1.520
1.470
1.440
1.470
1.470
1.470
1.440
1.420
1.470
1.470
1.420
1.470
1.470
1.470
1.420
1.420
1.420
-313.082 -2.946 -3.050385
