1 180
1.140
1.170
1.170
1.220
1.170
1.170
1.170
1.220
1.170
1.170
1.170
1.220
1.220
1.220
1.220
1.220
1.220
1.190
1.220
1.270
1.270
1.270
1.270
1.240
1.270
1.320
1.320
1.320
1.320
1.370
1.290
1.340
1.340
1.390
1.420
1.440
1.470
1.490
1.490
1.490
1.540
1.540
1.590
1.590
1.640
1.640
1.640
1.690
1.740
1.790
1.840
1.890
1.890
1.940
1.990
2.040
2.090
2.190
2.240
2.290
2.390
2.390
2.540
2.590
2.660
2.760
2.910
3.010
3.160
3.310
3.460
3.610
3.810
4.010
4.260
4.510
4.860
5.210
5.660
6.160
6.260
6.210
6.210
6.210
6.760
8.460
14.960
19.060
27.960
14.660
14.810
51.060
32.910
27.560
19.360
14.260
11.810
6.810
6.210
6.210
6.260
6.260
6.260
5.860
5.410
5.110
4.810
4.710
4.560
4.360
4.110
3.710
3.510
3.360
3.210
3.060
2.960
2.860
2.760
2.710
2.560
2.540
2.440
2.440
2.290
2.290
2.240
2.140
2.090
2.090
2.040
1.990
1.940
1.940
1.890
1.840
1.790
1.790
1.740
1.740
1.690
1.640
1.690
1.640
1.590
1.590
1.540
1.540
1.490
1.490
1.490
1.440
1.440
1.490
1.440
1.440
1.440
1.390
1.340
1.390
1.340
1.420
1.370
1.370
1.370
1.370
1.320
1.370
1.320
1.370
1.370
1.320
1.320
1.320
1.320
1.270
1.270
1.320
1.320
1.320
-352.103 63.203 -2.992385
