1 180
1.540
1.590
1.540
1.590
1.540
1.590
1.590
1.590
1.590
1.590
1.590
1.590
1.590
1.590
1.590
1.640
1.640
1.640
1.640
1.640
1.690
1.690
1.690
1.690
1.740
1.740
1.740
1.790
1.740
1.740
1.790
1.790
1.840
1.840
1.840
1.890
1.890
1.940
1.940
1.990
1.940
1.890
1.840
1.790
1.740
1.740
1.690
1.690
1.640
1.640
1.590
1.540
1.590
1.540
1.540
1.490
1.490
1.490
1.440
1.440
1.440
1.390
1.390
1.340
1.340
1.340
1.340
1.340
1.340
1.440
1.490
1.590
1.640
1.760
3.510
3.760
3.960
4.260
4.560
4.910
5.360
5.910
6.510
6.910
6.910
8.310
8.310
8.310
8.310
8.260
8.260
8.310
8.310
8.260
8.310
8.310
8.360
8.310
8.360
8.410
8.460
8.460
8.460
8.510
8.560
8.610
8.660
8.660
8.760
8.760
8.860
8.860
8.910
9.010
9.060
4.210
3.710
3.560
3.460
3.310
3.210
1.960
1.890
1.860
1.840
1.760
1.740
1.740
1.690
1.640
1.640
1.590
1.640
1.690
1.690
1.740
1.790
1.790
1.840
1.890
1.940
1.940
1.990
2.040
2.060
2.110
2.210
2.210
2.260
2.310
2.460
2.510
2.410
2.410
2.410
2.410
2.360
2.310
2.310
2.310
2.310
2.260
2.210
2.210
2.260
2.210
2.210
2.210
2.210
2.210
2.160
2.160
2.160
2.110
2.160
2.160
2.110
2.060
2.110
2.110
-265.117 -6.075 2.221795
