1 180
10.000
15.050
15.150
14.900
10.550
10.300
9.150
8.050
7.150
6.450
5.850
5.400
4.900
4.800
4.800
4.200
3.750
3.600
3.400
3.200
3.050
2.900
2.800
2.650
2.550
2.480
2.430
2.330
2.230
2.180
2.130
2.030
1.980
1.930
1.930
1.830
1.780
1.780
1.730
1.680
1.630
1.630
1.580
1.530
1.530
1.480
1.430
1.430
1.430
1.430
1.430
1.480
1.480
1.580
1.580
1.630
1.630
1.730
1.750
1.750
1.850
1.950
1.950
2.050
2.100
2.200
2.050
2.050
2.500
2.650
1.950
1.950
1.900
1.850
1.950
1.750
3.600
3.600
3.600
1.900
1.800
1.650
1.600
1.600
1.650
1.650
1.600
1.550
1.490
1.510
1.460
1.510
1.460
1.600
1.650
1.600
1.800
1.800
1.950
1.750
1.850
1.950
1.800
10.300
10.300
1.850
10.450
6.300
1.950
1.850
1.800
1.950
1.950
2.000
1.900
4.000
3.400
3.250
3.400
1.900
1.750
1.750
1.800
3.750
3.650
3.650
4.700
4.600
4.500
4.350
3.350
3.200
3.150
3.100
3.050
3.900
3.900
3.600
3.200
2.400
2.400
2.450
3.550
3.450
3.400
3.400
3.300
3.300
3.250
3.250
3.150
3.100
3.100
3.050
3.050
3.000
3.000
2.950
2.950
2.950
2.900
2.900
2.850
2.850
2.800
2.850
2.830
3.050
3.350
3.600
3.950
4.450
5.000
5.700
6.650
8.000
10.300
21.650
37.900
23.900
-304.035 19.798 2.980795
