1 180
1.320
1.320
1.270
1.320
1.320
1.320
1.370
1.320
1.320
1.320
1.370
1.370
1.370
1.370
1.370
1.420
1.370
1.390
1.420
1.420
1.420
1.440
1.460
1.460
1.460
1.510
1.710
1.660
1.710
1.660
1.760
1.710
1.710
1.760
1.810
1.790
1.820
1.910
1.910
1.960
1.960
2.010
2.010
2.060
2.160
2.160
2.210
2.260
2.310
2.360
2.410
2.510
2.510
2.660
2.610
2.660
2.610
2.660
2.710
2.810
2.910
3.010
3.160
3.310
3.410
3.560
3.760
3.960
4.110
4.360
4.610
4.910
5.210
5.610
6.060
6.560
7.110
7.860
8.710
9.760
11.310
13.260
13.760
29.960
34.210
39.310
51.060
51.060
51.060
29.810
21.860
18.710
13.760
12.260
10.510
9.460
8.560
7.810
7.110
7.060
6.160
5.710
5.360
5.060
4.760
4.510
4.260
4.110
3.910
3.760
3.560
3.460
3.310
3.160
3.110
2.960
2.910
2.810
2.660
2.640
2.590
2.540
2.490
2.390
2.390
2.290
2.240
2.240
2.190
2.090
2.090
2.040
2.040
1.940
1.940
1.890
1.890
1.840
1.790
1.790
1.790
1.740
1.740
1.690
1.690
1.640
1.640
1.590
1.660
1.660
1.610
1.660
1.610
1.610
1.660
1.660
1.660
1.610
1.610
1.660
1.610
1.610
1.610
1.560
1.610
1.560
1.560
1.560
1.510
1.510
1.560
1.510
1.460
1.540
1.490
1.490
1.540
1.490
1.490
1.490
-515.934 -345.707 -1.574385
