1 180
0.920
0.870
0.870
0.870
0.920
0.920
0.870
0.870
0.840
0.890
0.960
1.010
1.010
1.010
1.010
1.060
1.060
1.110
1.060
1.060
1.110
1.110
1.110
1.160
1.160
1.160
1.160
1.210
1.210
1.210
1.210
1.260
1.260
1.260
1.260
1.310
1.310
1.310
1.360
1.360
1.410
1.410
1.410
1.410
1.510
1.460
1.390
1.390
1.340
1.390
1.440
1.440
1.490
1.540
1.590
1.590
1.690
1.690
1.790
1.840
1.890
1.990
2.040
2.090
2.240
2.260
2.360
2.460
2.610
2.760
2.910
3.060
3.260
3.510
3.760
4.010
4.310
5.210
5.410
5.810
7.010
7.460
8.710
10.460
12.660
21.810
28.460
28.010
28.310
23.410
22.760
16.860
11.910
11.310
8.510
8.460
7.560
5.660
5.510
5.510
5.160
4.810
4.460
4.210
3.960
3.110
2.910
2.890
2.890
2.940
2.910
2.760
2.660
2.560
2.360
2.410
2.310
2.290
2.210
2.160
1.940
1.960
1.960
1.940
1.840
1.790
1.790
1.740
1.690
1.640
1.640
1.640
1.590
1.640
1.640
1.640
1.640
1.590
1.590
1.540
1.490
1.490
1.490
1.440
1.440
1.390
1.390
1.390
1.390
1.340
1.340
1.340
1.340
1.340
1.290
1.290
1.290
1.290
1.240
1.290
1.290
1.240
1.240
1.240
1.090
1.040
0.890
0.890
0.970
0.920
0.920
0.920
0.920
0.920
0.920
0.920
0.920
0.920
0.920
0.920
-63.797 36.325 -2.978385
