1 180
1.120
1.120
1.170
1.140
1.140
1.140
1.290
1.260
1.310
1.260
1.310
1.310
1.360
1.360
1.360
1.360
1.410
1.460
1.360
1.410
1.410
1.410
1.460
1.460
1.460
1.460
1.510
1.460
1.510
1.510
1.560
1.560
1.560
1.610
1.560
1.560
1.660
1.710
1.610
1.660
1.710
1.710
1.710
1.760
1.660
1.660
1.710
1.760
1.740
1.740
1.790
1.840
1.890
1.890
1.990
2.040
2.090
2.090
2.190
2.240
2.340
2.390
2.440
2.590
2.640
2.710
2.760
2.960
3.060
3.210
3.360
3.560
4.160
4.310
51.060
5.010
5.010
5.010
5.410
5.860
6.310
7.060
7.810
8.710
10.160
11.660
14.060
51.060
23.610
33.710
36.360
36.310
35.810
36.060
51.060
17.810
12.810
11.060
9.460
8.360
7.510
6.810
6.210
5.760
5.360
4.960
4.710
4.460
4.510
51.060
51.060
51.060
3.360
3.210
3.060
2.960
2.860
2.760
2.660
2.560
2.460
2.440
2.390
2.290
2.240
2.190
2.140
2.090
2.040
1.990
1.940
1.890
1.840
1.840
1.790
1.740
1.740
1.690
1.640
1.640
1.590
1.590
1.540
1.540
1.540
1.490
1.490
1.440
1.440
1.440
1.440
1.390
1.390
1.390
1.340
1.340
1.340
1.340
1.290
1.320
1.340
1.290
1.290
1.290
1.270
1.320
1.270
1.260
1.310
1.260
1.260
1.260
1.260
1.260
1.310
1.310
1.310
1.340
1.290
1.320
-564.965 -142.856 -2.884385
