1 180
0.830
0.830
0.830
0.830
0.830
0.880
0.880
0.880
0.880
0.880
0.850
0.880
0.850
0.850
0.850
0.850
0.900
0.850
0.900
0.900
0.900
0.920
8.770
6.870
8.270
8.070
7.820
7.620
7.370
7.320
7.120
7.170
7.270
7.370
4.220
3.970
3.920
3.920
4.420
4.420
1.870
1.870
1.920
5.520
4.570
4.420
4.470
5.220
5.170
5.120
5.020
4.270
4.170
4.120
2.620
2.670
4.570
4.670
4.270
4.570
4.570
4.570
3.420
4.470
4.420
4.370
4.370
4.370
4.320
4.320
4.270
4.220
4.270
4.220
4.220
4.170
4.170
4.170
4.120
4.870
6.170
8.120
25.370
39.120
25.370
39.270
25.320
19.070
17.970
17.470
13.420
13.470
9.570
8.870
8.920
7.970
8.570
7.120
6.700
6.020
4.970
4.720
4.420
4.370
4.420
4.470
4.520
4.520
4.570
4.070
3.570
4.920
5.070
5.070
4.370
4.820
4.720
4.670
2.820
2.870
4.820
5.570
5.670
5.770
5.720
5.820
2.570
6.120
7.720
7.570
2.470
2.170
2.120
2.120
2.120
2.370
6.470
2.320
2.320
5.970
2.320
2.170
2.320
2.070
2.070
2.070
1.920
1.920
1.920
1.920
1.920
1.870
1.320
1.200
1.200
1.230
1.180
1.230
1.180
1.150
1.180
1.180
1.180
1.180
1.180
1.180
1.130
1.130
1.130
1.180
1.130
1.130
1.130
1.130
1.130
1.130
1.130
1.130
1.130
1.130
-291.060 -7.579 2.790795
