1 180
1.470
1.520
1.500
1.500
1.500
1.500
1.520
1.520
1.520
1.470
1.520
1.470
1.470
1.440
1.360
1.210
1.070
1.090
1.070
1.070
1.120
1.090
1.090
1.120
1.090
1.090
1.170
1.120
1.090
1.170
1.140
1.140
1.170
1.140
1.220
1.190
1.220
1.240
1.190
1.240
1.290
1.340
1.290
1.340
1.390
1.340
1.390
1.390
1.440
1.490
1.490
1.540
1.540
1.590
1.590
1.640
1.690
1.740
1.740
1.790
1.840
1.890
1.940
2.040
2.040
2.140
2.190
2.210
2.340
2.390
2.540
2.610
2.710
2.810
2.960
3.110
3.310
3.460
3.660
3.860
4.460
4.410
4.360
4.410
3.260
3.260
3.310
11.110
11.410
11.360
3.560
3.460
3.510
11.910
13.610
13.660
12.660
11.460
11.360
9.710
7.960
6.810
5.910
5.210
4.710
4.210
3.910
3.610
3.310
3.110
2.810
2.710
2.510
2.360
2.260
2.210
2.060
2.010
1.860
1.810
1.740
1.690
1.640
1.590
1.590
1.640
1.640
1.690
1.790
2.290
2.290
2.340
2.340
2.390
2.440
2.440
2.490
2.540
2.540
2.590
2.590
2.590
2.540
2.490
2.490
2.440
2.390
2.340
2.290
2.290
2.290
2.240
2.190
2.190
2.140
2.190
2.140
2.090
2.090
2.040
2.040
2.040
1.990
0.790
0.790
0.790
0.790
0.790
0.790
0.790
0.770
0.740
0.770
0.820
0.770
0.720
0.770
0.770
0.720
0.770
-552.264 -277.654 -1.834385
