1 180
0.720
0.670
0.720
0.720
0.720
0.720
0.720
0.720
0.720
0.720
0.720
0.720
0.720
0.740
0.690
0.740
0.740
0.740
0.690
0.740
0.740
0.740
0.740
0.790
0.740
0.790
0.790
0.790
0.790
0.790
0.790
0.790
0.790
0.840
0.840
0.840
0.840
0.840
0.890
0.890
0.940
0.890
0.890
0.940
0.940
0.940
0.940
0.940
1.240
1.340
1.340
1.390
1.440
1.440
1.490
1.490
1.540
1.590
1.640
1.640
1.690
1.740
1.790
1.820
1.820
1.820
1.820
1.820
1.770
1.840
1.940
2.010
2.110
2.210
2.360
2.460
2.610
3.860
3.640
3.610
3.590
3.760
4.210
4.660
5.160
5.810
5.910
8.360
10.360
15.760
6.110
5.960
5.810
5.860
5.840
5.810
16.860
13.960
2.190
2.090
2.040
1.990
1.990
2.040
2.060
2.160
5.110
4.760
4.510
4.260
4.010
3.810
3.610
3.460
3.310
3.160
3.060
2.910
2.810
2.710
2.660
2.510
2.490
2.440
2.340
2.290
2.190
2.140
2.140
2.040
2.040
1.940
1.890
1.890
1.840
1.790
1.790
1.740
1.690
1.690
1.690
1.810
1.760
1.710
1.660
1.660
1.610
1.610
1.610
1.560
1.610
1.560
1.510
1.510
1.460
1.460
1.460
1.460
1.460
1.460
1.460
1.410
1.410
1.410
1.360
1.410
1.410
1.410
1.290
1.270
1.310
1.360
1.360
1.360
1.360
1.360
1.310
1.360
1.360
1.310
-34.510 33.859 -3.104385
