1 180
1.920
1.920
1.920
1.920
1.870
1.870
1.970
1.920
1.920
1.920
1.920
1.920
1.920
1.920
1.970
1.970
1.970
1.940
2.020
1.970
1.990
1.990
1.990
1.990
2.040
2.040
2.090
2.090
2.090
2.140
2.140
2.140
2.190
2.190
2.240
2.240
2.290
2.290
2.340
2.390
2.440
2.440
2.490
2.540
2.590
2.590
2.640
2.690
2.740
2.790
2.840
2.940
2.940
3.040
3.040
3.190
3.240
3.310
3.360
3.460
3.560
3.710
3.760
3.910
4.060
4.210
4.310
4.460
4.710
4.860
5.060
5.310
5.560
5.860
6.110
6.510
6.910
7.310
7.810
8.360
9.060
9.860
10.810
11.960
14.410
15.110
17.660
22.760
25.760
51.060
51.060
21.960
21.860
51.060
22.610
17.810
11.510
9.310
7.860
6.760
5.910
5.310
5.010
5.010
4.110
3.710
3.460
3.260
3.010
2.910
2.660
2.560
2.410
2.310
2.210
2.110
2.060
1.990
1.890
1.840
1.740
1.690
1.640
1.640
1.590
1.490
1.490
1.490
1.390
1.390
1.340
1.340
1.290
1.240
1.190
1.240
1.190
1.190
1.140
1.140
1.090
1.090
1.040
1.090
1.040
1.040
1.040
0.990
0.990
0.990
0.940
0.940
0.940
0.940
0.940
0.890
0.890
0.890
0.890
0.890
0.890
0.840
0.840
0.890
0.890
0.840
0.840
0.840
0.840
0.820
0.840
0.820
0.820
0.820
0.820
0.870
0.820
0.820
0.820
0.820
-516.151 -333.757 -1.467385
