1 180
0.820
0.770
0.820
0.820
0.820
0.820
0.820
0.820
0.820
0.820
0.820
0.820
0.820
0.840
0.870
0.820
0.790
0.790
0.840
0.790
0.790
0.840
0.840
0.840
0.840
0.840
0.890
0.840
0.840
0.890
0.840
0.840
0.840
0.940
0.890
0.890
0.940
0.940
0.940
0.940
0.990
0.990
0.990
0.990
0.990
1.040
1.040
1.040
1.090
1.090
1.140
1.140
1.140
1.140
1.190
1.190
1.240
1.240
1.290
1.340
1.340
1.390
1.440
1.440
1.490
1.540
1.590
1.640
1.690
1.740
1.840
1.890
1.940
2.040
2.140
2.240
2.290
2.360
2.510
2.610
2.810
2.960
3.860
3.940
3.940
3.940
4.210
4.660
5.160
5.710
6.610
10.560
10.510
10.510
10.510
10.510
31.610
31.560
31.610
31.610
24.260
19.760
19.710
15.110
11.610
10.610
10.610
6.610
6.010
5.760
5.110
4.810
4.510
4.110
3.960
3.710
3.510
3.310
3.210
3.060
2.960
2.810
2.710
2.610
2.510
2.440
2.340
2.290
2.240
2.140
2.140
2.040
1.990
1.940
1.940
1.890
1.790
1.790
1.790
1.690
1.640
1.640
1.590
1.590
1.540
1.540
1.490
1.490
1.440
1.440
1.390
1.390
1.390
1.390
1.340
1.340
1.340
1.290
1.290
1.290
1.290
1.240
1.240
1.190
1.240
1.240
1.190
1.190
1.140
1.190
1.220
1.220
1.190
1.170
1.170
1.170
1.140
1.120
1.170
1.120
-285.568 -10.607 2.355795
