1 180
1.570
1.520
1.570
1.520
1.520
1.570
1.570
1.520
1.570
1.570
1.570
1.570
1.570
1.570
1.570
1.570
1.620
1.590
1.620
1.620
1.670
1.670
1.640
1.670
1.670
1.720
1.770
1.720
1.720
1.770
1.740
1.790
1.790
1.790
1.840
1.840
1.890
1.890
1.940
1.940
1.990
1.990
2.060
2.060
3.810
3.760
3.660
3.610
3.560
3.510
3.440
3.440
3.390
3.340
3.240
3.240
3.010
2.960
2.960
3.010
3.060
3.110
3.210
3.360
3.410
3.560
3.710
3.860
3.960
4.210
4.410
4.660
4.810
5.110
5.360
5.310
5.260
5.360
7.010
7.460
7.410
7.410
7.410
8.860
13.210
14.210
14.210
14.210
14.160
14.160
14.360
14.260
14.510
16.160
16.660
9.210
9.010
5.260
5.160
5.210
5.210
4.810
4.410
4.010
3.760
3.460
3.260
3.060
2.910
2.760
2.560
2.510
2.510
2.560
2.410
2.360
2.260
2.160
2.110
2.010
1.960
1.910
1.860
1.660
1.560
1.590
1.490
1.440
1.390
1.390
1.340
1.340
1.290
1.290
1.240
1.290
1.190
1.190
1.140
1.140
1.140
1.140
1.090
1.040
1.040
1.040
1.040
1.040
1.040
0.990
0.990
0.990
0.990
0.940
0.990
0.940
0.940
0.940
0.890
0.920
0.890
0.890
0.890
0.890
0.920
0.890
0.840
0.870
0.920
0.890
0.870
0.870
0.870
0.870
0.870
0.870
0.870
0.870
0.820
0.870
-402.363 5.746 -1.482385
