1 180
8.160
8.110
8.060
8.010
7.960
7.910
7.910
7.860
7.860
7.810
7.760
7.760
7.760
7.760
7.710
7.760
7.710
7.710
7.710
7.710
7.710
7.710
7.760
7.760
6.910
5.960
5.210
4.660
4.260
3.810
3.510
3.260
3.010
2.810
2.660
2.460
2.360
2.260
2.160
1.960
1.960
1.860
1.790
1.740
1.640
1.640
1.540
1.490
1.490
1.490
1.490
1.410
1.460
1.460
1.510
1.510
1.510
1.560
1.560
1.560
1.610
1.610
1.610
1.660
1.660
1.710
1.710
1.760
1.760
1.760
1.860
1.860
1.910
1.960
2.010
2.010
2.210
3.060
3.160
3.260
3.410
3.510
3.660
3.760
3.960
4.110
4.460
4.660
4.910
5.160
5.110
5.410
5.760
6.110
6.560
7.010
7.560
8.210
9.460
9.860
11.060
13.210
14.310
16.860
20.910
51.060
51.060
11.220
11.240
11.210
11.310
11.260
9.710
7.760
6.460
5.610
4.910
4.510
4.510
4.360
4.060
4.110
3.860
3.660
3.210
2.810
2.660
2.510
2.360
1.760
1.710
1.660
1.610
1.560
1.510
1.460
1.410
1.410
1.360
1.310
1.260
1.260
1.260
1.210
1.160
1.160
1.160
1.110
1.110
1.110
1.010
1.110
1.110
1.090
1.140
1.090
1.040
1.040
1.040
1.040
0.990
0.990
0.990
0.940
0.940
0.940
0.940
0.940
0.890
0.890
0.840
0.890
0.870
0.890
0.870
0.920
0.840
0.840
0.840
0.790
-395.906 -14.591 -0.528385
