1 180
0.790
0.820
0.860
0.860
0.860
0.860
0.790
0.810
0.810
0.810
0.810
0.860
0.910
1.040
1.040
1.090
1.090
1.140
1.140
1.190
1.190
1.240
1.240
1.240
1.240
1.240
1.240
1.240
1.290
1.290
1.290
1.290
1.290
1.340
1.340
1.340
1.340
1.340
1.340
1.390
1.340
1.390
1.440
1.440
1.440
1.490
1.510
1.360
1.560
1.510
1.510
1.410
1.360
1.610
1.660
1.710
1.760
1.810
1.660
1.810
1.910
2.010
2.010
2.060
2.160
1.960
2.260
2.110
2.160
2.560
2.560
2.660
2.860
2.960
3.010
2.990
2.990
2.990
2.990
3.260
3.510
4.760
5.660
6.610
7.160
7.510
7.660
12.110
12.060
12.010
11.960
11.910
11.960
51.060
21.910
19.710
15.960
13.810
12.260
7.810
7.060
6.410
5.910
5.410
4.960
4.710
4.360
4.110
3.860
3.660
3.510
3.360
3.210
3.060
2.960
2.860
2.760
2.560
2.510
2.410
2.360
2.310
2.210
2.160
2.110
2.010
1.960
1.960
1.910
1.860
1.810
1.810
1.760
1.660
1.710
1.660
1.610
1.560
1.510
1.510
1.510
1.510
1.460
1.460
1.410
1.410
1.360
1.360
1.360
1.310
1.310
1.310
1.310
1.310
1.260
1.260
1.210
1.210
1.210
1.210
1.210
1.160
1.160
1.190
1.160
1.160
1.190
1.190
1.140
1.190
1.140
1.140
1.140
1.140
1.140
1.140
1.140
1.190
1.140
1.140
-307.578 9.558 1.023795
