1 180
2.390
2.340
2.340
2.340
2.290
2.290
2.290
2.240
2.240
2.240
2.190
2.190
2.190
2.140
2.140
2.190
2.140
2.140
2.140
2.090
2.170
2.120
2.120
2.120
2.120
2.120
2.120
2.120
2.120
2.120
2.120
2.170
2.120
2.120
2.120
2.170
2.120
2.170
2.170
2.140
2.140
2.140
2.170
2.220
2.190
2.220
2.190
2.240
2.290
2.240
2.290
2.290
2.340
2.340
2.340
2.390
2.390
2.440
2.440
2.440
2.490
2.540
2.540
2.590
2.640
2.690
2.690
2.740
2.790
2.840
2.840
2.940
2.990
2.990
3.040
3.140
3.190
3.290
3.390
3.360
3.410
3.510
3.610
3.660
3.760
3.860
4.060
4.110
4.260
4.360
4.560
4.660
51.060
51.060
51.060
5.960
6.060
5.960
6.260
6.610
6.910
7.360
7.760
8.310
8.860
9.960
10.260
11.160
13.160
13.610
15.310
17.560
24.110
24.110
51.060
14.760
31.610
30.860
51.110
24.010
24.010
18.160
11.760
9.510
8.510
8.460
6.160
5.510
4.960
4.560
4.310
4.260
4.260
51.060
3.160
3.060
2.860
2.660
2.610
2.460
2.310
2.210
2.140
2.090
1.990
1.890
1.840
1.840
1.740
1.690
1.690
1.640
1.590
1.540
1.490
1.440
1.440
1.390
1.340
1.340
1.290
1.240
1.290
1.240
1.240
1.190
1.140
1.190
1.140
1.140
1.090
1.040
1.090
1.070
1.090
1.090
1.140
1.190
1.190
1.240
-456.098 -113.496 -2.984385
