1 180
0.840
0.870
0.870
0.870
0.870
0.870
0.870
0.840
0.840
0.890
0.840
0.890
0.890
0.890
0.890
0.940
0.940
0.890
0.940
0.940
0.940
0.940
0.890
0.940
0.940
0.940
0.890
0.940
0.940
0.940
0.940
0.990
0.990
0.990
1.140
1.090
1.140
1.190
1.190
1.190
1.240
1.290
1.290
1.340
1.340
1.340
1.390
1.440
1.490
1.540
1.590
1.590
1.640
1.690
1.790
1.770
1.690
1.740
1.840
1.890
1.990
2.040
2.140
2.210
2.360
2.460
2.610
2.710
2.910
3.110
3.310
3.410
3.410
3.610
3.860
4.310
6.160
6.910
7.760
9.160
13.460
11.210
11.210
11.210
11.160
11.260
11.210
11.210
11.210
11.260
11.260
9.460
8.310
7.260
6.860
6.210
5.810
5.260
4.410
4.060
3.860
3.660
3.490
3.510
3.510
3.360
3.160
3.060
2.910
2.810
2.710
2.610
2.560
2.460
2.390
2.310
2.240
2.190
2.140
2.090
2.040
1.990
1.990
1.940
1.840
1.840
1.790
1.740
1.740
1.740
1.740
1.690
1.640
1.640
1.590
1.590
1.540
1.540
1.540
1.490
1.440
1.490
1.440
1.440
1.390
1.390
1.390
1.290
1.340
1.290
1.290
1.290
1.290
1.240
1.240
1.240
1.240
1.240
1.240
1.290
1.240
1.240
1.240
1.240
1.240
1.240
1.240
1.240
1.240
1.240
1.190
1.190
1.240
1.240
1.190
1.240
1.240
1.240
1.240
1.240
-60.266 37.506 -2.416385
