1 180
1.230
1.230
1.230
1.230
1.230
1.230
1.230
1.230
1.230
1.230
1.230
1.230
1.230
1.230
1.280
1.280
1.280
1.230
1.250
1.280
1.280
1.280
1.250
1.280
1.330
1.280
1.330
1.330
1.300
1.300
1.300
1.300
1.350
1.400
1.400
1.400
1.400
1.400
1.450
1.450
1.500
1.500
1.500
1.550
1.550
1.600
1.600
1.650
1.600
1.700
1.750
1.750
1.750
1.850
1.800
1.900
1.900
2.000
2.050
2.100
2.100
2.200
2.250
2.300
2.350
2.450
2.500
2.600
2.670
2.770
2.820
2.920
3.070
3.220
3.320
3.520
3.720
3.870
4.070
4.370
4.620
5.770
5.670
6.420
6.420
6.820
7.520
8.420
9.470
10.920
12.870
15.720
51.070
51.070
44.070
51.070
51.070
44.120
51.070
22.170
51.070
9.070
9.070
8.320
8.070
7.970
7.920
7.970
8.020
8.070
8.070
9.770
9.720
5.170
4.770
4.520
4.320
4.120
3.920
3.770
3.620
3.470
3.370
3.270
3.170
3.070
2.920
2.920
2.770
2.750
2.700
2.650
2.550
2.450
2.450
2.400
2.350
2.300
2.250
2.200
2.150
2.100
2.100
2.100
2.050
2.000
1.950
1.900
1.900
1.850
1.850
1.850
1.800
1.800
1.800
1.750
1.750
1.700
1.700
1.650
1.650
1.650
1.650
1.600
1.600
1.630
1.550
1.550
1.600
1.580
1.580
1.580
1.550
1.580
1.530
1.530
1.530
1.530
1.530
1.530
-522.598 -316.582 -1.196385
