1 180
1.470
1.470
1.470
1.470
1.470
1.520
1.470
1.470
1.470
1.470
1.520
1.520
1.520
1.520
1.520
1.520
1.570
1.520
1.570
1.570
1.570
1.570
1.620
1.620
1.620
1.620
1.640
1.720
1.670
1.720
1.720
1.720
1.740
1.740
1.740
1.840
1.840
1.840
1.840
1.940
1.940
1.990
1.990
2.040
2.090
2.140
2.140
2.190
2.240
2.290
2.340
2.390
2.440
2.490
2.540
2.640
2.740
2.840
2.860
2.960
3.010
3.110
3.260
3.360
3.510
3.660
3.760
3.960
4.160
4.310
4.560
4.760
5.060
5.410
5.760
6.110
6.910
7.160
7.760
8.360
9.260
9.210
9.060
9.060
9.160
9.760
14.510
14.560
14.510
14.510
14.510
14.560
14.560
9.760
4.060
4.060
4.210
6.160
5.460
4.910
4.460
4.160
3.810
3.510
3.310
3.160
2.910
2.810
2.660
2.510
2.360
2.260
2.160
2.090
2.040
1.990
1.890
1.840
1.790
1.740
1.690
1.640
1.590
1.540
1.490
1.440
1.440
1.390
1.340
1.340
1.290
1.290
1.240
1.240
1.190
1.190
1.190
1.140
1.140
1.090
1.090
1.040
1.040
0.990
1.040
1.040
0.990
0.990
0.990
0.990
0.990
0.940
0.890
0.940
0.890
0.940
0.940
0.940
0.890
0.890
0.890
0.890
0.840
0.890
0.840
0.890
0.840
0.840
0.840
0.840
0.890
0.840
0.840
0.840
0.840
0.840
0.840
0.840
0.790
0.840
-575.453 -448.402 -2.336385
