1 180
1.910
1.460
1.290
1.290
1.260
1.310
1.310
1.310
1.310
1.360
1.310
1.340
1.340
1.290
1.340
1.340
1.340
1.390
1.390
1.440
1.690
1.740
1.790
1.790
1.790
1.790
1.840
1.840
1.840
1.890
1.890
1.940
1.940
1.990
1.990
2.040
2.040
2.090
2.090
2.190
2.190
2.240
2.290
2.290
2.340
2.390
2.490
2.540
2.590
2.640
2.690
2.740
2.790
2.890
2.990
3.010
3.110
3.210
3.310
3.410
3.510
3.660
3.810
3.960
4.110
4.310
4.510
4.710
4.960
5.210
5.460
5.810
6.210
6.610
7.060
7.610
8.260
9.060
10.360
11.110
12.610
14.560
17.360
21.760
51.060
48.960
18.810
51.060
51.060
51.060
21.110
12.660
12.610
12.610
9.260
8.110
7.260
6.460
5.910
5.460
5.060
4.710
4.360
4.060
3.860
3.660
3.410
3.260
3.110
2.960
2.860
2.760
2.660
2.510
2.460
2.360
2.310
2.240
2.190
2.090
2.040
1.990
1.940
1.940
1.840
1.840
1.740
1.740
1.690
1.640
1.590
1.590
1.590
1.540
1.540
1.490
1.490
1.440
1.390
1.390
1.390
1.390
1.340
1.340
0.990
0.890
0.940
0.890
0.840
0.890
0.890
0.840
0.840
0.840
0.840
0.840
0.840
0.790
0.810
0.810
0.810
0.810
0.810
0.860
0.810
0.760
0.860
0.960
0.910
0.910
0.860
0.910
0.860
0.910
0.760
0.740
0.710
0.740
0.690
0.740
-524.598 -312.282 -0.963385
