1 180
0.770
0.770
0.770
0.770
0.770
0.770
0.770
0.770
0.770
0.770
0.740
0.770
0.770
0.770
0.790
0.790
0.840
0.890
0.890
0.890
0.890
0.890
0.890
0.910
3.160
3.010
2.860
2.760
2.660
2.560
2.560
2.410
2.360
2.310
2.210
2.160
2.110
2.060
2.010
1.910
1.960
1.860
1.860
1.810
1.760
1.710
1.660
1.660
1.610
1.390
1.340
1.340
1.390
1.440
1.470
1.390
1.390
1.390
1.440
1.440
1.540
1.540
1.590
1.690
1.690
1.790
1.840
1.890
1.940
2.040
2.140
2.260
2.360
2.460
2.560
2.710
2.910
3.110
3.360
3.660
3.910
4.810
4.910
5.310
6.010
6.810
9.010
8.960
8.960
8.910
8.910
8.910
8.910
8.910
8.960
8.910
8.960
8.960
8.960
9.010
9.060
9.060
6.560
6.110
6.010
5.160
5.060
4.910
4.610
4.060
3.810
3.610
3.460
3.310
3.160
3.060
2.910
2.810
2.710
2.610
2.510
2.410
2.440
2.340
2.290
2.190
2.140
2.090
2.090
1.990
1.940
1.890
1.890
1.790
1.840
1.790
1.740
1.690
1.640
1.640
1.640
1.690
1.690
1.740
1.690
1.690
1.690
1.740
1.690
1.640
1.640
1.590
1.590
1.590
1.590
1.590
1.540
1.540
1.540
1.540
1.490
1.490
1.490
1.440
1.440
1.440
1.440
1.440
1.390
1.390
1.420
1.420
1.240
1.220
1.220
1.220
1.220
1.220
1.220
1.220
-45.180 32.238 -2.954385
