1 180
0.910
0.940
0.860
0.910
1.320
1.320
1.370
1.320
1.320
1.370
1.370
1.370
1.370
1.370
1.420
1.370
1.420
1.420
1.420
1.370
1.420
1.420
1.440
1.470
1.470
1.470
1.470
1.520
1.570
1.570
1.540
1.540
1.620
1.620
1.620
1.640
1.670
1.640
1.690
1.690
1.740
1.740
1.740
1.840
1.840
1.890
1.890
1.990
1.990
1.990
1.940
1.860
1.860
1.810
1.810
1.810
1.740
1.790
1.710
1.690
1.760
1.840
2.390
2.610
2.660
2.810
3.210
3.360
3.510
3.660
3.860
4.010
5.460
5.260
5.210
5.210
5.310
5.810
6.260
6.810
6.910
6.860
6.860
6.810
6.810
6.810
6.760
6.760
6.810
6.760
7.160
7.010
6.910
6.910
7.010
7.260
8.910
9.360
9.260
9.360
9.210
9.210
5.310
4.810
4.460
4.160
3.960
3.710
3.610
3.360
2.660
2.510
2.410
2.240
2.240
2.160
2.040
2.040
2.090
2.090
2.140
2.090
2.040
1.990
1.940
1.890
1.790
1.790
1.740
1.690
1.640
1.640
1.590
1.540
1.490
1.540
1.490
1.440
1.390
1.390
1.340
1.340
1.340
1.340
1.290
1.290
1.290
1.240
1.270
1.190
1.190
1.240
1.170
1.190
1.170
1.170
1.170
1.140
1.120
1.140
1.090
1.120
1.090
1.120
1.120
1.070
1.070
1.070
1.070
1.040
1.070
1.070
1.070
1.070
1.070
1.070
1.070
1.020
1.070
1.020
-402.167 -1.553 -1.592385
