1 180
0.760
0.760
0.760
0.810
0.910
0.910
0.960
1.040
1.740
1.690
1.740
1.790
1.790
1.890
1.890
1.890
1.940
1.990
2.040
2.040
2.090
2.140
2.190
2.240
2.290
2.340
2.390
2.490
2.540
2.590
2.660
2.760
2.860
2.960
3.060
3.160
3.260
3.410
3.560
3.710
3.860
4.110
4.360
4.560
4.810
5.110
5.460
6.060
6.460
7.310
7.460
8.160
9.060
10.160
12.010
13.760
15.960
15.910
15.910
15.910
15.910
12.160
12.110
12.110
11.310
7.910
6.510
5.460
4.810
4.260
3.860
3.510
3.210
2.910
2.710
2.510
2.360
2.210
2.090
2.090
2.140
2.140
2.090
2.140
2.140
1.990
1.890
1.840
1.840
1.740
1.690
1.640
1.190
1.140
1.140
1.140
1.090
1.040
1.040
1.040
0.990
0.990
0.940
0.940
0.890
0.890
0.840
0.840
0.840
0.790
0.840
0.790
0.790
0.790
0.740
0.740
0.740
0.740
0.740
0.740
0.740
0.690
0.690
0.690
0.640
0.690
0.690
0.640
0.640
0.640
0.640
0.640
0.640
0.640
0.640
0.640
0.640
0.640
0.640
0.620
0.590
0.620
0.620
0.620
0.590
0.620
0.620
0.620
0.670
0.620
0.620
0.670
0.620
0.620
0.620
0.620
0.620
0.620
0.590
0.590
0.640
0.590
0.640
0.640
0.640
0.640
0.640
0.640
0.640
0.640
0.640
0.640
0.690
0.640
0.640
0.690
0.640
0.690
0.640
0.690
-50.915 25.732 2.535795
