1 180
0.660
0.660
0.710
0.710
0.710
0.710
0.710
0.710
0.760
0.760
0.710
0.810
0.760
0.810
0.860
0.860
0.860
0.860
0.910
0.960
0.960
1.010
1.010
1.010
1.040
1.090
1.090
1.090
8.960
8.710
8.460
8.210
4.010
3.910
3.860
4.560
3.810
3.660
3.610
3.410
3.360
3.360
3.560
4.460
3.710
3.660
3.660
4.860
4.910
5.060
5.160
5.310
5.460
5.460
5.410
5.310
5.210
5.210
3.360
3.190
3.140
3.160
3.160
3.410
4.860
4.810
3.960
3.660
3.660
3.860
3.810
3.910
4.110
4.060
4.060
4.460
4.510
4.510
4.510
4.460
4.410
4.660
4.860
5.060
12.560
15.460
15.460
15.460
15.410
15.460
15.460
15.460
15.460
15.510
15.510
13.360
11.410
9.660
9.110
4.410
5.210
5.160
4.760
4.560
4.560
4.560
4.610
4.460
4.210
4.010
3.810
3.710
3.510
3.410
3.260
3.110
3.010
2.960
2.860
2.760
2.660
2.560
2.560
2.510
2.460
2.460
2.510
2.610
2.510
2.510
2.410
2.360
2.260
2.310
2.210
2.210
2.160
2.110
2.060
2.010
2.010
2.010
1.960
1.910
1.910
1.810
1.710
1.660
1.610
1.590
1.590
1.590
1.540
1.540
1.540
1.540
1.490
1.490
1.490
1.490
1.490
1.410
1.360
1.360
1.310
1.310
1.310
1.310
1.260
1.260
1.210
1.210
1.210
1.210
1.160
1.160
1.160
1.110
1.060
1.110
-385.418 50.907 -2.634385
