1 180
0.870
0.790
0.820
0.820
0.820
0.820
0.870
0.870
0.790
0.890
0.840
0.840
0.890
0.840
0.890
0.890
0.890
0.840
0.890
0.890
0.890
0.940
0.940
0.940
0.940
0.940
0.940
0.990
0.990
0.990
0.990
0.990
1.040
1.040
1.090
1.090
1.090
1.090
1.310
1.310
1.310
1.410
1.360
1.460
1.460
1.460
1.510
1.560
1.610
1.660
1.660
1.710
1.760
1.760
1.810
1.910
1.840
1.870
1.840
1.890
1.940
2.040
2.140
2.240
2.310
2.410
2.510
2.660
2.810
3.010
3.210
3.360
3.660
3.960
4.260
4.660
5.210
5.710
6.260
7.260
8.710
10.510
13.610
17.760
28.960
51.060
51.060
18.210
17.910
14.560
11.560
11.360
8.860
8.410
6.460
6.060
6.010
6.010
5.660
4.910
4.560
3.810
3.310
3.260
3.290
3.290
3.210
3.060
2.960
2.810
2.710
2.660
2.540
2.490
2.390
2.290
2.240
2.240
2.140
2.040
1.990
1.940
1.940
1.890
1.840
1.790
1.740
1.740
1.690
1.640
1.640
1.590
1.540
1.540
1.490
1.490
1.440
1.490
1.440
1.190
1.190
1.140
1.140
1.140
1.090
1.090
1.090
1.040
1.090
1.040
1.040
1.040
1.040
1.040
1.040
1.040
0.990
0.990
0.990
0.990
0.990
0.940
0.990
0.990
0.970
0.970
0.970
0.970
0.970
0.990
1.060
1.140
1.140
1.090
1.140
1.090
1.090
1.090
1.140
1.140
-80.785 52.453 -2.913385
