1 180
0.850
0.830
0.850
0.880
0.880
0.830
0.830
0.830
0.830
0.850
0.880
0.850
0.830
0.800
0.850
0.850
0.830
0.830
0.800
0.850
0.850
0.850
0.850
0.850
0.850
0.900
0.900
0.850
0.900
0.900
0.900
0.900
0.900
0.900
0.950
0.950
0.950
1.000
0.950
0.950
1.050
0.950
1.050
1.000
1.050
1.050
1.050
1.100
1.100
1.100
1.150
1.150
1.200
1.200
1.200
1.320
1.370
1.450
1.500
1.550
1.600
1.600
1.650
1.700
1.750
1.800
1.850
1.900
1.950
2.050
2.100
2.150
2.220
2.270
2.270
2.270
2.350
2.470
2.620
2.720
2.870
3.020
3.220
3.470
3.720
4.020
4.320
5.520
5.520
5.920
6.670
7.770
9.070
11.270
15.070
4.420
16.170
16.620
4.470
4.570
4.520
4.470
4.520
13.620
11.670
10.370
9.170
8.370
8.170
6.970
6.470
6.020
5.620
5.270
4.970
4.720
4.470
4.270
4.070
3.870
3.920
3.920
3.970
3.720
3.220
3.070
3.020
2.920
2.820
2.720
2.620
2.620
2.620
2.620
1.870
1.800
1.700
1.650
1.650
1.650
1.700
2.250
2.250
2.200
2.100
2.100
2.050
2.000
2.000
1.320
1.320
1.370
1.520
1.820
1.750
1.470
1.520
1.650
1.650
1.650
1.600
1.600
1.600
1.600
1.550
1.550
1.550
1.550
1.550
1.530
1.530
1.500
1.480
1.530
1.480
1.480
1.450
1.480
1.530
1.430
-380.779 -51.069 -1.620385
