1 180
1.430
1.430
1.430
1.430
1.430
1.430
1.430
1.430
1.480
1.480
1.480
1.480
1.480
1.480
1.530
1.530
1.530
1.530
1.530
1.580
1.580
1.580
1.630
1.630
1.630
1.630
1.680
1.730
1.680
1.730
1.780
1.780
1.830
1.830
1.880
1.880
1.930
1.930
1.980
2.030
2.080
2.130
2.130
2.230
2.280
2.330
2.380
2.430
2.530
2.600
2.600
2.650
2.750
2.850
2.950
3.050
3.100
3.250
3.350
3.450
3.600
3.800
3.950
4.150
4.300
4.550
4.850
5.000
5.350
5.350
5.350
5.300
5.300
5.250
5.300
5.250
5.250
5.250
5.250
5.250
12.300
12.300
12.300
12.300
12.250
12.250
12.300
12.300
12.350
12.350
12.350
12.400
12.450
12.450
12.550
5.700
5.350
5.350
5.400
5.400
5.400
5.450
5.500
5.500
5.550
5.600
5.600
5.700
5.550
5.200
5.100
4.900
4.700
4.600
4.500
4.350
4.200
4.150
4.050
3.900
3.850
3.700
3.700
3.600
3.550
3.450
3.300
3.300
3.300
3.200
3.100
3.100
3.050
3.050
2.900
2.850
2.950
2.850
2.800
2.750
2.750
2.700
2.650
2.650
2.550
2.550
2.550
2.750
2.500
2.450
2.500
2.630
2.400
2.400
2.450
2.530
2.350
2.300
2.350
2.350
2.580
2.300
2.300
2.350
2.680
2.300
2.250
2.300
2.950
2.300
2.250
2.200
2.200
2.250
22.350
2.250
2.250
2.250
51.050
2.300
-262.693 -9.254 2.221795
