1 180
1.420
1.420
1.420
1.370
1.420
1.420
1.420
1.420
1.420
1.420
1.420
1.470
1.420
1.440
1.420
1.490
1.490
1.440
1.520
1.490
1.520
1.490
1.540
1.570
1.540
1.590
1.540
1.640
1.590
1.590
1.640
1.640
1.690
1.690
1.690
1.740
1.790
1.790
1.840
1.890
1.890
1.940
1.940
1.990
2.040
2.040
2.140
2.140
2.190
2.240
2.290
2.390
2.440
2.490
2.590
2.590
2.640
2.790
2.890
3.160
3.310
3.410
3.510
3.660
3.760
3.960
3.960
4.060
4.260
4.510
4.710
5.010
5.310
5.660
6.110
6.560
7.110
8.510
8.560
9.510
10.710
12.260
14.510
17.660
16.860
16.660
28.510
16.060
16.810
15.310
15.960
13.160
10.510
8.760
7.460
6.960
5.810
5.260
4.760
4.360
4.010
3.760
3.510
3.310
3.110
2.910
2.710
2.610
2.510
2.410
2.260
2.190
2.140
2.040
1.990
1.910
1.910
1.860
1.910
1.910
1.840
1.760
1.740
1.690
1.640
1.640
1.590
1.540
1.540
1.490
1.440
1.440
1.440
1.390
1.340
1.340
1.340
1.290
1.290
1.290
1.240
1.240
1.240
1.190
1.110
1.060
1.010
0.990
0.990
0.990
0.990
0.990
0.990
0.940
0.940
0.940
0.940
0.890
0.920
0.940
0.920
0.920
0.890
0.890
0.890
0.920
0.870
0.920
0.920
0.870
0.870
0.870
0.890
0.870
0.890
0.870
0.870
0.870
0.870
0.870
-382.470 -36.754 -1.268385
