1 180
1.620
1.570
1.570
1.620
1.570
1.620
1.620
1.620
1.620
1.620
1.620
1.620
1.670
1.670
1.670
1.670
1.670
1.640
1.670
1.720
1.690
1.690
1.740
1.740
1.790
1.790
1.790
1.840
1.790
1.840
1.890
1.940
1.990
1.940
1.990
2.040
2.040
2.090
2.090
2.140
2.190
2.190
2.240
2.260
2.360
2.410
2.710
2.810
2.810
2.860
3.010
3.160
3.060
3.260
3.360
3.360
3.310
3.310
3.310
3.410
3.510
3.660
3.760
3.910
4.110
4.210
4.410
4.660
4.860
5.110
5.410
8.460
8.410
8.360
8.310
8.310
8.310
9.160
10.160
11.310
13.110
15.110
17.960
17.960
31.560
33.560
51.060
51.110
51.060
31.560
31.610
22.160
15.660
13.160
11.310
10.010
8.910
8.060
7.360
6.710
6.260
5.860
5.510
5.160
4.860
4.560
4.360
4.110
3.960
3.760
3.660
3.460
3.360
3.260
3.110
3.010
2.960
2.810
2.710
2.690
2.640
2.540
2.490
2.440
2.340
2.290
2.290
2.240
2.160
2.310
2.160
2.110
2.060
2.060
2.160
2.110
2.110
2.060
2.060
1.960
1.960
2.010
1.960
1.910
1.910
1.910
1.860
1.860
1.860
1.810
1.810
1.760
1.760
1.760
1.710
1.710
1.710
1.660
1.760
1.660
1.660
1.510
1.510
1.460
1.460
1.460
1.410
1.410
1.420
1.420
1.420
1.420
1.420
1.420
1.420
1.420
1.420
1.420
1.370
1.420
-523.172 -377.002 -1.923385
