1 180
1.610
1.690
1.660
1.660
1.660
1.710
1.710
1.760
1.710
1.760
1.760
1.760
1.760
1.760
1.810
1.810
1.860
1.860
1.910
1.860
1.860
1.860
1.860
1.810
1.810
1.860
1.860
1.840
1.840
1.890
1.890
1.890
1.940
1.990
1.990
1.990
2.040
2.090
2.090
2.140
2.190
2.190
2.290
2.290
2.340
2.390
2.440
2.490
2.540
2.590
2.640
2.740
2.790
2.840
2.990
3.010
3.060
3.160
3.260
3.360
3.510
3.610
3.760
3.960
4.110
4.260
5.610
5.610
6.060
6.310
6.760
6.710
6.710
6.660
7.160
9.210
10.010
10.760
10.760
13.310
2.010
1.940
1.990
1.960
2.290
2.310
2.360
14.010
14.010
14.010
14.010
11.260
9.110
7.660
6.560
5.760
5.160
4.660
4.310
3.910
3.660
3.360
3.160
2.960
2.760
2.610
2.460
2.360
2.260
2.260
2.110
2.060
2.010
1.910
1.860
1.810
1.760
1.710
1.660
1.560
1.560
1.560
1.460
1.410
1.360
1.240
1.290
1.240
1.240
1.190
1.190
1.140
1.090
1.090
1.090
1.090
1.090
1.110
1.010
1.060
1.060
1.010
1.010
1.060
1.060
1.110
1.110
1.110
1.060
1.110
1.010
1.060
1.010
0.960
0.960
0.960
0.960
0.960
0.910
0.960
0.910
0.910
0.910
0.910
0.910
0.910
0.910
0.910
0.910
0.910
0.860
0.860
0.910
0.860
0.860
0.910
0.860
0.860
0.860
0.860
-591.892 -194.446 -1.669385
