1 180
0.690
0.770
0.720
0.690
0.690
0.690
0.690
0.740
0.740
0.740
0.690
0.740
0.740
0.740
0.740
0.740
0.790
0.790
0.790
0.790
0.790
0.790
0.840
0.840
0.890
0.840
0.840
0.890
0.940
0.890
0.940
0.940
0.940
0.990
0.990
1.040
1.040
1.040
1.090
1.090
1.140
1.140
1.190
1.190
1.240
1.290
1.290
1.340
1.390
1.440
1.490
1.490
1.590
1.640
1.690
1.740
1.840
1.940
2.040
2.140
2.190
2.340
2.460
2.610
2.810
3.010
3.210
3.560
3.860
4.260
4.760
5.360
5.660
5.660
6.360
10.710
11.260
12.310
15.310
15.260
15.210
15.160
15.210
14.110
13.960
13.960
15.260
12.960
12.210
10.910
10.310
9.310
8.610
8.060
7.560
7.060
6.160
5.960
5.960
5.710
5.460
5.210
5.010
4.860
4.660
4.510
4.310
4.160
4.060
3.910
3.860
3.710
3.610
3.510
3.410
3.310
3.260
3.190
3.140
3.090
2.990
2.990
2.940
2.840
2.790
2.740
2.740
2.640
2.640
2.590
2.540
2.540
2.490
2.440
2.390
2.390
2.340
2.340
2.290
2.290
2.240
2.240
2.240
2.190
2.190
2.190
2.140
2.140
2.090
2.090
2.090
2.090
2.040
2.090
2.040
2.040
1.990
1.990
1.990
1.990
1.990
1.990
1.990
1.990
2.020
2.020
2.020
2.020
1.990
2.020
2.020
1.970
1.990
2.020
1.990
2.020
2.020
2.020
2.020
2.020
-103.466 1.906 2.880795
