1 180
1.220
1.220
1.270
1.270
1.270
1.220
1.270
1.270
1.220
1.270
1.270
1.270
1.270
1.320
1.320
1.320
1.320
1.320
1.320
1.320
1.370
1.370
1.420
1.370
1.370
1.420
1.440
1.420
1.420
1.470
1.520
1.520
1.520
1.570
1.570
1.590
1.620
1.640
1.640
1.690
1.690
1.690
1.790
1.790
1.790
1.890
1.890
1.940
8.160
8.010
7.960
4.260
4.260
4.260
7.610
3.590
3.520
3.560
3.560
3.560
3.570
3.540
3.540
3.610
3.590
3.610
3.560
3.560
3.660
3.660
3.660
3.660
3.660
3.710
3.710
3.660
3.710
3.660
6.460
6.460
6.460
6.410
6.410
6.440
6.390
6.390
6.440
6.440
6.440
6.410
6.310
6.410
6.310
6.360
6.460
6.460
6.310
6.410
6.410
5.910
5.560
5.210
4.860
4.610
4.360
4.110
3.910
3.760
3.610
3.460
3.260
3.210
3.060
2.960
2.810
2.810
2.660
2.610
2.510
2.540
2.440
2.340
2.340
2.240
2.190
2.140
2.140
2.040
2.040
1.990
1.940
1.940
1.890
1.840
1.790
1.840
1.740
1.690
1.690
1.640
1.640
1.640
1.590
1.590
1.590
1.590
1.540
1.540
1.520
1.520
1.520
1.490
1.490
1.490
1.470
1.440
1.470
1.420
1.420
1.420
1.420
1.370
1.370
1.370
1.370
1.370
1.370
1.370
1.370
1.320
1.370
1.370
1.320
1.370
1.400
1.350
1.400
1.400
1.400
1.370
-314.963 30.289 -2.815385
