1 180
1.920
1.970
1.970
1.560
1.510
1.490
1.540
1.540
1.540
1.540
1.570
1.570
1.570
1.540
1.620
1.620
1.590
1.620
1.670
1.640
1.720
1.690
1.690
1.770
1.740
1.770
1.740
1.790
1.810
1.960
2.010
2.060
2.060
2.110
2.160
2.210
2.260
2.260
2.310
2.310
2.410
2.410
2.510
2.560
2.440
2.440
2.440
2.590
2.640
2.740
2.790
2.840
2.940
3.060
3.160
3.260
3.360
3.510
3.660
3.760
3.960
4.160
4.360
4.560
4.810
5.110
5.360
51.060
6.660
6.660
6.010
6.010
6.110
10.060
10.660
12.110
13.210
15.760
15.860
15.860
15.860
15.810
15.860
15.810
15.760
15.410
12.210
9.810
8.460
7.310
6.560
6.560
5.210
4.710
4.360
4.010
3.760
3.460
3.310
3.110
2.910
2.760
2.660
2.510
2.410
2.310
2.240
2.190
2.090
2.040
1.940
1.890
1.790
1.790
1.690
1.690
1.640
1.590
1.540
1.490
1.490
1.440
1.440
1.390
1.340
1.290
1.290
1.290
1.240
1.290
1.190
1.190
1.190
1.140
1.140
1.140
1.090
1.090
1.090
1.040
1.010
1.090
1.040
1.040
0.990
0.990
1.020
1.020
0.940
1.020
1.020
0.940
0.970
0.940
0.940
0.970
0.970
0.920
0.970
0.940
0.940
0.920
0.890
0.920
0.920
0.920
0.920
0.920
0.890
0.920
0.920
0.920
0.890
0.870
0.920
0.920
0.890
0.920
0.870
0.920
-573.081 -216.026 -0.536385
