1 180
1.120
1.160
0.960
1.040
1.040
1.010
1.060
1.010
1.010
1.040
1.070
1.070
1.070
1.070
1.070
1.040
1.120
1.070
1.090
1.110
2.860
2.910
2.910
2.960
2.910
2.960
3.060
3.110
3.110
3.110
3.110
3.210
3.210
3.260
3.310
3.360
3.360
3.410
3.460
3.510
3.610
3.610
3.610
3.510
3.510
3.660
10.710
3.510
3.310
3.310
3.160
3.110
3.160
9.460
3.410
3.460
3.860
3.760
3.960
4.160
4.110
4.210
4.460
12.110
4.660
8.060
5.310
5.260
5.560
5.660
7.960
7.860
7.860
7.660
7.610
7.610
7.560
7.560
11.110
10.760
10.710
10.710
11.010
11.010
10.960
11.060
11.060
11.060
11.010
11.010
11.060
11.060
11.060
11.110
11.010
11.010
11.060
11.060
11.110
11.110
11.160
8.310
5.410
5.060
4.910
4.910
4.310
4.210
4.310
4.710
4.110
3.910
3.760
3.610
3.460
3.410
3.210
3.160
3.210
3.160
3.510
3.410
3.260
3.210
3.210
3.160
3.160
3.160
3.060
3.160
51.060
3.010
2.960
2.960
2.860
2.860
2.760
2.760
2.760
2.660
2.510
2.360
2.310
2.310
2.240
2.240
2.190
2.140
2.090
2.090
2.090
2.040
2.040
2.040
1.990
1.990
1.990
1.290
1.090
1.070
1.120
1.070
1.070
1.070
1.070
1.070
1.070
1.070
1.010
0.960
1.010
0.990
0.990
0.990
0.990
1.010
0.990
0.940
0.940
0.940
-389.234 -97.209 -1.967385
