1 180
1.620
1.620
1.670
1.670
1.620
1.620
1.620
1.620
1.620
1.670
1.620
1.670
1.620
1.620
1.620
1.670
1.670
1.720
1.670
1.720
1.720
1.690
1.690
1.720
1.740
1.740
1.770
1.770
1.770
1.820
1.790
1.820
1.840
1.840
1.890
1.890
1.890
1.940
1.940
1.990
2.040
2.040
2.090
2.090
2.140
2.140
2.190
2.240
2.240
2.290
2.340
2.440
2.440
2.490
2.590
2.640
2.660
2.760
3.010
3.110
3.210
3.310
3.360
3.460
3.510
3.560
3.560
3.660
3.760
3.910
4.110
4.210
4.460
4.660
4.860
5.110
5.410
5.710
6.060
6.260
6.260
6.560
11.260
11.210
11.310
12.710
14.210
16.410
4.460
4.360
4.310
42.760
51.060
51.060
51.110
51.060
51.060
17.610
13.660
11.110
11.110
11.160
6.210
6.160
6.110
5.560
5.110
4.760
4.410
4.160
4.210
4.110
3.910
3.710
3.460
3.060
2.910
2.760
2.660
2.560
2.510
2.360
2.290
2.240
2.240
2.090
2.090
2.040
1.940
1.890
1.840
1.840
1.790
1.740
1.740
1.690
1.640
1.590
1.590
1.590
1.540
1.540
1.440
1.440
1.440
1.440
1.390
1.390
1.340
1.340
1.340
1.240
1.290
1.290
1.240
1.240
1.190
1.190
1.240
1.190
1.190
1.190
1.140
1.140
1.170
1.170
1.170
1.090
1.140
1.090
1.170
1.120
1.120
1.120
1.170
1.120
1.120
1.120
1.120
1.120
-516.381 -353.265 -1.793385
