1 180
1.370
1.320
1.320
1.320
1.320
1.320
1.320
1.270
1.320
1.270
1.320
1.320
1.270
1.320
1.270
1.270
1.270
1.320
1.320
1.320
1.270
1.320
1.270
1.320
1.320
1.320
1.320
1.320
1.320
1.320
1.370
1.370
1.370
1.320
1.370
1.370
1.420
1.420
1.420
1.470
1.420
1.420
1.470
1.470
1.520
1.470
1.520
1.490
1.570
1.570
1.620
1.590
1.640
1.640
1.640
1.690
1.740
1.740
1.740
1.790
1.840
1.840
1.940
1.940
1.990
2.040
2.040
2.140
2.140
2.240
2.290
2.340
2.390
2.440
2.540
2.640
2.690
2.760
2.910
2.960
3.060
3.210
3.360
3.510
3.610
3.810
4.010
4.260
4.510
4.760
5.110
5.460
5.860
7.310
7.260
7.610
8.360
12.160
12.010
12.560
14.910
21.610
24.260
27.410
24.260
27.410
27.410
25.710
18.160
14.160
11.660
10.410
8.560
7.610
6.810
6.360
6.360
5.160
4.810
4.510
4.160
3.960
3.760
3.510
3.360
3.160
3.060
2.910
2.810
2.660
2.560
2.490
2.540
2.540
2.590
2.610
2.610
2.710
2.710
51.060
51.060
51.060
2.760
2.610
2.560
2.360
2.510
1.640
1.590
1.540
1.590
1.490
1.540
1.490
1.490
1.440
1.390
1.390
1.390
1.340
1.290
1.290
1.290
1.240
1.290
1.270
1.240
1.240
1.220
1.240
1.220
1.220
1.220
1.220
1.170
1.170
1.170
1.170
1.170
1.170
-583.099 -210.357 -0.763385
