1 180
1.070
1.070
1.070
1.120
1.120
1.070
1.070
1.020
1.020
0.990
0.990
1.020
1.020
1.020
1.020
1.070
1.040
1.040
1.040
1.040
1.040
1.090
1.040
1.090
1.040
1.040
1.090
1.090
1.140
1.140
1.140
1.140
1.190
1.190
1.190
1.190
1.240
1.240
1.290
1.290
1.290
1.340
1.390
1.390
1.390
1.390
1.440
1.490
1.490
1.540
1.590
1.590
1.640
1.690
1.740
1.740
1.840
1.890
1.940
1.990
2.040
2.140
2.190
2.240
2.290
2.460
2.610
2.660
2.740
2.860
3.060
3.310
3.390
3.510
3.860
4.040
4.310
4.660
5.160
7.010
6.960
6.960
7.660
8.910
10.210
12.610
15.710
17.610
17.610
17.560
17.610
17.560
17.560
15.410
12.110
10.110
8.610
7.560
6.710
6.060
5.510
5.010
4.560
4.510
4.510
4.410
3.510
3.360
3.160
3.010
2.860
2.710
2.610
2.510
2.360
2.310
2.210
2.140
2.140
2.040
1.990
1.890
1.890
1.790
1.740
1.740
1.640
1.640
1.590
1.540
1.540
1.490
1.490
1.440
1.440
1.390
1.390
1.340
1.340
1.290
1.290
1.290
1.240
1.240
1.190
1.190
1.190
1.190
1.190
1.140
1.140
1.090
1.140
1.090
1.090
1.090
1.040
1.040
1.040
1.040
1.040
1.040
0.990
0.990
1.020
1.020
1.020
1.020
1.020
0.990
1.020
1.020
0.970
0.970
1.020
0.970
0.970
0.970
1.020
0.970
-339.657 -7.714 -1.003385
