1 180
1.320
1.270
1.270
1.270
1.270
1.270
1.220
1.220
1.220
1.220
1.220
1.220
1.270
1.220
1.170
1.170
1.220
1.170
1.170
1.170
1.170
1.170
1.120
1.170
1.150
1.200
1.170
1.200
1.200
1.120
1.170
1.170
1.170
1.170
1.170
1.170
1.220
1.170
1.170
1.170
1.220
1.220
1.220
1.220
1.220
1.220
1.220
1.270
1.270
1.270
1.270
1.270
1.270
1.320
1.320
1.320
1.370
1.370
1.340
1.370
1.420
1.420
1.390
1.470
1.440
1.490
1.520
1.540
1.570
1.590
1.590
1.640
1.640
1.690
1.740
1.790
1.790
1.840
1.890
1.940
1.990
2.040
2.090
2.140
2.190
2.290
2.340
2.440
2.490
2.610
2.660
2.710
2.860
2.960
3.110
3.260
3.460
3.560
3.810
4.010
4.260
4.510
4.860
5.060
5.060
5.010
5.010
4.960
5.060
14.010
17.460
18.660
18.660
18.610
18.660
18.810
18.810
18.860
18.860
18.610
18.660
18.660
17.760
15.360
13.610
5.210
4.960
4.960
5.010
5.010
5.010
5.110
5.110
4.860
4.610
4.360
4.160
3.960
3.760
3.610
3.510
3.490
3.490
3.440
2.710
2.660
2.610
2.810
2.910
3.140
3.340
3.340
2.660
2.610
3.340
3.290
3.460
3.560
3.610
3.560
3.560
3.560
3.560
3.560
3.610
3.560
3.560
3.560
3.610
3.610
3.610
3.610
3.660
3.660
3.660
3.660
3.560
3.510
3.440
3.490
-594.216 -450.489 -2.443385
