1 180
1.170
1.220
1.140
1.190
1.190
1.160
1.210
1.210
1.210
1.210
1.210
1.260
1.260
1.260
1.260
1.260
1.260
1.310
1.260
1.310
1.310
1.310
1.260
1.260
1.210
1.210
1.210
1.210
1.260
1.240
1.240
1.240
1.290
1.290
1.290
1.290
1.290
1.340
1.340
1.390
1.440
1.390
1.440
1.490
1.490
1.540
1.590
1.590
1.590
1.690
1.740
1.740
1.740
1.790
1.840
1.890
1.990
1.990
2.040
2.140
2.190
2.290
2.340
2.390
2.510
2.610
2.660
2.810
2.960
3.110
3.210
3.410
3.560
3.810
4.310
4.560
4.910
5.310
5.710
6.260
6.910
7.760
8.710
9.960
11.760
14.260
18.360
25.810
27.860
29.210
51.060
51.060
25.010
18.410
14.160
12.160
10.110
9.060
8.210
7.860
6.860
6.860
6.910
6.910
6.960
6.960
6.810
6.360
3.860
3.660
3.510
3.360
3.160
3.060
2.960
2.860
2.710
2.610
2.560
2.460
2.410
2.390
2.290
2.240
2.190
2.090
2.040
2.040
1.990
1.890
1.890
1.840
1.840
1.790
1.790
1.740
1.790
1.840
1.840
1.840
1.940
1.940
1.990
2.090
2.140
2.190
2.190
2.290
2.340
2.390
2.490
2.560
2.610
2.790
2.960
4.910
4.910
4.810
4.710
4.710
4.660
4.610
4.660
4.660
4.610
4.910
4.660
4.760
5.160
5.660
4.660
4.660
5.110
6.160
9.510
9.460
9.460
9.460
12.560
15.510
-233.892 1.529 -2.928385
