1 180
0.910
0.910
0.910
0.910
0.900
0.760
0.740
0.740
0.710
0.710
0.760
1.060
1.210
51.110
51.060
51.060
51.060
51.060
51.060
51.060
51.060
51.060
51.060
4.110
51.060
51.060
51.060
51.060
14.560
14.210
13.960
14.010
4.560
12.660
12.460
12.560
12.760
51.060
51.060
51.060
51.060
1.310
1.220
1.210
1.210
1.160
1.160
1.160
1.160
1.210
51.060
6.060
51.060
51.060
51.060
6.610
51.060
2.110
2.010
1.840
1.860
1.860
1.860
1.860
1.810
2.210
2.610
2.610
2.540
2.560
2.510
2.510
3.310
3.260
3.260
3.310
4.010
4.010
4.060
4.760
5.510
5.660
6.610
8.010
10.360
10.360
10.310
10.360
10.360
10.310
10.310
10.310
10.310
10.310
5.960
6.010
5.960
5.910
10.410
10.460
10.510
8.210
7.260
7.260
6.510
6.510
5.760
5.760
5.810
5.010
5.010
5.110
4.310
4.310
4.360
8.710
8.310
3.610
3.660
3.660
3.760
51.060
51.060
10.060
3.010
2.960
3.010
2.960
9.310
9.460
9.610
9.760
9.960
10.060
2.460
2.410
2.410
2.460
2.440
11.360
11.560
11.810
12.110
12.560
12.810
51.060
51.060
51.060
51.060
51.060
51.060
1.960
1.910
1.910
1.990
2.040
51.060
51.060
51.060
5.110
51.110
51.060
51.060
51.110
51.060
2.110
2.160
2.060
2.010
1.960
1.910
1.910
1.910
1.860
1.690
1.720
1.720
1.860
1.870
1.860
-63.966 39.372 2.736795
