1 180
0.750
0.800
0.850
0.950
1.050
1.100
1.150
1.150
1.250
1.300
1.200
1.950
1.850
1.650
1.600
1.500
1.400
1.400
1.350
1.350
1.350
1.350
1.400
1.400
1.350
1.450
1.500
1.450
1.450
1.500
1.500
1.500
1.550
1.200
1.150
1.150
1.150
1.100
1.100
1.100
1.150
1.200
1.300
1.400
1.350
1.400
1.600
1.700
1.600
1.700
1.800
1.800
1.700
1.750
1.750
1.700
1.650
1.650
1.700
2.300
2.450
2.400
2.400
2.350
2.350
2.350
2.330
2.400
2.500
2.650
2.850
2.930
2.830
2.880
2.830
2.830
2.780
2.830
2.830
2.830
2.830
2.780
2.830
2.780
2.830
2.780
2.780
2.780
2.830
2.830
2.780
2.780
2.830
2.830
2.830
2.830
2.880
2.830
2.880
2.880
2.880
2.880
2.930
2.930
2.930
2.980
2.980
2.980
3.030
3.030
3.080
3.080
3.130
3.180
3.180
3.230
3.230
3.280
3.330
3.330
3.380
3.430
3.480
3.500
3.550
3.600
3.650
3.700
3.800
3.800
3.850
4.000
4.000
4.100
1.450
1.430
1.430
1.380
1.380
1.330
1.330
1.280
1.280
1.280
1.280
1.280
1.280
1.230
1.230
1.230
1.230
1.180
1.210
1.230
1.280
1.330
1.280
1.330
1.280
1.280
1.280
1.310
1.310
1.310
1.310
1.260
1.260
1.260
1.310
1.260
1.260
1.260
1.260
1.260
1.260
1.260
1.260
1.260
1.260
1.210
-59.438 35.076 1.662795
