1 180
2.860
2.910
2.960
2.910
2.960
2.910
2.760
2.660
2.510
2.410
2.260
2.160
2.090
1.990
1.940
1.840
1.790
1.740
1.640
1.640
1.640
1.640
1.690
1.690
1.740
1.740
1.810
1.810
1.860
1.810
1.910
1.960
2.010
1.960
2.040
2.240
2.340
2.340
2.440
2.490
2.540
2.590
2.590
2.690
2.790
2.840
2.890
2.960
3.010
3.110
3.210
3.310
3.410
3.510
3.660
3.810
4.260
4.410
4.710
4.960
4.910
4.960
5.210
5.560
5.860
6.260
6.660
7.160
7.760
8.210
9.360
10.110
11.310
12.860
15.610
17.910
51.060
31.460
37.210
51.060
51.060
51.060
29.910
51.060
51.060
12.710
10.660
9.160
8.060
7.160
6.410
5.860
5.460
5.460
4.960
4.310
4.060
3.810
3.610
3.410
3.260
3.110
2.960
2.810
2.710
2.610
2.510
2.460
2.390
2.310
2.240
2.190
2.090
2.040
1.740
1.660
1.560
1.610
1.660
1.660
1.510
1.410
1.460
1.340
1.340
1.290
1.290
1.240
1.240
1.240
1.190
1.220
1.240
1.240
1.290
1.340
1.390
1.390
1.440
1.490
1.540
1.540
1.640
1.690
1.710
1.790
1.860
1.960
2.060
2.110
2.210
2.360
2.460
2.490
2.490
2.490
2.440
2.490
2.440
2.440
2.440
2.440
2.440
2.390
2.390
2.470
2.390
2.420
2.420
2.390
2.420
2.420
2.420
2.420
2.420
2.420
2.390
2.420
2.420
2.390
-474.348 -127.802 -2.319385
