1 180
1.390
1.390
1.720
1.720
1.720
1.340
1.340
1.290
1.240
1.290
1.340
1.770
1.720
1.720
1.720
1.770
1.770
1.770
1.740
1.790
1.770
1.820
1.790
1.820
1.870
1.820
1.870
1.870
1.870
1.920
1.920
1.920
1.940
1.940
1.990
1.990
2.040
2.040
2.040
2.090
2.140
2.140
2.190
2.190
2.240
2.290
2.340
2.340
2.390
2.390
2.490
2.490
2.590
2.590
2.690
2.740
2.810
2.860
3.060
3.160
3.260
3.360
3.410
3.560
3.610
3.760
3.760
3.810
3.960
4.110
4.210
4.410
4.610
4.810
5.060
5.310
5.610
5.910
6.310
6.760
7.160
7.660
8.360
9.610
9.960
11.010
12.360
14.110
16.460
21.810
24.360
26.510
33.310
19.960
20.010
24.360
20.660
11.960
9.010
7.610
6.410
5.560
4.860
4.360
3.960
3.610
3.310
3.060
2.810
2.660
2.510
2.360
2.210
2.110
2.060
1.910
1.810
1.790
1.690
1.640
1.540
1.490
1.440
1.440
1.390
1.340
1.290
1.240
1.240
1.190
1.140
1.140
1.090
1.090
1.090
1.040
1.040
0.990
0.940
0.940
0.940
0.940
0.940
0.890
0.890
0.840
0.890
0.840
0.790
0.840
0.790
0.790
0.790
0.790
0.790
0.790
0.740
0.740
0.740
0.740
0.740
0.740
0.740
0.740
0.690
0.690
0.690
0.690
0.690
0.690
0.720
0.690
0.690
0.720
0.690
0.720
0.720
0.670
0.670
0.720
-407.508 24.159 -1.198385
