1 180
0.740
0.820
0.770
0.770
0.820
0.790
0.820
0.790
0.740
0.790
0.790
0.790
0.790
0.840
0.840
0.840
0.790
0.840
0.840
0.840
0.840
0.890
0.890
0.890
0.890
0.890
0.940
0.940
0.990
0.940
0.990
0.990
0.990
1.040
1.040
1.040
1.090
1.090
1.140
1.090
1.140
1.190
1.190
1.240
1.290
1.340
1.290
1.390
1.390
1.440
1.440
1.540
1.590
1.640
1.640
1.740
1.840
1.890
1.940
2.040
2.140
2.190
2.310
2.410
2.560
2.710
2.910
3.710
3.740
3.740
3.960
4.210
4.660
4.960
5.860
6.760
7.960
8.710
10.660
24.560
33.660
51.060
51.060
8.660
19.960
20.010
20.010
12.110
10.460
8.760
8.110
7.260
6.510
5.960
5.410
5.210
4.910
4.560
4.310
4.060
3.890
3.890
3.760
3.810
8.760
8.810
2.960
2.860
2.760
2.610
2.560
2.490
2.390
2.390
2.290
2.240
2.190
2.140
2.090
1.990
1.990
1.940
1.890
1.840
1.790
1.740
1.740
1.740
1.640
1.690
1.640
1.590
1.590
1.590
1.540
1.490
1.490
1.490
1.490
1.440
1.390
1.390
1.390
1.390
1.340
1.340
1.340
1.320
1.340
1.290
1.290
1.290
1.320
1.320
1.270
1.270
1.240
1.270
1.270
1.190
1.190
1.220
1.220
1.220
1.220
1.220
1.220
1.220
1.270
1.220
1.220
1.220
1.220
1.220
1.220
1.220
1.220
1.220
1.220
1.270
-321.687 -6.602 0.818795
