1 180
1.570
1.570
1.570
1.570
1.570
1.620
1.620
1.570
1.570
1.620
1.620
1.620
1.620
1.570
1.620
1.590
1.660
1.660
1.710
1.810
1.810
1.810
1.810
1.860
1.860
1.910
1.910
1.960
1.960
2.010
1.960
2.010
2.060
2.060
2.060
2.110
2.160
2.210
2.210
2.260
2.260
2.260
2.260
2.310
2.310
2.310
2.310
2.360
2.340
2.440
2.440
2.490
2.640
2.690
2.690
2.740
2.840
2.940
3.010
3.060
3.160
3.260
3.360
3.510
3.610
3.760
3.910
4.060
4.260
4.460
4.760
4.910
5.210
5.560
5.860
6.260
6.760
6.660
6.660
6.660
6.660
10.460
11.760
13.410
16.010
20.260
20.210
22.160
51.060
22.660
22.210
33.210
51.060
20.210
20.210
14.660
13.510
10.760
9.610
8.710
7.860
7.210
6.610
6.210
5.810
5.410
5.060
4.810
4.560
4.310
4.110
3.910
3.760
3.610
3.460
3.360
3.260
3.110
3.010
2.910
2.810
2.760
2.660
2.610
2.590
2.490
2.440
2.390
2.510
2.410
2.310
2.310
2.360
2.360
2.460
2.310
2.260
2.260
2.210
2.160
2.160
2.110
2.110
2.060
1.960
1.960
1.960
1.960
1.910
1.910
1.860
1.860
1.810
1.810
1.810
1.660
1.610
1.610
1.560
1.610
1.540
1.520
1.490
1.490
1.520
1.470
1.470
1.520
1.520
1.440
1.470
1.470
1.470
1.470
1.470
1.470
1.470
1.420
1.420
1.470
-527.851 -387.302 -2.044385
