1 180
1.530
1.530
1.530
1.530
1.530
1.580
1.580
1.530
1.530
1.530
1.530
1.580
1.580
1.580
1.580
1.580
1.630
1.550
1.580
1.630
1.630
1.630
1.630
1.630
1.650
1.680
1.680
1.680
1.730
1.700
1.700
1.700
1.750
1.750
1.800
1.870
1.870
1.920
2.070
2.070
2.070
2.120
2.120
2.170
2.220
2.270
2.270
2.270
2.370
2.370
2.420
2.470
2.570
2.570
2.520
2.520
2.620
2.570
2.650
2.750
2.800
2.900
2.920
3.070
3.120
3.270
3.370
3.520
3.670
3.770
3.920
4.120
4.270
4.520
4.720
4.970
5.120
5.120
5.170
5.670
10.120
10.120
10.070
10.320
11.570
12.770
14.470
16.920
23.070
27.770
31.870
41.570
51.070
51.070
51.070
51.120
21.120
16.520
8.870
9.220
9.970
9.970
10.020
10.020
5.270
5.020
5.070
4.970
4.670
4.420
4.120
3.870
3.670
3.520
3.320
3.270
3.120
3.120
3.120
3.070
2.970
2.820
2.720
2.670
2.570
2.520
2.420
2.270
2.170
2.070
1.950
1.900
1.900
1.850
1.850
1.800
1.750
1.750
1.700
1.650
1.600
1.600
1.550
1.550
1.500
1.500
1.500
1.500
1.450
1.450
1.400
1.400
1.400
1.350
1.350
1.350
1.350
1.300
1.350
1.300
1.300
1.300
1.250
1.250
1.280
1.250
1.280
1.250
1.200
1.230
1.230
1.280
1.200
1.230
1.180
1.230
1.230
1.230
1.180
1.180
-516.635 -354.384 -1.793385
