1 180
1.220
1.220
1.220
1.220
1.220
1.220
1.220
1.220
1.220
1.220
1.220
1.220
1.220
1.220
1.220
1.220
1.270
1.220
1.240
1.190
1.240
3.090
3.140
3.140
3.140
3.140
1.010
0.860
0.710
0.690
0.690
0.740
0.740
0.740
0.740
0.740
0.740
0.760
8.510
8.660
9.510
9.310
4.260
4.190
4.060
4.010
3.910
3.960
4.010
4.060
4.160
4.160
4.260
4.360
4.460
4.510
4.610
4.710
4.760
4.910
4.860
4.810
4.810
4.760
4.710
4.560
4.560
4.510
4.460
4.410
4.360
4.360
4.310
4.290
4.240
4.240
4.190
4.190
4.110
4.110
4.160
4.460
4.710
5.060
5.410
5.910
6.410
6.960
7.710
8.660
9.810
11.360
15.310
16.960
20.910
20.860
26.210
33.110
51.060
33.160
51.060
17.910
10.460
10.460
9.510
8.460
7.410
6.810
6.810
5.660
5.260
4.860
4.560
4.310
4.060
4.110
4.110
4.190
4.210
4.210
4.260
4.310
4.760
4.810
4.810
4.860
4.910
4.960
5.010
5.110
5.110
5.210
5.260
5.360
5.410
5.460
5.510
5.560
5.410
5.310
5.310
6.010
6.160
6.260
6.310
6.210
6.160
6.060
5.960
5.860
5.810
5.710
5.660
5.610
5.560
5.460
5.410
5.360
1.890
1.840
1.840
1.790
1.790
1.790
1.790
1.740
1.740
1.690
1.690
1.690
1.690
1.690
1.690
1.640
1.190
1.190
1.190
1.170
1.170
1.170
-551.698 -256.160 -1.670385
