1 180
1.170
1.170
1.170
1.120
1.120
1.170
1.120
1.170
1.170
1.170
1.170
1.140
1.170
1.170
1.220
1.220
1.220
1.240
1.270
1.220
1.270
1.270
1.240
1.240
1.290
1.290
1.320
1.370
1.340
1.340
1.390
1.390
1.390
1.440
1.440
1.440
1.490
1.490
1.490
1.540
1.590
1.590
1.590
1.640
1.690
1.690
1.740
1.790
1.840
1.890
1.890
1.990
1.990
2.090
2.090
2.140
2.240
2.290
2.390
2.440
2.490
2.610
2.710
2.810
2.960
3.060
3.210
3.410
3.560
3.760
3.960
4.210
4.510
4.810
5.160
5.710
6.510
6.760
7.410
8.310
9.510
11.060
12.810
12.760
12.810
16.960
41.910
51.060
41.910
51.060
22.360
12.810
12.810
12.260
11.210
9.210
8.260
7.510
6.860
6.310
5.910
5.460
5.110
4.810
4.560
4.260
4.010
3.860
3.710
3.510
3.410
3.260
3.160
3.010
2.910
2.760
2.710
2.660
2.590
2.540
2.390
2.340
2.290
2.290
2.160
2.210
2.260
2.190
2.140
2.140
2.040
2.040
2.040
1.940
1.940
1.890
1.890
1.840
1.840
1.790
1.740
1.740
1.690
1.690
1.690
1.690
1.640
1.640
1.590
1.590
1.590
1.560
1.510
1.440
1.440
1.390
1.440
1.390
1.420
1.390
1.340
1.370
1.340
1.370
1.370
1.370
1.320
1.370
1.320
1.370
1.370
1.320
1.320
1.320
1.320
1.320
1.320
1.320
1.320
1.320
-345.604 64.041 -3.036385
