1 180
1.170
1.120
1.120
1.120
1.120
1.110
1.160
1.160
1.160
1.210
1.210
1.260
1.210
1.210
1.260
1.260
1.260
1.260
1.260
1.310
1.310
1.310
1.310
1.310
1.310
1.260
1.290
1.240
1.290
1.290
1.290
1.290
1.260
1.260
1.240
1.240
1.240
1.290
1.290
1.290
1.290
1.340
1.340
1.390
1.390
1.390
1.440
1.490
1.490
1.540
1.540
1.590
1.590
1.640
1.690
1.740
1.740
1.790
1.840
1.890
1.940
2.040
2.040
2.140
2.240
2.290
2.340
2.440
2.510
2.610
2.760
2.860
3.010
3.160
3.310
3.560
3.760
3.960
4.260
4.560
4.960
5.360
5.810
6.410
7.210
8.160
9.060
10.660
10.210
10.110
10.160
10.760
15.760
15.660
15.760
15.660
15.760
15.660
11.060
11.060
7.810
7.510
7.610
6.960
6.360
5.810
5.360
5.060
4.710
4.510
4.260
4.010
3.810
3.660
3.510
3.310
3.210
3.060
2.910
2.860
2.760
2.660
2.560
2.510
2.410
2.360
2.340
2.240
2.190
2.140
2.090
2.090
1.990
1.990
1.940
1.890
1.890
1.790
1.790
1.740
1.740
1.690
1.690
1.640
1.640
1.590
1.540
1.540
1.540
1.540
1.540
1.490
1.440
1.440
1.390
1.440
1.490
1.410
1.490
1.540
1.540
1.440
1.490
1.490
1.490
1.490
1.490
1.460
1.490
1.460
1.460
1.460
1.440
1.490
1.410
1.460
1.440
1.440
1.440
1.460
-250.500 -4.106 -2.774385
