1 180
0.890
0.920
0.920
0.890
0.890
0.940
0.920
0.890
0.890
0.890
0.940
0.940
0.940
0.940
0.940
0.940
0.940
0.940
0.940
0.990
0.940
0.990
0.990
0.990
0.990
0.990
1.040
0.990
0.990
1.040
1.040
1.040
1.090
1.090
1.090
1.090
1.140
1.140
1.140
1.190
1.190
1.240
1.240
1.290
1.240
1.290
1.290
1.290
1.340
1.340
1.410
1.360
1.310
1.360
1.410
1.460
1.360
1.460
1.460
1.510
1.510
1.560
1.560
1.610
1.560
1.660
1.710
1.710
1.710
1.640
1.760
1.810
1.810
2.210
9.960
10.660
11.760
12.210
12.960
14.110
15.510
17.360
18.060
21.710
4.310
4.210
4.260
21.610
4.310
4.310
7.910
7.910
4.510
4.460
4.460
4.310
4.310
4.460
3.960
3.610
3.210
2.960
2.910
2.890
1.860
1.810
1.710
1.660
1.660
1.560
1.510
1.510
1.410
1.310
1.360
1.260
1.260
1.210
1.260
1.260
1.190
1.140
1.090
1.090
1.090
1.090
1.090
1.040
1.040
0.990
0.990
0.990
0.940
0.940
0.890
0.890
0.890
0.840
0.840
0.840
0.790
0.790
0.790
0.790
0.790
0.740
0.740
0.790
0.740
0.740
0.740
0.740
0.690
0.740
0.690
0.690
0.690
0.690
0.690
0.690
0.690
0.640
0.640
0.640
0.670
0.670
0.640
0.640
0.670
0.670
0.670
0.640
0.670
0.670
0.670
0.670
0.640
0.670
0.670
0.640
-401.865 34.762 -2.590385
