1 180
1.170
1.170
1.170
1.170
1.220
1.170
1.220
1.220
1.220
1.170
1.220
1.220
1.220
1.190
1.220
1.190
1.270
1.220
1.220
1.220
1.270
1.240
1.270
1.220
1.240
1.190
1.240
1.220
1.270
1.290
1.290
1.290
1.290
1.290
1.340
1.340
1.390
1.390
1.390
1.440
1.440
1.490
1.490
1.490
1.540
1.540
1.590
1.640
1.640
1.690
1.690
1.790
1.790
1.840
1.890
1.940
1.990
2.040
2.090
2.190
2.240
2.290
2.340
2.440
2.540
2.610
4.810
4.760
4.760
4.760
4.760
4.710
4.710
4.660
4.660
4.660
4.610
4.560
4.560
4.460
4.510
4.490
4.490
4.440
4.440
4.440
4.390
4.390
4.440
4.390
4.390
4.390
4.440
4.440
4.440
4.440
4.440
4.360
4.440
4.460
4.440
4.490
4.510
4.510
4.510
4.510
4.560
4.610
4.610
4.660
4.710
2.460
2.360
2.260
2.210
2.090
1.990
1.940
1.890
1.790
1.790
1.740
1.690
1.640
1.590
1.540
1.490
1.440
1.440
1.390
1.390
1.340
1.290
1.340
1.240
1.240
1.240
1.190
1.190
1.140
1.140
1.090
1.140
1.090
1.090
1.090
1.040
1.040
1.040
0.990
0.990
0.990
0.990
0.990
0.990
0.940
0.940
0.890
0.940
0.940
0.940
0.920
0.890
0.940
0.890
0.890
0.940
0.940
0.890
0.890
0.890
0.890
0.920
0.890
0.920
0.920
0.920
0.920
0.920
0.920
-339.962 -1.790 -2.490385
