1 180
1.590
1.590
1.590
1.640
1.690
1.740
1.740
1.740
1.840
1.840
1.940
1.990
2.040
2.040
2.140
2.190
2.240
2.340
2.390
2.490
2.540
2.660
2.760
2.860
2.960
3.110
3.260
3.460
3.560
3.810
4.060
4.110
4.090
4.040
4.040
4.010
4.410
7.060
7.110
7.060
7.010
7.010
7.010
6.960
6.960
7.110
8.060
8.060
8.010
17.910
17.860
17.910
17.710
13.910
12.160
11.410
7.010
7.110
7.110
7.160
7.160
7.060
6.260
5.860
5.560
5.260
5.010
4.760
4.510
4.310
4.160
3.960
3.810
3.710
3.610
3.460
3.360
3.210
3.110
3.060
2.960
2.890
2.890
2.790
2.690
2.640
2.590
2.540
2.490
2.440
2.390
2.340
2.290
2.290
2.240
2.190
2.140
2.090
2.090
2.090
2.040
1.990
2.040
1.990
1.940
1.890
1.940
1.890
1.890
1.840
1.790
1.790
1.840
1.790
1.740
1.740
1.740
1.740
1.740
1.740
1.740
1.640
1.690
1.690
1.640
1.640
1.640
1.640
1.640
1.670
1.670
1.670
1.670
1.670
1.620
1.620
1.670
1.620
1.670
1.620
1.670
1.670
1.670
1.670
1.620
1.670
1.670
1.670
1.670
1.640
1.460
1.390
1.240
1.160
1.110
1.090
1.060
1.090
1.090
1.090
1.110
1.110
1.210
1.340
1.290
1.290
1.240
1.240
1.240
1.240
1.210
1.190
1.240
1.210
4.860
4.760
4.610
4.360
4.260
4.110
-131.096 -24.044 -2.924385
