1 180
0.820
0.820
0.820
0.770
0.820
0.820
0.820
0.790
0.820
0.790
0.820
0.790
0.840
0.790
0.790
0.790
0.840
0.840
0.840
0.840
0.840
0.890
0.840
0.840
0.840
0.890
0.890
0.890
0.890
0.940
0.940
0.990
0.990
0.990
0.940
0.990
0.990
1.040
0.990
1.090
1.040
1.090
1.140
1.140
1.140
1.190
1.190
1.240
1.240
1.290
1.340
1.340
1.390
1.390
1.490
1.440
1.490
1.540
1.640
1.690
1.740
1.790
1.840
1.940
1.990
2.090
2.190
2.510
2.660
2.810
2.990
3.060
3.140
3.110
3.810
4.090
4.140
4.310
4.760
7.060
7.060
7.060
7.010
7.060
7.010
7.010
7.010
6.560
6.310
6.410
7.010
7.010
7.010
7.010
6.710
6.660
6.660
6.710
7.110
7.110
7.210
7.210
4.860
4.510
4.290
4.210
4.110
3.910
3.510
3.260
3.240
3.210
3.110
3.010
2.910
2.810
2.760
2.660
2.340
2.290
2.240
2.190
2.140
2.040
2.040
1.990
1.890
1.890
1.840
1.790
1.740
1.690
1.690
1.690
1.640
1.590
1.590
1.590
1.540
1.540
1.490
1.490
1.440
1.440
1.390
1.440
1.390
1.340
1.340
1.340
1.340
1.340
1.290
1.290
1.240
1.290
1.240
1.240
1.240
1.240
1.240
1.270
1.220
1.220
1.220
1.220
1.220
1.220
1.220
1.220
1.170
1.170
1.170
1.220
1.170
1.170
1.170
1.170
1.170
1.170
-322.528 -4.036 -2.979385
