1 180
25.310
23.660
18.960
16.660
14.760
13.410
12.260
11.260
10.510
9.760
9.110
8.560
8.060
7.610
7.310
7.260
7.310
51.060
6.110
5.860
5.660
5.410
5.210
5.060
4.910
4.710
4.610
4.460
4.360
4.260
4.110
4.060
3.910
3.910
3.760
3.660
3.610
3.560
3.460
3.360
3.390
3.340
3.240
3.240
3.140
3.140
3.090
2.990
2.940
2.940
2.890
2.840
2.890
2.790
2.790
2.740
2.740
2.740
2.690
2.640
2.640
2.590
2.590
2.540
2.540
2.540
2.540
2.540
2.440
2.490
2.440
2.490
2.440
2.390
2.440
2.440
2.390
2.390
2.390
2.390
2.370
2.420
2.420
2.420
2.420
2.370
2.420
2.370
2.390
2.340
2.390
2.390
2.390
2.390
2.440
2.390
2.390
2.440
2.440
2.440
2.490
2.490
2.490
2.540
2.490
2.490
2.540
2.590
2.640
2.590
2.640
2.640
2.690
2.690
2.740
2.740
2.790
2.790
2.840
2.890
2.890
2.940
2.990
3.040
3.040
3.140
3.140
3.190
3.240
3.340
3.360
3.410
3.460
3.560
3.610
3.660
3.760
3.860
3.910
4.060
4.160
4.260
4.360
4.510
4.610
4.760
4.910
5.110
5.310
51.060
51.060
6.410
6.360
6.410
6.710
7.060
7.360
7.710
8.160
8.710
9.210
10.360
10.660
11.460
12.360
13.660
15.160
17.060
7.910
7.860
7.860
51.060
51.060
51.060
51.060
24.360
24.360
18.460
10.660
8.810
-177.085 -18.137 -2.441385
