1 180
1.120
1.120
1.120
1.070
1.120
1.070
1.120
1.120
1.120
1.120
1.120
1.120
1.170
1.120
1.120
1.120
1.120
1.140
1.090
1.140
1.170
1.090
1.140
1.140
1.140
1.090
1.090
1.140
1.090
1.140
1.140
1.140
1.190
1.240
1.240
1.290
1.290
1.340
1.290
1.390
1.340
1.390
1.390
1.440
1.440
1.490
1.490
1.540
1.540
1.590
1.640
1.640
1.690
1.690
1.790
1.840
1.790
1.790
1.790
1.890
1.940
1.990
2.040
2.090
2.190
2.240
2.290
2.390
2.490
2.590
2.660
2.810
2.910
3.060
3.260
3.410
3.610
3.810
4.110
4.410
4.710
5.110
5.610
6.160
8.360
8.360
8.610
10.060
12.010
15.060
19.710
15.010
15.260
23.610
19.760
19.810
4.710
4.360
4.310
4.310
4.260
4.260
4.310
4.260
4.360
4.460
4.210
3.960
3.660
3.460
3.260
3.060
2.910
2.760
2.610
2.510
2.410
2.310
2.210
2.140
2.090
2.040
1.990
1.940
1.840
1.840
1.740
1.740
1.640
1.640
1.590
1.540
1.490
1.490
1.440
1.390
1.390
1.340
1.340
1.290
1.290
1.290
1.240
1.240
1.190
1.190
1.190
1.190
1.140
1.140
1.140
1.090
1.090
1.090
1.040
1.040
1.040
1.040
1.040
1.040
0.990
0.990
0.990
0.990
0.990
1.020
0.990
1.020
0.990
0.970
0.940
0.970
0.990
0.970
0.970
0.970
0.920
0.970
0.970
0.920
-321.392 -15.038 1.945795
