1 180
1.320
1.370
1.320
1.320
1.320
1.320
1.320
1.320
1.320
1.370
1.370
1.370
1.290
1.310
1.310
1.360
1.360
1.360
1.360
1.410
1.560
1.560
1.510
1.560
1.560
1.610
1.610
1.660
1.610
1.660
1.660
1.710
1.660
1.660
1.660
1.710
1.710
1.710
1.760
1.760
1.810
1.810
1.860
1.860
1.910
1.910
1.960
1.960
1.960
1.960
1.960
1.860
1.960
2.010
2.010
1.990
2.040
2.090
2.140
2.190
2.240
2.290
2.340
2.390
2.490
2.540
2.640
2.710
2.810
2.860
3.010
3.060
3.210
3.360
3.510
3.660
3.810
4.010
4.210
4.460
4.710
5.910
5.710
5.710
6.260
6.760
7.310
8.760
9.010
10.260
12.410
14.060
19.810
19.860
51.060
14.110
14.110
50.460
51.060
51.060
19.860
19.860
19.960
13.960
12.210
10.860
9.810
8.960
8.210
7.610
7.010
6.560
6.210
5.860
5.560
5.260
5.010
4.760
4.610
4.610
4.660
4.760
4.860
4.860
4.910
51.060
51.110
51.060
51.060
51.060
51.060
3.010
2.910
2.790
2.740
2.690
2.640
2.540
2.490
2.440
2.390
2.340
2.340
2.290
2.240
2.240
2.190
2.190
2.140
2.090
2.040
1.990
1.990
1.990
1.990
1.990
1.940
1.890
1.890
1.890
1.890
1.840
1.840
1.790
1.840
1.790
1.740
1.740
1.740
1.740
1.770
1.770
1.720
1.720
1.720
1.720
1.720
1.720
1.720
1.670
-459.888 -115.515 -2.603385
