1 180
3.260
3.260
3.260
3.260
3.310
3.410
1.660
1.710
1.710
1.660
1.710
1.710
1.710
1.710
1.760
1.810
1.760
1.760
1.810
1.810
1.760
1.810
1.810
1.860
1.860
1.960
1.860
1.960
1.960
1.960
1.960
2.010
2.010
2.010
1.960
1.910
2.010
1.960
1.990
2.040
2.090
2.040
2.140
2.190
2.240
2.290
2.340
2.390
2.440
2.440
2.540
2.590
2.640
2.740
2.790
2.840
2.940
2.960
3.110
3.160
3.260
3.410
3.560
3.710
3.860
51.060
51.060
51.110
4.960
4.960
5.110
5.360
5.710
6.010
6.460
6.910
10.210
10.210
10.160
10.160
11.310
13.010
14.960
19.760
19.810
33.360
35.360
51.060
51.110
51.060
33.410
24.060
51.060
15.060
12.960
11.310
10.010
8.910
8.110
7.410
6.910
6.410
5.960
5.560
5.260
4.960
4.710
4.460
4.210
4.060
3.860
3.810
3.610
3.660
3.660
3.560
3.510
3.360
3.260
3.160
3.060
3.010
2.860
2.510
2.490
2.440
2.390
2.290
2.290
2.240
2.190
2.140
2.090
2.040
2.040
1.990
1.990
1.940
1.890
1.840
1.840
1.840
1.790
1.790
1.740
1.740
1.690
1.690
1.690
1.640
1.190
0.960
0.940
0.940
0.940
0.940
0.940
0.940
1.090
1.570
1.490
1.520
1.520
1.490
1.520
1.520
1.470
1.470
1.470
1.520
1.470
1.470
1.520
1.470
1.470
1.470
1.470
1.470
1.090
0.990
-522.481 -375.125 -1.923385
