1 180
1.620
1.670
1.620
1.620
1.620
1.670
1.620
1.670
1.670
1.670
1.670
1.670
1.670
1.670
1.670
1.670
1.720
1.720
1.670
1.720
1.720
1.770
1.720
1.770
1.770
1.770
1.790
1.820
1.820
1.820
1.790
1.840
1.840
1.840
1.940
1.890
1.940
1.940
1.990
2.110
2.060
2.110
2.210
2.210
2.260
2.310
2.360
2.410
2.410
2.510
2.560
2.560
2.660
2.660
2.760
2.860
2.810
2.910
2.860
2.990
3.090
3.110
3.190
3.260
3.410
3.510
3.610
3.810
3.960
4.110
4.260
4.460
4.660
4.910
5.110
5.410
5.760
6.110
6.510
6.910
7.460
8.610
8.810
9.660
10.710
12.360
14.560
16.260
19.460
23.410
25.610
32.260
32.310
15.110
23.360
20.710
12.710
9.910
8.010
6.910
6.010
5.310
4.760
4.310
3.910
3.610
3.360
3.110
2.910
2.710
2.560
2.410
2.360
2.210
2.110
2.010
1.960
1.860
1.840
1.740
1.690
1.590
1.590
1.490
1.490
1.440
1.390
1.390
1.340
1.340
1.240
1.240
1.190
1.190
1.140
1.140
1.090
1.090
1.090
1.040
1.040
1.040
0.990
0.990
0.990
0.940
0.940
0.940
0.940
0.940
0.890
0.890
0.890
0.840
0.840
0.840
0.840
0.840
0.790
0.790
0.790
0.790
0.790
0.790
0.790
0.740
0.790
0.790
0.740
0.790
0.820
0.740
0.770
0.770
0.770
0.770
0.770
0.770
0.770
0.770
-407.132 23.195 -1.198385
