1 180
2.560
2.560
2.510
2.460
2.260
2.210
2.360
2.360
2.360
2.260
2.210
2.210
2.210
2.210
2.110
2.110
2.060
2.060
2.060
2.060
2.010
2.010
2.010
2.010
1.960
1.910
1.960
1.910
1.910
1.860
1.860
1.860
1.860
1.860
1.860
1.810
1.760
1.760
1.760
1.790
1.270
1.270
1.270
1.270
1.320
1.320
1.270
1.270
1.320
1.270
1.270
1.270
1.270
1.320
1.320
1.320
1.370
1.320
1.320
1.320
1.320
1.320
1.370
1.370
1.370
1.370
2.510
2.610
2.710
2.810
3.010
3.160
3.410
3.660
3.860
4.210
4.410
4.510
4.360
4.260
4.310
6.760
6.810
6.860
7.010
8.360
8.410
8.510
8.660
8.760
4.510
4.410
4.510
9.410
4.160
4.160
10.060
10.260
10.510
10.810
11.010
11.310
51.060
7.160
6.810
6.660
6.360
51.060
5.460
4.210
4.160
3.760
3.660
3.660
3.710
3.760
3.760
3.810
3.760
3.610
3.510
3.410
3.310
3.310
3.160
3.110
2.360
2.310
2.310
2.310
2.410
2.410
2.460
2.510
2.560
2.490
2.490
2.490
2.440
2.460
2.410
2.360
2.460
2.460
2.410
2.410
2.410
2.360
2.360
2.310
2.260
2.260
2.260
2.160
2.160
2.160
2.210
2.110
2.110
2.110
2.060
2.060
2.110
2.110
2.010
2.010
2.010
1.910
1.910
1.860
1.860
1.870
1.870
1.870
1.870
1.920
1.870
1.870
1.870
1.870
-595.679 -157.901 -1.862385
