1 180
3.750
3.400
1.380
1.380
1.680
3.130
3.150
1.600
1.350
3.750
6.600
3.800
1.650
1.400
8.750
3.950
1.650
1.700
1.450
8.900
1.700
1.700
1.650
1.500
1.900
1.800
9.300
1.550
1.600
1.800
1.750
1.600
1.600
1.850
1.850
1.650
1.700
3.600
3.600
1.750
8.300
8.100
1.800
1.800
7.550
1.950
1.950
7.150
1.950
2.050
6.700
2.100
6.550
2.150
2.400
2.350
2.250
2.450
2.400
2.500
5.850
2.650
2.850
2.750
2.800
2.900
3.050
3.400
3.200
3.300
3.500
3.600
3.850
3.900
4.150
4.250
4.650
4.750
5.000
4.950
4.950
4.900
4.900
5.200
6.200
6.850
7.650
8.400
9.650
11.450
13.800
51.050
22.950
35.450
51.050
32.700
12.250
29.450
51.050
23.600
19.100
16.500
14.250
12.600
11.250
10.200
9.600
9.600
8.000
7.400
6.950
6.550
6.200
5.500
5.250
5.100
5.050
4.900
4.650
4.500
4.350
4.150
4.050
3.900
3.750
3.650
3.550
3.400
3.350
3.250
3.200
3.100
3.000
2.950
2.880
2.830
2.780
2.780
2.680
2.630
2.580
2.530
2.530
2.480
2.500
2.450
2.400
2.350
2.350
2.300
2.300
2.250
2.250
2.250
2.200
2.150
2.150
2.150
2.150
2.100
2.100
2.100
2.000
2.050
2.050
2.000
1.950
1.950
1.950
1.900
1.880
1.880
1.910
1.910
1.860
1.860
1.860
1.860
1.860
1.860
-395.344 -104.152 2.749795
