1 180
0.730
0.730
0.730
0.730
0.730
0.780
0.780
0.730
0.730
0.730
0.780
0.780
0.780
0.750
0.750
0.750
0.700
0.750
0.750
0.750
0.750
0.750
0.750
0.800
0.800
0.800
0.800
0.850
0.800
0.850
0.800
0.850
0.850
0.900
0.900
0.900
0.900
0.900
0.950
0.950
0.950
0.950
1.000
1.000
1.000
1.000
1.050
1.100
1.100
1.150
1.150
1.200
1.200
1.250
1.250
1.250
1.350
1.400
1.400
1.450
1.500
1.550
1.600
1.650
1.700
1.750
1.850
1.950
2.000
2.150
2.250
2.350
2.450
2.600
2.800
2.950
6.850
6.800
6.800
6.800
6.800
7.600
8.450
9.900
11.850
13.500
20.300
24.250
14.400
14.100
14.090
14.400
20.200
13.350
10.350
8.550
7.150
6.700
6.700
6.750
6.800
6.850
5.900
6.850
5.050
6.950
6.950
4.100
4.100
4.000
3.050
2.900
2.750
2.650
2.550
2.450
2.380
2.330
2.360
2.380
2.430
2.400
2.450
2.450
2.450
2.500
2.400
2.350
2.300
2.250
2.250
2.250
2.200
2.100
2.050
1.750
1.700
1.650
1.750
1.850
1.900
1.900
1.900
1.850
1.800
1.830
1.750
1.750
1.780
1.700
1.730
1.650
1.680
1.680
1.630
1.630
1.630
1.680
1.580
1.580
1.580
1.580
1.530
1.580
1.530
1.530
1.480
1.480
1.300
1.250
1.380
1.380
1.380
1.380
1.430
1.380
1.330
1.360
1.360
1.260
-301.821 -4.483 2.927795
