1 180
0.620
0.620
0.620
0.620
0.670
0.620
0.670
0.670
0.670
0.670
0.640
0.640
0.640
0.640
0.640
0.640
0.640
0.640
0.640
0.690
0.640
0.640
0.690
0.690
0.690
0.740
0.690
0.690
0.740
0.740
0.740
0.740
0.740
0.740
0.740
0.790
0.790
0.790
0.840
0.840
0.840
0.840
0.840
0.840
0.890
0.890
0.940
0.940
0.990
0.990
1.040
0.990
1.040
1.090
1.090
1.140
1.190
1.190
1.240
1.290
1.340
1.340
1.440
1.490
1.490
1.590
1.640
1.690
1.790
1.840
1.960
2.060
2.210
2.360
2.460
2.660
2.860
3.110
3.410
3.760
4.160
4.660
5.260
6.060
7.210
8.760
11.610
17.610
29.260
51.060
51.060
16.860
16.210
15.760
12.810
7.760
7.710
7.710
7.260
7.210
7.010
6.410
5.910
5.510
4.460
4.410
4.410
4.310
4.110
3.910
3.710
3.610
3.410
3.310
3.160
3.060
2.910
2.860
2.760
2.710
2.610
2.240
2.140
2.090
2.040
1.990
1.940
1.840
1.840
1.790
1.740
1.690
1.690
1.690
1.790
1.790
1.790
1.790
1.740
1.740
1.690
1.690
1.690
1.640
1.640
1.640
1.590
1.590
1.540
1.540
1.490
1.490
1.490
1.490
1.490
1.440
1.440
1.440
1.440
1.440
1.390
1.390
1.390
1.390
1.370
1.370
1.370
1.370
1.370
1.340
1.370
1.370
1.370
1.370
1.370
1.320
1.320
1.370
1.320
1.320
-78.938 32.834 -2.812385
