1 180
8.610
8.610
8.610
3.210
2.910
2.560
2.410
2.310
2.260
2.610
2.260
2.160
2.210
2.260
2.260
2.760
2.810
2.760
2.810
2.860
2.860
2.910
2.910
2.910
2.960
3.010
3.060
3.060
3.110
3.160
3.160
3.160
3.260
3.310
3.310
3.360
3.410
3.510
3.560
3.610
3.660
3.710
3.710
3.660
3.610
3.560
3.440
3.390
3.390
3.340
3.240
3.240
3.190
3.190
3.090
3.090
3.040
3.040
2.990
2.940
2.990
2.940
2.960
3.110
3.310
3.410
4.110
4.360
4.610
4.860
5.160
5.510
51.110
6.660
6.960
7.560
8.360
9.310
11.260
12.160
14.410
17.510
51.060
39.060
51.060
51.110
51.110
51.060
51.060
51.060
16.360
13.410
11.510
10.110
8.960
8.060
7.360
7.210
6.260
5.760
5.410
5.060
4.760
4.510
4.260
4.110
3.410
3.410
3.060
2.960
2.940
2.990
2.990
2.990
3.040
3.040
3.090
3.140
3.190
3.190
3.290
3.290
3.340
3.390
3.440
3.460
3.510
3.560
3.610
3.660
3.710
3.760
3.610
3.610
3.560
3.510
3.440
3.390
3.340
3.340
3.290
3.240
3.190
3.140
3.090
3.090
3.040
3.040
2.990
2.710
2.710
2.660
2.610
2.660
2.610
2.610
2.560
2.610
2.510
2.560
2.510
2.510
2.510
2.460
2.510
2.510
2.460
2.510
2.460
2.510
2.510
2.460
2.460
2.460
2.460
2.460
2.460
2.460
2.190
2.190
-473.065 -126.363 -2.362385
