1 180
1.190
1.190
1.140
1.190
1.190
1.190
1.140
1.140
1.190
1.190
1.190
1.190
1.190
1.190
1.190
1.190
1.190
1.190
1.240
1.190
1.240
1.240
1.240
1.240
1.240
1.290
1.290
1.210
1.210
1.110
1.110
1.060
1.060
1.060
1.060
1.110
1.110
1.110
1.160
1.110
1.160
1.160
1.160
1.210
1.210
1.260
1.260
1.310
1.310
1.360
1.390
1.360
1.410
1.460
1.460
1.460
1.510
1.560
1.660
1.660
1.710
1.740
1.760
1.710
1.760
1.710
1.760
1.710
1.740
1.710
1.760
1.810
1.860
1.860
1.910
2.310
4.560
4.560
4.560
4.510
4.560
4.610
4.610
4.610
4.610
4.610
4.560
4.560
4.560
4.560
4.510
4.390
4.390
4.390
4.390
4.440
4.390
4.440
4.390
4.440
3.860
3.860
3.910
4.060
4.060
4.010
3.910
3.910
4.110
4.560
4.560
4.560
4.610
4.610
4.710
4.710
4.710
4.160
4.160
4.360
4.910
3.160
2.810
2.760
2.610
2.560
2.490
2.490
2.440
2.540
2.590
2.490
2.440
2.340
2.410
2.360
2.260
2.260
2.210
2.160
2.110
2.060
2.110
2.060
2.010
2.010
1.960
1.910
1.860
1.910
1.860
1.810
1.810
1.810
1.760
1.760
1.760
1.710
1.760
1.760
1.710
1.710
1.660
1.710
1.660
1.660
1.660
1.610
1.610
1.660
1.610
1.610
1.560
1.560
1.560
1.560
1.560
1.510
1.460
1.490
-113.357 5.798 2.768795
