1 180
0.920
0.920
0.820
0.850
0.790
0.840
0.790
0.840
0.840
0.790
0.790
0.840
0.870
0.840
0.840
0.840
0.790
0.840
0.840
0.840
0.840
0.840
0.890
0.890
0.890
0.890
0.890
0.890
0.890
0.940
0.940
0.890
0.940
0.940
0.940
0.990
0.940
0.990
0.990
1.040
1.040
1.040
1.040
1.090
1.040
1.090
1.090
1.090
1.140
1.140
1.190
1.240
1.240
1.240
1.290
1.290
1.340
1.390
1.390
1.540
1.740
1.790
1.840
1.890
1.940
1.990
2.090
2.190
1.340
1.340
1.340
1.290
1.290
1.290
1.390
1.610
3.260
3.510
3.660
4.010
4.910
4.060
1.690
1.640
1.590
1.590
1.590
1.640
1.690
15.010
22.210
19.260
19.160
20.060
20.510
3.660
3.160
3.160
3.260
12.360
10.760
9.360
6.660
6.510
6.510
6.510
6.210
6.010
51.060
5.060
4.860
4.560
4.360
4.160
3.960
2.460
2.360
2.260
2.160
2.140
2.090
1.960
1.960
1.890
1.890
1.890
1.960
2.010
2.010
1.910
1.940
1.940
1.910
2.010
2.060
2.140
2.040
2.040
2.040
1.990
1.940
1.010
0.960
0.960
0.910
0.860
0.860
0.910
0.860
0.860
0.810
0.810
0.810
0.810
0.810
0.760
0.760
0.770
0.800
0.760
0.760
0.810
0.760
0.810
0.860
0.860
0.810
0.810
0.860
0.860
0.860
0.860
0.910
0.960
1.010
1.060
1.340
0.960
0.910
0.960
-592.500 -186.288 -1.557385
