1 180
1.340
1.240
1.270
1.360
1.510
1.510
1.510
1.510
1.460
1.560
1.310
1.260
1.310
1.210
1.110
1.010
1.010
0.890
0.840
0.840
0.840
0.840
0.890
0.890
0.890
0.890
0.840
0.890
0.890
0.890
0.890
0.940
0.940
0.990
0.940
0.940
0.990
0.940
0.990
0.990
1.040
1.040
1.090
1.090
1.090
1.090
1.090
1.190
1.190
1.240
1.240
1.240
1.290
1.290
1.340
1.390
1.440
1.440
1.490
1.490
1.590
1.640
1.690
1.740
1.790
1.840
1.940
1.990
2.090
2.190
2.260
2.410
2.510
2.640
3.460
3.540
3.490
3.490
3.510
3.910
4.260
5.410
5.310
5.760
6.510
7.560
7.710
11.210
17.510
21.510
14.060
13.310
7.660
7.660
21.560
16.560
13.760
11.010
9.510
7.660
7.260
6.610
6.060
5.560
5.110
4.760
4.460
4.160
3.910
3.760
3.560
3.360
3.190
3.190
3.160
3.010
2.910
2.860
2.710
2.660
2.340
2.340
2.360
2.310
2.310
2.160
2.110
2.060
2.010
1.960
1.890
1.890
1.910
1.810
1.810
1.640
1.590
1.540
1.540
1.490
1.490
1.490
1.490
1.440
1.390
1.390
1.340
1.390
1.340
1.340
1.290
1.290
1.290
1.240
1.290
1.240
1.240
1.240
1.220
1.240
1.190
1.220
1.220
1.170
1.220
1.220
1.140
1.140
1.140
1.140
1.260
1.410
1.560
1.560
1.560
1.560
1.710
1.710
1.760
1.760
-32.712 33.865 -3.141385
