1 180
1.220
1.220
1.220
1.270
1.270
1.270
1.220
1.270
1.270
1.320
1.270
1.320
1.320
1.240
1.320
1.320
1.370
1.320
1.320
1.370
1.320
1.370
1.390
1.390
1.340
1.420
1.390
1.440
1.440
1.490
1.490
1.540
1.490
1.540
1.540
1.590
1.590
1.590
1.690
1.690
1.740
1.740
1.790
1.790
1.840
1.890
1.940
1.990
1.990
2.090
2.140
2.190
2.190
2.290
2.540
2.590
2.740
2.790
2.860
2.910
3.060
3.140
3.140
3.210
3.510
3.710
3.910
4.140
4.190
4.360
4.610
4.910
5.360
5.710
8.010
8.010
8.010
8.010
7.910
7.960
7.910
7.910
7.910
7.860
7.910
7.860
7.860
7.860
7.910
7.910
7.310
7.360
7.310
5.810
5.160
4.610
4.210
3.860
3.510
3.260
3.010
2.860
2.710
2.560
2.460
2.260
2.160
2.060
1.990
1.940
1.890
1.790
1.740
1.690
1.640
1.590
1.540
1.490
1.440
1.390
1.340
1.340
1.290
1.290
1.240
1.190
1.190
1.140
1.140
1.090
1.090
1.040
1.040
1.040
1.040
0.990
0.990
0.940
0.940
0.940
0.940
0.940
0.890
0.890
0.890
0.840
0.840
0.840
0.840
0.840
0.840
0.840
0.790
0.790
0.790
0.790
0.790
0.790
0.790
0.790
0.790
0.770
0.740
0.820
0.770
0.770
0.770
0.770
0.770
0.770
0.770
0.770
0.770
0.770
0.770
0.720
0.770
0.770
0.770
0.770
-334.846 -16.097 -1.110385
