1 180
0.870
0.920
0.920
0.870
0.920
0.920
0.920
0.890
0.890
0.890
0.940
0.890
0.940
0.940
0.940
0.890
0.940
0.940
0.940
0.940
0.940
0.990
0.990
0.990
0.990
0.990
1.040
1.040
1.040
1.040
1.090
1.090
1.090
1.090
1.140
1.140
1.190
1.190
1.190
1.190
1.240
1.240
1.290
1.340
1.340
1.340
1.390
1.390
1.440
1.540
1.540
1.590
1.590
1.640
1.690
1.740
1.790
1.840
1.890
1.990
2.090
2.140
2.240
2.290
2.390
2.440
3.160
3.310
3.390
3.340
3.390
3.390
3.610
3.910
4.210
4.510
4.960
5.410
6.110
9.910
9.860
9.860
9.910
9.860
9.910
51.110
44.960
31.010
31.110
23.660
23.610
18.260
14.510
12.860
9.960
9.910
8.960
5.760
5.260
4.860
4.560
4.210
3.910
3.710
3.510
3.360
3.160
3.010
2.860
2.710
2.610
2.540
2.410
2.360
2.290
2.240
2.140
2.090
2.040
1.990
1.940
1.890
1.790
1.790
1.690
1.690
1.640
1.590
1.590
1.540
1.540
1.490
1.490
1.440
1.390
1.390
1.390
1.390
1.340
1.290
1.340
1.290
1.240
1.240
1.190
1.190
1.240
1.240
1.140
1.140
1.190
1.140
1.140
1.140
1.090
1.140
1.090
1.090
1.140
1.090
1.040
1.090
1.090
1.040
1.070
1.070
1.040
1.070
1.070
1.040
1.070
1.070
1.070
1.020
1.070
1.070
1.070
1.070
1.020
1.020
-9.910 29.823 2.763795
