1 180
1.670
1.720
1.720
1.670
1.670
1.670
1.670
1.670
1.720
1.720
1.720
1.720
1.720
1.720
1.720
1.770
1.770
1.740
1.690
1.740
1.740
1.790
1.790
1.790
1.790
1.840
1.820
1.840
1.890
1.840
1.890
1.890
1.940
1.940
1.990
1.990
2.040
2.090
2.040
2.140
2.090
2.140
2.190
2.190
2.290
2.290
2.340
2.390
2.390
2.440
2.490
2.540
2.590
2.640
2.740
2.790
2.890
2.910
3.010
3.260
3.410
3.510
3.610
3.710
3.810
3.910
4.010
3.960
4.160
4.210
4.410
4.610
4.860
5.060
5.360
5.660
5.960
6.160
6.460
8.210
8.910
9.660
10.460
11.610
11.760
12.110
14.460
14.810
24.310
24.210
14.610
14.360
51.060
51.060
24.210
24.160
51.060
12.560
10.410
8.960
7.810
6.960
6.210
5.660
5.210
4.810
4.510
4.260
4.260
4.160
3.910
3.710
3.110
3.010
2.860
2.710
2.610
2.510
2.410
2.310
2.240
2.190
2.140
2.040
2.040
1.890
1.940
1.840
1.790
1.740
1.740
1.640
1.640
1.590
1.590
1.540
1.490
1.440
1.440
1.440
1.390
1.340
1.340
1.340
1.290
1.290
1.290
1.240
1.240
1.240
1.190
1.240
1.190
1.190
1.190
1.140
1.190
1.140
1.140
1.140
1.140
1.120
1.090
1.090
1.120
1.070
1.120
1.070
1.070
1.070
1.070
1.070
1.070
1.070
1.070
1.020
1.070
1.070
1.070
1.020
-493.692 -144.353 -2.480385
