1 180
1.020
1.070
1.020
1.020
1.020
1.070
1.070
1.070
1.020
1.070
1.070
1.070
1.070
1.070
1.070
1.070
1.070
1.040
1.090
1.090
1.090
1.090
1.120
1.120
1.090
1.140
1.140
1.170
1.170
1.190
1.140
1.190
1.190
1.190
1.240
1.240
1.190
1.290
1.290
1.290
1.340
1.340
1.340
1.390
1.390
1.440
1.440
1.490
1.610
1.560
1.560
1.810
1.860
1.910
1.960
2.010
2.110
2.210
2.160
2.260
2.410
2.260
2.560
2.510
2.510
2.560
2.560
2.560
2.610
2.760
2.860
3.010
3.210
3.410
3.560
3.760
4.010
4.310
4.660
4.960
5.460
6.010
6.610
7.510
8.360
9.710
11.510
14.110
17.310
51.060
51.060
51.060
51.060
9.310
9.110
9.060
17.360
14.560
12.560
11.410
9.660
8.810
7.710
7.410
6.860
6.910
51.060
5.710
5.360
5.060
4.810
4.560
4.360
4.210
3.960
3.860
3.660
3.560
3.460
3.310
3.210
3.060
3.010
2.910
2.810
2.760
2.740
2.640
2.640
2.760
2.560
2.560
2.560
2.610
2.560
2.510
2.460
2.460
2.410
2.310
2.260
2.210
2.160
2.160
2.160
2.160
2.110
2.010
2.010
2.010
2.010
1.960
1.810
1.860
1.760
1.690
1.640
1.690
1.640
1.690
1.640
1.590
1.590
1.640
1.590
1.590
1.590
1.590
1.540
1.590
1.540
1.540
1.540
1.540
1.540
1.520
1.570
1.570
1.490
1.570
-536.696 -299.971 -0.689385
