1 180
1.020
0.970
0.970
1.020
0.970
1.020
1.020
1.020
0.970
1.020
1.020
0.990
1.020
0.990
1.020
0.990
0.990
0.990
1.040
0.990
1.040
1.040
1.040
1.090
1.040
1.090
1.090
1.090
1.140
1.140
1.140
1.190
1.140
1.190
1.190
1.240
1.190
1.240
1.240
1.240
1.290
1.340
1.340
1.340
1.390
1.390
1.390
1.460
1.510
1.640
1.740
1.790
1.790
1.840
1.890
1.940
1.990
2.040
2.140
2.140
2.240
2.310
2.360
2.410
1.840
1.840
1.790
1.840
2.260
2.860
2.410
1.960
1.940
1.940
1.990
4.060
4.360
4.760
5.160
5.610
6.210
6.960
7.810
9.060
11.510
17.710
17.610
17.610
46.860
51.060
3.460
3.360
3.410
17.660
3.560
3.510
3.560
10.710
9.510
8.560
7.860
7.210
6.860
6.560
6.160
5.410
5.160
4.910
4.610
4.360
4.210
4.010
3.810
3.660
3.510
3.410
3.260
3.160
3.010
2.960
2.910
2.810
2.740
2.660
2.640
2.540
2.490
2.440
2.390
2.290
2.290
2.240
2.190
2.140
2.090
2.090
2.040
1.940
1.940
1.940
1.890
1.890
1.840
1.840
1.790
1.790
1.740
1.740
1.740
1.690
1.690
1.690
1.690
1.590
1.640
1.590
1.590
1.590
1.540
1.590
1.540
1.570
1.570
1.540
1.570
1.520
1.520
1.520
1.520
1.520
1.570
1.470
1.520
1.470
1.520
1.520
1.520
1.520
1.520
1.470
-340.727 64.387 -3.110385
