1 180
1.560
1.510
1.660
1.760
1.790
1.740
1.890
1.860
1.890
1.840
1.940
1.960
1.860
1.960
1.940
2.610
1.910
2.010
2.060
2.110
2.060
1.960
1.910
1.860
1.660
1.660
1.610
1.560
1.510
1.510
1.410
1.410
1.360
1.360
1.310
1.260
1.260
1.210
1.160
1.210
1.110
1.110
1.060
1.060
1.010
1.010
1.010
1.040
0.990
0.990
1.040
1.010
1.060
1.110
1.110
1.110
1.160
1.210
1.260
1.310
1.360
1.360
1.410
1.460
1.560
1.610
1.710
1.760
1.860
1.960
2.060
2.210
2.360
2.510
2.660
2.910
3.110
3.360
3.760
4.160
4.660
5.360
6.310
7.610
9.560
21.860
35.810
21.960
21.960
35.810
20.110
14.560
14.610
13.660
10.360
5.010
4.960
5.010
4.710
4.710
5.510
5.510
5.510
5.560
5.560
4.660
5.210
5.010
4.310
3.760
3.910
3.860
3.660
3.510
3.410
2.960
2.910
2.810
2.710
2.660
2.560
2.510
2.460
2.460
2.010
1.940
1.940
1.840
1.790
1.790
1.790
1.690
1.690
1.640
1.640
1.540
1.590
1.540
1.540
1.490
1.490
1.440
1.440
1.440
1.390
1.440
1.490
1.540
1.560
1.560
1.710
1.760
1.810
1.860
2.460
2.560
2.410
2.060
2.360
1.960
2.360
2.360
2.310
2.310
1.860
1.940
1.810
1.660
1.710
1.710
1.810
1.660
1.710
1.610
1.560
1.460
1.460
1.290
1.370
1.360
-18.527 32.466 2.941795
