1 180
0.900
0.870
0.920
0.920
0.920
0.920
0.920
0.920
0.920
0.920
0.940
0.940
0.890
0.940
0.920
0.970
0.970
0.940
1.020
0.970
1.020
0.990
0.970
0.990
0.990
1.040
0.990
1.040
1.040
1.040
1.090
1.040
1.090
1.090
1.090
1.140
1.140
1.190
1.190
1.240
1.190
1.290
1.290
1.290
1.290
1.340
1.390
1.390
1.440
1.440
1.490
1.540
1.540
1.590
1.640
1.690
1.690
1.790
1.840
1.890
1.940
2.090
2.090
2.190
2.260
2.360
2.460
2.610
2.760
2.860
3.010
3.210
3.410
3.660
3.910
4.210
4.610
4.560
4.510
4.910
5.960
6.010
5.960
5.910
5.940
5.940
5.940
5.940
5.940
5.940
5.940
5.910
5.960
5.960
5.960
6.010
6.010
6.010
6.010
6.010
6.110
6.110
6.110
6.160
6.210
6.210
6.260
6.310
6.360
6.360
6.410
6.060
6.060
6.310
6.410
6.710
6.760
6.860
6.910
6.960
7.060
7.110
7.160
7.310
7.410
7.460
7.610
7.660
7.810
7.910
8.060
8.210
8.110
7.910
7.960
8.160
8.260
5.310
4.410
4.290
4.210
2.860
2.560
2.310
2.110
1.940
1.940
1.940
1.890
1.840
1.840
1.840
1.840
1.840
1.790
1.790
1.790
1.770
1.790
1.740
1.740
1.770
1.770
1.770
1.720
1.720
1.720
1.720
1.670
1.720
1.670
1.670
1.720
1.720
1.720
1.670
1.670
1.670
1.720
1.670
-266.626 -4.258 2.343795
