1 180
2.610
2.560
2.560
2.660
2.610
2.590
2.610
2.610
2.610
2.610
2.660
2.610
2.890
2.890
2.890
2.890
2.940
2.940
2.940
2.940
2.940
2.990
3.040
3.040
3.040
3.090
3.140
3.140
3.140
3.190
3.240
3.290
3.290
3.340
3.340
3.360
3.260
3.210
3.160
3.060
2.960
2.960
2.810
2.810
2.760
2.710
2.610
2.610
2.560
2.510
2.510
2.410
2.410
2.460
2.460
2.560
2.610
2.860
2.810
2.810
3.160
3.110
3.210
3.410
3.460
3.810
3.760
3.860
3.960
4.160
4.160
4.060
4.060
4.260
4.460
6.660
6.960
7.360
7.860
3.910
4.060
11.010
11.110
12.410
13.960
16.210
19.010
51.060
29.660
40.310
51.060
39.660
42.110
32.510
51.110
51.060
14.010
11.710
10.060
8.810
7.860
7.060
6.410
5.910
5.410
5.060
4.760
4.460
4.210
3.960
2.360
2.360
2.360
2.360
2.260
2.160
2.110
2.060
2.060
2.110
2.110
2.160
2.160
2.210
2.210
2.210
2.260
2.310
2.310
2.360
2.360
2.410
2.460
2.460
2.540
2.540
2.590
2.640
2.640
2.740
2.810
2.910
2.960
3.010
3.060
3.010
3.060
2.960
2.960
2.910
2.860
2.810
2.810
2.760
2.760
2.710
2.710
2.660
2.660
2.660
2.660
2.610
2.610
2.610
2.510
2.510
2.510
2.510
2.560
2.510
2.460
2.510
2.460
2.460
2.460
2.460
2.410
2.360
2.390
2.390
-536.920 -403.140 -2.204385
