1 180
0.670
0.720
0.670
0.670
0.670
0.720
0.720
0.720
0.720
0.670
0.720
0.720
0.720
0.690
0.690
0.740
0.690
0.770
0.740
0.770
0.740
0.740
0.740
0.740
0.740
0.740
0.740
0.740
0.740
0.790
0.790
0.790
0.840
0.840
0.840
0.840
0.840
0.840
0.840
0.890
0.890
0.940
0.940
0.940
0.940
0.990
0.990
0.990
1.040
1.040
1.090
1.090
1.140
1.140
1.140
1.240
1.240
1.290
1.290
1.340
1.390
1.470
1.490
1.940
2.090
2.140
2.240
2.310
2.390
2.390
2.340
2.290
2.340
2.460
2.610
2.810
3.010
3.260
3.560
3.910
4.310
4.810
8.960
8.960
8.910
8.860
8.860
8.860
51.060
43.860
30.010
44.110
24.460
22.660
18.110
18.110
13.560
13.560
9.910
9.010
9.010
9.010
9.110
5.360
5.010
4.710
4.360
4.310
4.060
3.910
3.710
3.540
3.340
3.260
3.210
2.990
2.810
2.740
2.640
2.540
2.490
2.440
2.390
2.290
2.240
2.190
2.140
2.090
2.040
1.990
1.990
1.890
1.840
1.840
1.790
1.790
1.740
1.690
1.690
1.690
1.640
1.590
1.640
1.540
1.540
1.540
1.490
1.490
1.490
1.490
1.390
1.440
1.440
1.440
1.390
1.390
1.340
1.340
1.340
1.340
1.340
1.340
1.320
1.290
1.320
1.320
1.320
1.320
1.270
1.290
1.320
1.270
1.270
1.270
1.270
1.270
1.270
1.270
1.270
1.270
-286.856 -9.648 2.579795
