1 180
8.660
5.560
5.610
5.610
5.310
4.410
3.760
3.260
2.860
2.560
2.340
2.290
2.340
2.340
2.340
2.390
2.340
2.390
2.390
2.390
2.440
2.440
2.440
2.440
2.540
2.540
2.540
2.590
2.590
2.640
3.060
3.060
3.110
3.110
3.160
3.210
3.260
3.360
3.360
3.410
3.460
3.460
3.560
3.560
3.560
3.410
3.310
3.440
3.490
3.460
3.610
3.660
3.760
3.810
3.910
4.010
4.110
4.260
4.410
4.510
4.660
5.960
5.860
5.860
5.960
5.810
5.810
5.960
6.260
6.510
6.860
7.210
8.610
8.510
2.460
2.390
2.440
2.440
2.460
2.460
2.390
2.390
2.440
2.540
14.710
14.710
14.660
15.810
33.860
33.860
51.060
51.060
20.710
15.010
14.560
11.610
8.860
8.860
7.910
6.060
6.060
5.960
5.910
5.010
4.710
4.360
3.460
3.260
3.290
3.290
3.340
3.160
3.060
2.910
2.810
2.710
2.560
2.510
2.410
2.360
2.290
2.240
2.190
2.140
2.040
1.990
1.940
1.890
1.890
1.840
1.790
1.740
1.690
1.690
1.640
1.640
1.640
1.540
1.540
1.490
1.490
1.440
1.440
1.240
1.190
1.190
1.140
1.140
1.090
1.090
1.090
1.040
1.040
1.090
1.040
1.040
1.070
1.040
0.990
0.990
0.990
0.990
0.990
1.020
0.940
0.990
0.940
0.970
0.970
0.970
0.970
0.970
0.970
0.940
1.110
1.140
1.140
1.140
1.190
1.290
-128.812 3.514 -2.493385
