1 180
0.970
0.970
0.970
0.970
1.020
0.970
0.970
1.020
0.990
0.970
0.990
0.940
0.990
0.990
0.990
0.990
0.990
0.990
1.040
0.990
1.040
1.040
1.040
1.040
1.090
1.090
1.090
1.090
1.090
1.140
1.140
1.140
1.140
1.190
1.190
1.240
1.240
1.240
1.240
1.290
1.290
1.340
1.340
1.390
1.390
1.440
1.490
1.490
1.540
1.540
1.590
1.640
1.690
1.740
1.790
1.840
1.840
1.960
2.060
2.510
2.560
2.760
2.810
2.860
2.960
2.960
3.110
3.060
3.110
3.210
3.360
3.610
3.810
4.110
4.410
4.810
5.260
6.510
6.460
7.210
8.260
9.660
13.960
13.910
51.060
51.060
51.060
51.060
19.910
51.060
51.060
17.910
17.610
14.060
14.060
14.060
14.110
14.160
14.160
9.510
9.160
8.160
7.660
7.210
6.860
6.460
6.110
5.860
5.610
5.310
5.110
4.960
4.760
4.560
4.460
4.310
4.160
4.060
3.910
3.760
3.710
3.610
3.510
3.460
3.360
3.310
3.210
3.110
3.060
3.040
2.990
2.890
2.890
2.840
2.790
2.740
2.690
2.640
2.590
2.590
2.540
2.540
2.490
2.440
2.390
2.340
2.390
2.340
2.290
2.290
2.290
2.290
2.240
2.190
2.190
2.190
2.140
2.140
2.140
2.090
2.140
2.090
2.090
2.090
2.040
2.090
2.040
2.070
2.070
2.040
2.070
2.070
2.070
2.070
2.070
2.020
2.020
2.020
2.070
2.020
-464.680 -118.947 -2.418385
