1 180
7.310
7.410
7.410
7.460
7.410
7.410
7.310
7.360
7.360
7.360
7.410
7.510
7.460
7.510
7.560
7.560
7.660
7.860
7.910
7.960
7.960
8.060
4.960
4.760
4.610
4.460
4.260
4.160
4.010
3.910
3.760
3.660
3.560
3.460
3.360
3.310
3.210
3.140
3.140
3.040
2.990
2.940
2.840
2.790
2.790
2.740
2.640
2.590
2.590
2.540
2.540
2.640
2.640
2.690
2.790
2.890
2.960
3.010
3.110
3.210
3.260
3.410
3.510
3.660
3.810
3.910
4.110
4.310
4.510
4.710
4.910
5.210
5.560
5.810
51.060
7.010
7.210
7.760
8.460
9.310
10.310
11.560
11.810
11.810
18.460
25.360
25.460
51.060
51.110
27.210
51.060
25.460
25.410
18.160
14.860
12.710
11.060
9.760
8.660
7.910
7.360
7.060
7.110
5.760
5.410
5.110
4.810
4.510
4.310
4.110
3.960
3.810
3.610
3.460
3.310
3.210
3.110
2.960
2.910
2.810
2.710
2.660
2.590
2.540
2.490
2.440
2.390
2.290
2.290
2.190
2.190
2.090
2.040
2.040
1.990
1.990
1.940
1.890
1.840
1.840
1.790
1.790
1.790
1.740
1.740
1.690
1.690
1.640
1.640
1.640
1.640
1.590
1.540
1.540
1.540
1.540
1.540
1.540
1.490
1.490
1.490
1.440
1.440
1.520
1.470
1.470
1.470
1.470
1.470
1.470
1.420
1.420
1.420
1.420
1.420
1.420
1.420
1.420
1.420
1.420
-525.637 -382.652 -1.994385
