1 180
1.330
1.330
1.330
1.330
1.330
1.330
1.330
1.280
1.280
1.380
1.330
1.380
1.330
1.380
1.330
1.380
1.380
1.380
1.380
1.380
1.430
1.430
1.380
1.430
1.380
1.430
1.430
1.430
1.480
1.480
1.480
1.480
1.530
1.530
1.580
1.580
1.580
1.630
1.630
1.600
1.630
1.680
1.730
1.700
1.750
5.270
4.920
4.820
4.720
4.620
4.620
4.670
4.870
4.870
5.020
5.120
5.270
5.370
5.520
5.670
5.720
5.670
5.620
5.570
5.520
5.420
5.370
5.370
5.270
5.220
5.220
5.120
5.170
5.120
5.070
5.070
4.070
3.770
3.670
3.720
6.070
6.620
7.170
7.920
8.770
9.870
11.320
16.170
16.120
21.870
21.820
21.770
34.070
34.320
34.020
24.220
51.120
11.420
11.120
9.420
8.220
7.670
6.570
5.970
5.470
5.020
4.970
4.970
4.970
5.020
5.070
5.070
5.520
5.570
5.570
5.670
5.670
5.770
5.770
5.870
5.870
5.920
5.970
6.070
6.120
6.120
6.220
6.170
6.020
5.920
6.620
6.670
6.770
2.370
2.320
1.550
1.600
1.500
1.500
1.500
1.450
1.400
1.400
1.400
1.400
1.350
1.350
1.300
1.300
1.300
1.250
1.250
1.200
1.250
1.250
1.150
1.200
1.200
1.150
1.150
1.150
1.180
1.150
1.180
1.130
1.130
1.080
1.130
1.130
1.130
1.130
1.080
1.080
1.080
1.080
1.080
1.080
1.080
1.080
1.080
-551.655 -255.269 -1.568385
