1 180
0.940
0.940
0.940
0.940
0.940
0.890
0.890
0.890
0.840
0.890
0.840
0.840
0.840
0.840
0.890
0.840
0.840
0.840
0.840
0.840
0.790
0.840
0.820
0.870
0.820
0.820
0.870
0.870
0.870
0.870
0.820
0.820
0.820
0.870
0.870
0.870
0.870
0.820
0.870
0.820
0.820
0.870
0.870
0.820
0.840
0.870
0.870
0.840
0.840
0.840
0.840
0.890
0.890
0.890
0.890
0.890
0.940
0.890
0.890
0.940
0.940
0.940
0.940
0.990
0.990
0.990
1.040
1.040
1.040
1.090
1.090
1.090
1.140
1.090
1.140
1.140
1.190
1.240
1.190
1.240
1.290
1.290
1.290
1.390
1.390
1.440
1.490
1.490
1.540
1.590
1.640
1.690
1.790
1.940
1.990
2.090
2.140
2.210
2.310
2.410
2.560
2.610
2.810
2.910
3.110
3.310
3.510
3.810
4.060
4.410
4.860
5.260
5.860
6.610
7.560
8.860
10.610
13.210
51.110
25.710
10.760
10.560
51.060
51.060
23.010
18.260
14.760
12.610
11.110
9.860
8.860
7.960
7.360
6.710
6.310
6.110
5.910
5.510
4.960
4.760
4.760
4.810
4.810
4.910
4.910
4.960
5.010
4.910
4.710
4.560
4.410
4.310
4.160
4.060
3.960
3.810
3.710
3.660
3.560
3.460
3.410
3.310
3.240
3.240
2.090
2.090
2.090
2.040
1.990
1.940
1.940
1.840
1.890
1.790
1.840
1.790
1.740
1.740
1.740
1.740
-390.594 -107.149 -0.899385
