1 180
1.720
1.720
1.720
1.770
1.720
1.720
1.770
1.720
1.720
1.720
1.770
1.770
1.770
1.720
1.770
1.770
1.740
1.770
1.770
1.820
1.770
1.820
1.790
1.820
1.820
1.870
1.870
1.870
1.870
1.920
1.890
1.890
1.940
1.970
1.970
1.990
1.990
2.040
2.040
2.040
2.090
2.090
2.140
2.140
2.190
2.240
2.240
2.290
2.290
2.390
2.440
2.440
2.540
2.540
2.640
2.690
2.740
2.790
2.790
2.890
2.940
3.040
3.110
3.190
3.260
3.360
3.460
3.560
3.660
3.860
3.960
4.110
4.260
4.460
4.660
4.810
5.060
5.360
5.660
5.960
6.360
6.760
7.210
7.660
8.360
9.060
11.160
11.210
12.360
14.060
16.360
19.560
22.510
51.060
51.060
32.010
51.060
51.060
22.460
20.610
13.610
11.010
9.510
7.960
7.210
6.210
5.660
5.210
4.760
4.410
4.160
3.860
3.660
3.460
3.260
3.060
2.910
2.810
2.660
2.560
2.410
2.410
2.260
2.210
2.140
2.060
2.010
2.010
2.010
2.010
1.960
1.960
1.910
1.860
1.810
1.860
1.760
1.710
1.660
1.660
1.610
1.610
1.560
1.560
1.510
1.510
1.460
1.460
1.410
1.410
1.410
1.410
1.410
1.360
1.360
1.160
1.210
1.160
1.160
1.160
1.090
1.090
1.040
1.090
1.040
1.040
1.040
1.040
1.040
1.040
1.020
0.990
1.020
1.070
1.020
1.020
0.990
1.020
1.020
1.020
-515.907 -336.958 -1.572385
