1 180
0.63
0.62
0.62
0.62
0.62
0.62
0.62
0.62
0.62
0.62
0.62
0.63
0.62
0.62
0.62
0.62
0.62
0.62
0.62
0.62
0.62
0.63
0.63
0.63
0.63
0.63
0.64
0.64
0.64
0.65
0.65
0.65
0.66
0.67
0.67
0.68
0.68
0.69
0.70
0.70
0.70
0.70
0.72
0.72
0.73
0.74
0.75
0.76
0.78
0.79
0.79
0.80
0.82
0.84
0.85
0.86
0.88
0.89
0.92
0.94
0.95
0.97
0.97
0.95
0.94
0.94
0.91
0.90
0.89
0.87
0.87
0.86
0.85
0.84
0.84
0.83
0.82
0.81
0.80
0.80
0.79
0.79
0.79
0.78
0.78
0.77
0.76
0.76
0.75
0.75
0.74
0.74
0.74
0.73
0.74
0.74
0.74
0.73
0.73
0.73
0.73
0.73
0.73
0.73
0.73
0.73
0.74
0.74
0.74
0.74
0.74
0.74
0.74
0.75
0.75
0.75
0.76
0.77
0.77
0.78
0.78
0.79
0.79
0.80
0.80
0.81
0.82
0.83
0.84
0.85
0.86
0.86
0.87
0.88
0.89
0.90
0.91
0.94
0.94
0.94
0.96
0.98
1.00
1.02
1.03
1.04
1.07
1.09
1.11
1.13
1.14
1.17
1.20
1.22
1.25
1.28
1.31
1.34
1.37
1.41
1.45
1.50
1.55
1.60
1.65
1.71
1.76
1.83
1.89
1.96
2.06
2.16
2.26
2.33
2.26
2.29
2.27
1.83
1.84
2.24
1.915000 -2.126000 2.919124
