1 180
1.50
1.46
1.41
1.39
1.40
1.40
1.39
1.40
1.41
1.42
1.45
1.47
1.49
1.50
1.52
1.55
1.56
1.58
1.62
1.64
1.66
1.69
1.72
1.76
1.79
1.83
1.87
1.92
1.96
2.00
2.05
2.10
2.16
2.22
2.28
2.35
2.43
2.53
4.28
4.44
4.68
4.91
5.20
7.05
6.93
6.83
6.73
6.64
6.54
6.45
6.37
6.28
6.20
6.14
6.08
6.01
5.95
5.93
5.83
5.78
5.73
5.67
5.64
5.59
5.55
5.50
5.47
5.43
5.40
5.38
5.34
5.32
5.29
5.26
5.24
5.22
5.19
5.17
5.16
5.15
5.14
5.63
6.04
6.29
8.76
8.69
8.63
8.28
9.58
9.68
9.66
8.93
8.94
5.04
4.36
3.89
3.46
3.14
2.89
2.76
2.80
2.82
2.84
2.85
3.03
3.11
3.13
3.13
3.14
1.63
1.55
1.48
1.42
1.38
1.33
1.28
1.23
1.20
1.15
1.13
1.09
1.06
1.03
1.00
0.97
0.96
0.94
0.92
0.90
0.88
0.88
0.86
0.83
0.82
0.82
0.80
0.78
0.78
0.77
0.75
0.74
0.75
0.74
0.73
0.73
0.72
0.72
0.71
0.70
0.67
0.67
0.67
0.66
0.65
0.66
0.66
0.66
0.65
0.64
0.64
0.64
0.63
0.64
0.63
0.63
0.62
0.62
0.62
0.62
0.62
0.62
0.62
0.62
0.61
0.62
0.61
0.62
0.61
0.62
0.62
1.528000 5.938000 1.769911
