1 180
3.34
3.29
3.25
3.19
3.15
3.11
3.06
3.03
2.99
2.95
2.92
2.90
2.87
2.84
2.81
2.79
2.75
2.74
2.71
2.69
2.66
2.65
2.64
2.62
2.61
2.60
2.58
2.56
2.55
2.54
2.53
2.52
2.52
2.51
2.51
2.49
2.48
2.48
2.48
2.47
2.46
2.48
2.47
2.47
2.47
2.46
2.47
2.48
2.55
2.78
3.03
3.34
3.78
4.41
81.83
81.83
14.22
10.23
10.18
8.91
8.38
7.96
7.56
7.20
6.89
6.59
6.32
6.07
5.84
5.63
5.46
5.27
5.11
4.89
4.91
4.95
7.77
7.86
7.96
8.06
4.09
4.04
3.95
3.90
3.96
4.02
4.08
4.16
4.23
4.31
4.39
4.48
4.57
4.66
4.76
4.86
4.97
5.08
5.21
5.34
5.47
5.61
5.78
5.95
6.12
6.33
6.54
6.49
6.43
3.37
3.35
3.32
3.30
3.28
2.24
2.18
2.21
2.20
2.18
2.18
2.15
3.22
3.45
3.43
3.42
3.39
3.38
3.36
3.36
3.39
3.38
3.36
3.37
3.38
3.38
5.77
5.77
5.79
5.79
4.65
4.72
4.60
5.84
5.87
5.89
5.79
5.27
5.29
5.30
5.33
5.98
5.70
5.44
5.46
5.48
5.52
6.26
6.31
6.36
6.41
6.46
6.53
6.58
6.65
5.03
6.79
6.86
6.94
2.76
2.74
2.69
2.63
2.58
2.54
2.50
2.32
2.16
2.11
2.08
2.04
-2.124000 -3.791000 1.579400
