1 180
6.18
6.18
6.19
6.21
6.22
6.24
6.25
6.30
81.83
81.83
81.83
81.83
81.83
81.83
81.83
2.48
3.10
2.88
2.36
3.63
3.65
3.86
3.86
2.91
3.42
3.38
3.33
2.41
3.24
3.21
3.18
3.20
3.27
3.36
3.47
3.59
3.69
3.90
3.87
3.84
3.81
3.11
3.48
3.60
3.37
1.23
1.21
1.19
3.22
2.87
2.86
2.85
2.85
2.85
2.80
2.78
2.77
1.06
1.05
1.06
3.44
3.39
3.41
3.42
3.42
3.41
2.39
3.37
3.41
3.41
3.41
3.41
2.48
0.70
0.69
0.68
0.68
0.68
0.68
0.67
0.67
0.67
0.67
0.67
0.67
0.67
0.67
0.67
0.67
0.67
0.67
0.67
0.67
0.67
0.65
0.66
0.66
0.66
0.83
0.84
0.84
3.81
3.67
3.53
3.40
3.30
3.18
3.16
3.19
3.22
3.25
3.29
3.33
3.36
3.40
3.44
3.49
3.54
3.59
3.64
3.71
3.77
3.83
3.89
3.97
4.04
4.12
4.21
4.29
4.38
4.49
5.24
4.96
5.06
4.98
4.91
4.84
4.78
1.36
1.32
1.28
1.26
1.27
1.25
1.24
1.26
1.34
1.38
1.41
1.46
1.30
1.24
1.24
1.27
1.33
1.39
1.45
1.52
1.60
1.68
1.77
1.89
2.02
2.84
3.04
3.30
3.59
3.95
4.44
5.06
5.78
6.77
8.19
9.19
13.09
13.08
12.83
13.09
4.51
3.36
-42.857002 -12.532000 -2.706489
