1 180
1.34
1.33
1.33
1.34
1.34
1.33
1.33
1.35
4.22
4.27
4.33
4.36
4.42
4.38
4.53
4.59
4.67
1.75
1.72
4.88
4.97
4.87
4.81
1.11
1.10
1.10
1.12
4.03
4.03
4.03
4.04
3.59
3.44
3.40
3.37
3.33
3.22
3.19
3.15
3.13
3.15
3.25
3.38
3.52
3.68
3.84
4.03
4.25
4.47
6.13
6.12
6.08
6.06
6.04
6.02
6.00
5.99
5.98
5.97
5.96
5.94
3.48
3.46
3.44
3.42
3.41
3.52
3.74
4.03
4.35
4.73
5.25
6.16
17.59
17.63
81.83
81.83
13.72
12.66
11.89
11.94
10.32
9.76
9.19
8.75
8.33
7.94
7.61
7.30
6.98
6.74
6.49
6.27
6.27
6.34
9.20
9.07
8.82
8.64
8.69
8.78
8.89
9.00
9.00
9.09
10.36
10.54
9.17
10.65
10.44
10.27
10.10
9.96
3.37
81.83
81.83
81.83
81.83
81.83
81.83
81.83
81.83
81.83
81.83
81.83
81.83
81.83
81.83
81.83
81.83
81.83
81.83
81.83
1.55
1.58
81.83
81.83
1.63
81.83
81.83
1.89
81.83
81.83
81.83
81.83
81.83
81.83
81.83
81.83
81.83
81.83
81.83
81.83
81.83
81.83
81.83
81.83
81.83
81.83
81.83
81.83
81.83
81.83
1.14
81.83
6.51
1.28
81.83
81.83
5.08
5.99
5.98
81.83
4.41
4.08
6.66
3.95
6.56
5.20
6.46
2.605000 -1.059000 0.999262
