1 180
10.82
6.87
6.84
1.48
1.46
1.47
3.87
3.82
3.59
3.59
3.60
3.60
3.61
3.57
3.54
3.56
3.66
1.27
1.26
1.00
0.95
0.97
1.00
8.71
8.64
8.57
8.49
5.84
8.62
8.59
8.51
8.50
0.49
0.49
0.47
0.46
0.49
3.15
3.14
3.14
3.11
3.11
3.10
3.09
3.07
3.05
3.04
2.88
2.96
3.01
3.01
3.00
3.01
3.00
3.00
2.99
2.99
2.99
2.98
2.99
2.98
2.99
2.98
2.99
3.01
3.01
3.02
3.03
3.05
3.07
3.07
3.08
3.10
3.09
3.11
3.13
3.14
3.15
3.17
3.19
3.20
3.22
3.23
3.25
3.28
3.29
3.33
3.35
3.37
3.41
3.43
5.35
5.72
3.96
3.96
3.97
3.97
3.97
4.27
4.27
4.28
4.29
4.39
4.37
4.39
4.68
4.44
4.43
7.52
6.72
6.58
6.45
6.31
6.29
6.39
6.49
7.89
7.95
7.96
7.45
7.35
7.33
7.43
7.44
7.52
7.63
8.48
7.72
7.72
7.34
7.25
8.70
8.84
8.01
7.96
7.97
4.70
4.67
4.61
4.55
4.35
4.29
4.24
4.26
4.35
1.12
1.11
1.09
1.08
1.06
1.04
1.03
1.02
1.00
1.01
1.04
1.08
1.12
1.17
1.21
1.26
1.31
1.35
1.42
1.48
1.56
1.62
1.72
1.74
1.73
1.72
1.71
1.71
1.70
1.69
1.69
1.69
1.68
1.67
1.67
4.057000 -3.223000 -1.993609
