1 180
1.17
1.17
1.16
1.16
1.15
1.14
1.12
1.12
1.12
1.11
1.11
1.10
1.09
1.08
1.08
1.08
1.07
1.07
1.06
1.06
1.06
1.06
1.06
1.05
1.05
1.05
1.06
1.05
1.05
1.05
1.06
1.05
1.05
1.06
1.06
1.06
1.06
1.07
1.08
1.08
0.99
0.91
0.86
0.81
0.75
0.72
0.68
0.65
0.62
0.60
0.58
0.56
0.54
0.51
0.50
0.49
0.48
0.46
0.46
0.47
0.48
0.48
0.48
0.48
0.47
0.47
0.47
0.48
0.49
0.50
0.51
0.52
0.52
0.53
0.53
0.54
0.56
0.57
0.58
0.59
0.61
0.62
0.63
0.63
0.65
0.67
0.69
0.71
0.74
0.76
0.78
0.82
0.84
0.87
0.92
0.97
1.00
1.05
1.12
1.17
1.23
1.31
1.39
1.50
1.59
1.71
1.84
6.05
6.03
6.15
6.97
7.95
8.74
8.72
8.72
8.72
8.70
8.72
8.81
8.82
8.82
8.82
7.23
6.12
5.34
4.82
4.79
4.78
4.78
4.76
4.74
4.74
4.73
4.72
4.73
4.73
4.72
4.73
4.74
4.75
4.76
4.78
4.79
2.69
2.59
2.53
2.44
2.36
2.31
2.24
2.18
2.13
2.07
2.02
1.97
1.93
1.89
1.85
1.82
1.78
1.74
1.71
1.68
1.65
1.63
1.60
1.57
1.56
1.53
1.52
1.50
1.48
1.46
1.44
1.42
1.40
1.39
1.37
1.36
1.35
11.810000 -2.437000 1.509341
