1 180
1.52
1.53
1.54
1.55
1.57
1.59
1.60
1.61
1.62
1.64
1.65
1.66
1.68
1.70
1.72
1.74
1.76
1.78
1.81
1.83
1.63
1.48
1.92
1.96
1.98
2.02
2.06
2.10
2.15
2.20
2.23
2.29
2.35
2.41
2.37
1.80
2.26
2.24
2.22
2.20
2.18
2.17
2.15
2.14
2.13
2.12
2.11
2.10
2.09
2.08
2.09
2.13
2.20
2.41
2.69
3.03
3.45
7.50
7.43
7.37
7.32
7.26
7.25
7.16
7.12
7.07
7.03
6.99
6.95
6.93
6.89
6.87
6.85
6.83
6.80
6.77
6.76
6.74
6.72
6.72
6.71
6.72
7.61
7.83
10.24
10.24
9.86
11.26
11.25
10.52
10.50
6.33
5.59
4.96
4.48
4.35
4.38
4.41
4.45
3.20
2.99
2.81
2.65
2.54
2.42
2.31
2.21
2.12
2.02
1.95
1.87
1.81
1.73
1.69
1.64
1.59
1.54
1.50
1.46
1.42
1.38
1.36
1.32
1.29
1.25
1.24
1.21
1.18
1.17
1.14
1.13
1.12
1.09
1.09
1.08
1.07
1.07
1.06
1.01
0.99
0.98
0.98
0.98
0.96
0.95
0.93
0.93
0.93
0.92
0.91
0.91
0.90
0.89
0.88
0.88
0.87
0.86
0.86
0.86
0.85
0.85
0.86
0.85
0.85
0.84
0.84
0.83
0.83
0.83
0.84
0.83
0.83
0.83
0.83
0.83
0.83
0.83
0.83
0.83
0.83
2.090000 4.419000 1.905113
