1 180
0.28
0.28
0.28
0.28
0.28
0.28
0.28
0.28
0.29
0.28
0.28
0.28
0.28
0.28
0.28
0.28
0.28
0.28
0.28
0.28
0.29
0.29
0.28
0.28
0.29
0.29
0.29
0.30
0.30
0.31
0.31
0.31
0.31
0.32
0.33
0.33
0.33
0.33
0.34
0.34
0.36
0.36
0.36
0.37
0.37
0.37
0.38
0.38
0.39
0.40
0.41
0.41
0.42
0.42
0.43
0.44
0.45
0.45
0.47
0.48
0.49
0.50
0.51
0.52
0.54
0.55
0.55
0.57
0.59
0.61
0.63
0.65
0.67
0.70
0.72
0.75
0.79
0.82
0.87
0.91
0.96
1.01
1.08
1.14
1.22
1.31
1.42
1.54
1.70
1.89
2.13
2.46
2.87
3.47
4.35
4.52
4.72
8.44
8.44
8.44
8.24
8.45
8.46
8.46
8.47
4.10
3.85
3.89
2.86
2.65
2.59
2.63
2.26
2.25
2.17
2.19
2.20
2.06
1.97
1.75
1.37
1.35
1.36
1.37
1.29
1.24
1.22
1.19
1.15
1.12
1.09
0.99
0.92
0.90
0.88
0.85
0.85
0.86
0.88
0.89
0.91
0.91
0.90
0.84
0.87
0.85
0.85
0.83
0.81
0.80
0.79
0.73
0.72
0.71
0.70
0.69
0.68
0.67
0.66
0.66
0.65
0.65
0.63
0.63
0.62
0.62
0.61
0.61
0.60
0.60
0.59
0.59
0.59
0.59
0.59
0.59
0.58
0.58
0.58
0.57
-43.892002 -17.921999 -2.055064
