1 180
1.44
1.44
1.43
1.43
1.43
1.43
1.43
1.44
1.45
1.46
1.47
1.48
1.48
1.49
1.49
1.51
1.51
1.52
1.52
5.01
5.13
5.22
5.08
5.01
1.95
1.93
5.02
4.70
4.26
81.83
4.23
4.33
4.19
1.39
1.35
1.38
3.63
3.52
3.48
3.46
3.45
3.46
3.61
3.80
4.01
4.23
4.47
4.75
6.49
6.46
6.43
6.40
6.39
6.37
6.36
6.34
6.33
6.32
6.32
6.32
3.85
3.83
3.81
3.79
3.86
4.13
4.43
4.85
5.32
6.10
17.98
18.02
18.14
81.83
14.77
13.07
12.28
12.31
10.63
10.03
9.47
9.01
8.56
8.17
7.84
7.49
7.21
6.93
6.69
6.66
6.71
9.55
9.65
9.21
9.00
9.06
9.16
9.24
9.43
9.35
9.50
10.72
10.87
11.04
10.98
10.75
10.57
3.63
81.83
81.83
81.83
81.83
81.83
81.83
2.85
81.83
81.83
81.83
81.83
81.83
1.79
1.93
81.83
1.91
1.87
81.83
81.83
81.83
1.96
81.83
81.83
81.83
81.83
81.83
81.83
81.83
81.83
81.83
81.83
81.83
81.83
1.22
81.83
81.83
81.83
1.25
7.48
3.89
3.92
3.39
7.41
7.41
7.40
5.79
3.75
3.47
7.42
6.68
6.35
3.94
4.62
5.09
6.11
6.03
5.96
81.83
4.07
3.92
4.73
6.61
4.73
6.49
3.42
6.38
3.78
6.29
3.99
3.75
6.16
6.12
0.837000 1.862000 0.286381
