1 180
3.65
3.65
3.65
3.65
3.65
3.65
3.65
3.66
2.08
2.03
2.05
2.06
2.05
2.06
2.06
2.07
2.08
2.08
2.09
2.10
2.11
2.12
2.14
2.15
2.17
2.19
2.20
2.22
2.23
2.25
2.28
2.30
2.32
2.34
2.36
2.39
2.41
2.44
2.48
2.51
2.53
2.57
2.60
2.63
2.67
2.71
2.76
2.80
2.86
2.90
2.96
3.02
3.08
3.13
1.51
3.28
3.35
3.43
3.51
3.61
3.70
3.80
3.92
4.03
4.15
4.29
1.41
1.38
0.90
0.87
1.33
1.30
1.29
1.27
1.25
1.25
1.24
1.22
1.21
1.21
1.22
1.22
1.22
1.22
1.22
1.22
1.23
1.21
1.21
1.25
1.27
3.78
3.81
5.78
6.09
6.10
6.11
3.91
2.21
2.33
1.68
5.50
6.17
5.80
5.76
5.41
5.43
1.18
4.71
4.39
4.13
3.89
3.69
3.51
3.34
3.20
3.07
2.95
2.84
2.74
2.65
2.57
2.48
2.42
2.34
2.28
2.21
2.15
2.10
2.05
2.01
1.96
1.92
1.87
1.84
1.80
1.77
1.74
1.71
1.68
1.64
1.62
1.60
1.57
1.55
1.53
1.50
1.48
1.46
1.45
1.44
1.43
1.41
1.39
1.38
1.37
1.35
1.34
1.33
1.31
1.31
1.30
1.29
1.27
1.27
1.26
1.25
1.24
1.23
1.23
1.23
1.23
1.23
1.22
1.22
1.22
1.21
1.21
1.20
1.20
2.799000 0.276000 1.036136
