1 180
1.54
1.53
1.53
1.53
1.54
1.54
1.53
1.54
1.53
1.53
1.53
1.53
1.54
1.55
1.56
1.56
1.57
1.58
1.58
1.59
1.60
1.61
1.62
1.62
1.63
1.65
1.66
1.66
1.68
1.70
1.71
1.73
1.73
1.75
1.78
1.79
1.81
1.84
1.86
1.89
1.90
1.94
1.96
1.99
2.02
2.05
2.09
2.13
2.17
2.22
2.25
2.30
2.36
2.40
2.46
2.52
2.59
2.66
2.73
2.81
2.89
2.99
3.09
3.20
3.32
3.46
3.61
3.79
4.02
4.26
4.57
4.96
5.42
6.12
14.95
14.91
14.89
12.25
12.23
12.21
12.20
12.19
12.19
12.19
12.19
12.19
12.21
9.76
7.93
6.66
6.32
5.12
4.57
4.15
3.78
3.48
3.22
3.00
2.82
2.65
2.50
2.36
2.25
2.12
2.03
1.95
1.87
1.80
1.73
1.70
1.61
1.55
1.50
1.45
1.41
1.37
1.33
1.29
1.26
1.24
1.20
1.16
1.14
1.11
1.10
1.07
1.04
1.02
1.01
1.00
0.98
0.96
0.94
0.93
0.92
0.92
0.91
0.90
0.90
0.88
0.87
0.86
0.85
0.84
0.84
0.83
0.83
0.82
0.82
0.81
0.80
0.79
0.83
0.90
0.94
1.00
1.05
5.34
5.32
5.29
5.27
5.25
5.23
5.23
4.51
4.48
4.49
4.44
4.44
5.17
5.26
5.25
5.25
5.23
3.80
5.26
5.26
5.26
5.20
5.21
4.217000 -10.488001 -2.761799
