1 180
5.32
5.50
5.51
5.51
5.53
5.54
5.53
5.61
7.81
7.83
7.86
7.89
7.92
7.97
7.99
8.04
8.08
7.74
7.39
7.06
6.73
6.45
6.22
5.98
5.77
5.58
5.39
5.23
5.07
5.06
5.10
5.17
5.19
9.41
9.53
9.65
4.04
3.96
3.88
3.81
3.81
4.25
4.31
4.39
4.46
1.80
1.74
1.69
1.65
1.60
1.55
1.53
1.49
1.45
1.42
1.39
1.37
1.34
1.31
1.28
1.27
1.25
1.22
1.20
1.18
1.17
1.14
1.14
1.13
1.11
1.09
1.07
1.06
1.05
1.04
1.02
1.02
1.01
1.00
1.00
0.99
0.98
0.97
0.96
0.96
0.95
0.95
0.94
0.93
0.92
0.92
0.91
0.91
0.90
0.91
0.91
0.90
0.90
0.90
0.90
0.91
0.91
0.91
0.90
0.90
0.90
0.90
0.90
0.90
0.90
0.90
0.90
0.90
0.90
0.91
0.91
0.92
0.93
0.94
0.94
0.95
0.95
0.95
0.96
0.98
0.98
0.98
0.99
1.01
1.01
1.02
1.03
1.04
1.06
1.07
1.09
1.10
1.12
1.14
1.14
1.16
1.17
1.19
1.21
1.23
1.25
1.27
1.29
1.32
1.35
1.38
1.39
1.43
1.46
1.50
1.53
1.56
1.61
1.65
1.70
1.75
1.80
1.87
1.94
2.02
2.09
2.17
2.26
2.37
2.50
2.65
2.84
3.02
3.26
3.59
4.01
4.59
6.12
16.16
16.17
9.520000 0.624000 1.454031
