1 180
1.37
1.32
1.27
1.19
1.19
1.22
1.24
1.25
1.25
1.26
1.29
1.29
1.32
1.33
1.33
1.36
1.38
1.40
1.67
2.43
2.49
2.50
2.55
2.60
2.66
2.70
2.76
2.82
2.89
2.41
2.41
2.39
2.39
2.37
2.37
2.60
3.40
3.36
3.32
3.29
2.05
2.02
1.97
1.95
1.97
1.91
1.86
1.83
1.74
1.73
1.78
1.73
1.72
2.99
2.99
2.99
2.96
2.95
2.95
2.94
2.93
2.93
2.93
2.92
2.92
2.92
2.91
2.30
2.29
2.28
2.28
2.29
2.30
2.29
2.28
2.28
2.30
2.51
2.96
2.93
2.62
2.35
2.37
2.38
2.39
2.40
2.42
2.42
2.44
2.46
3.15
3.17
3.19
3.23
3.24
3.29
3.30
3.34
3.37
3.41
3.44
3.49
3.53
3.58
3.62
3.67
3.73
3.78
3.85
3.91
3.97
2.07
2.01
3.82
3.76
3.70
3.58
3.59
3.53
3.48
3.43
3.39
3.35
3.30
3.26
3.23
3.20
2.32
2.30
2.27
2.26
2.25
2.22
2.20
2.18
2.17
2.12
2.14
2.12
2.11
2.09
2.09
2.08
2.07
2.05
2.05
2.04
2.00
2.18
1.99
1.96
1.96
1.96
1.96
1.99
2.03
2.73
2.73
2.74
2.73
2.74
2.73
2.75
2.75
2.76
2.77
2.78
2.77
2.78
2.79
2.80
2.81
2.83
2.82
2.86
2.87
1.70
1.66
2.93
2.94
13.521000 3.006000 -0.008604
