1 180
3.03
3.04
3.11
3.57
3.57
3.49
2.90
2.91
3.04
3.04
3.06
3.08
3.09
3.10
3.12
3.14
3.15
3.06
3.78
3.81
3.84
3.87
3.90
3.93
3.97
4.00
4.03
1.22
1.19
1.19
1.16
1.17
1.18
1.22
1.23
1.25
1.27
1.28
1.30
1.32
1.34
1.37
1.39
1.41
1.39
1.36
1.34
1.32
1.31
1.29
1.27
1.25
1.23
1.23
1.21
1.20
1.19
1.14
1.14
1.15
1.17
1.18
1.25
1.45
1.44
1.43
1.43
1.42
1.41
1.40
1.40
1.40
1.39
1.39
1.44
1.57
1.73
1.89
2.68
2.68
2.68
3.12
4.43
4.42
5.73
21.08
19.92
16.53
16.52
8.29
8.13
6.58
5.44
4.56
3.95
3.45
3.08
2.76
2.52
2.32
2.15
2.02
1.88
1.77
1.68
1.57
1.12
1.07
1.00
0.99
0.99
0.99
0.99
0.99
1.00
1.00
1.00
1.00
1.00
1.00
0.99
0.99
1.00
1.00
1.01
1.01
1.02
1.02
1.03
1.04
1.05
1.05
1.06
1.06
1.07
1.08
1.09
1.10
1.11
1.12
1.13
1.13
1.15
1.16
1.17
1.17
1.19
1.20
1.22
1.24
1.25
1.27
1.30
2.79
2.91
3.03
3.18
3.18
3.17
3.22
3.40
3.44
3.53
3.55
3.52
3.49
3.45
3.42
3.40
3.38
3.35
3.34
3.31
3.05
3.15
3.25
3.24
3.22
3.21
3.19
-51.049999 -21.196001 -0.967306
