1 180
4.07
4.06
4.05
4.04
4.03
4.02
4.01
0.83
0.77
0.77
0.77
0.66
0.61
0.59
0.60
0.59
0.59
0.62
0.62
0.62
0.62
0.62
0.61
0.62
0.62
0.62
0.62
0.63
0.63
0.63
0.64
0.64
0.65
0.65
0.66
0.66
0.66
0.66
0.69
4.46
4.50
4.54
4.59
4.63
4.68
4.73
4.01
4.84
4.90
4.50
5.02
4.92
4.81
3.52
4.70
2.75
2.70
2.65
2.61
2.36
2.33
2.28
2.25
2.18
2.19
2.25
2.30
2.36
2.42
2.48
2.54
2.62
2.69
2.79
2.89
2.98
3.09
3.20
3.33
3.46
3.60
3.78
3.97
4.15
4.38
4.62
4.89
5.20
5.53
5.95
8.07
8.01
8.00
8.51
9.52
13.69
13.72
14.56
13.14
13.14
10.01
10.00
10.00
10.00
7.20
7.24
7.27
7.31
7.35
6.93
6.88
6.19
4.88
4.42
4.06
3.76
3.49
3.25
3.07
2.90
2.75
2.60
2.49
2.37
1.47
1.45
1.45
1.46
1.48
1.50
1.51
1.52
1.54
1.56
1.58
1.59
1.54
1.13
1.46
1.43
1.41
1.38
1.35
1.31
1.29
1.26
1.24
1.21
1.19
1.18
1.16
1.15
1.13
1.12
1.09
1.08
1.07
1.06
1.04
1.04
1.03
1.01
1.00
1.00
0.99
0.97
0.97
0.96
0.95
0.94
0.93
0.93
0.92
0.91
0.91
0.90
0.90
0.90
0.89
0.89
-21.576000 16.799000 3.109636
