1 180
1.10
1.07
1.04
1.09
1.12
1.13
1.16
1.18
1.21
1.22
1.25
1.28
1.31
1.34
1.38
1.38
1.34
1.40
1.44
1.49
1.52
1.56
6.12
6.32
6.56
6.81
7.03
7.32
7.65
8.97
8.83
8.81
9.25
9.76
10.34
11.04
11.78
12.67
16.79
16.72
16.76
81.83
3.55
2.96
2.97
2.97
2.99
2.99
3.01
3.61
3.61
3.61
3.59
3.59
3.72
3.72
3.73
3.74
3.75
3.76
3.77
3.79
3.80
3.81
3.83
3.84
3.86
3.88
3.89
3.92
3.95
3.97
4.00
4.03
4.06
4.09
4.13
4.17
4.20
4.21
4.16
4.18
4.25
4.30
4.35
4.41
4.46
4.50
1.72
1.68
1.64
1.62
1.60
1.53
1.58
1.58
1.54
1.52
1.51
1.46
1.45
1.42
1.41
1.40
1.38
1.35
1.34
1.32
1.30
1.29
1.25
1.29
1.34
1.39
1.41
1.42
1.46
1.51
3.42
3.39
3.36
3.35
3.33
3.32
3.30
3.28
3.27
3.25
3.24
3.23
3.23
2.81
2.92
3.19
2.31
2.26
2.38
2.36
2.34
2.22
3.14
3.16
3.17
3.18
2.48
3.19
3.19
3.19
3.20
3.20
3.22
3.23
3.24
3.24
3.16
2.95
2.76
2.55
2.57
2.59
2.60
2.63
2.64
2.66
2.67
2.67
2.72
2.69
2.61
2.53
2.46
2.38
2.32
2.26
2.20
2.14
2.09
2.04
1.99
1.95
4.181000 -9.469000 1.189774
