1 180
6.95
6.54
6.44
4.34
4.28
4.25
4.20
4.15
4.12
4.08
3.82
3.78
3.75
3.70
3.80
3.93
3.93
3.90
3.87
3.84
3.80
3.78
3.75
3.73
3.72
3.75
3.92
4.17
4.44
4.78
5.21
5.85
5.83
5.81
5.79
5.77
5.77
5.76
5.76
5.75
5.75
5.74
5.74
5.74
5.74
5.74
5.75
5.76
5.76
5.41
4.77
4.09
3.69
3.35
3.08
2.83
2.62
2.46
2.47
2.48
2.48
2.49
2.51
2.51
2.73
6.21
6.26
6.30
1.29
1.25
1.21
1.17
1.13
1.11
1.07
1.04
1.02
1.03
1.42
1.44
1.46
1.47
1.48
1.51
1.54
1.56
1.59
1.62
1.64
1.68
1.71
1.73
1.77
1.80
1.85
1.88
1.86
1.83
1.81
1.80
1.77
1.75
1.74
1.75
2.40
2.50
2.57
2.67
2.68
2.65
2.64
2.62
2.60
2.58
3.44
3.42
3.41
3.40
3.42
3.41
3.40
3.39
3.38
3.37
3.36
3.35
3.34
3.34
3.33
3.33
3.33
3.29
3.35
3.40
3.41
3.40
3.41
3.41
3.41
3.42
3.42
3.43
3.44
3.46
3.47
3.49
3.50
3.48
3.42
3.47
3.48
3.49
3.52
1.97
1.89
1.82
1.74
1.68
1.62
1.57
1.52
1.47
1.43
1.39
1.35
1.31
1.28
1.25
1.21
1.19
1.16
1.14
1.11
1.09
1.06
1.05
1.03
1.01
1.00
0.97
9.217999 2.581000 1.527778
