1 180
0.46
0.46
0.46
0.46
0.47
0.46
0.46
0.47
0.47
0.46
0.46
0.47
0.47
0.47
0.47
0.48
0.48
0.48
0.48
0.48
0.48
0.49
0.49
0.50
0.50
0.51
0.51
0.51
0.51
0.52
0.52
0.52
0.53
0.53
0.53
0.53
0.54
0.54
0.55
0.56
0.56
0.57
0.58
0.58
0.60
0.60
0.62
0.63
0.64
0.64
0.65
0.66
0.67
0.69
0.71
0.71
0.73
0.74
0.76
0.78
0.80
0.82
0.85
0.86
0.90
0.93
0.95
0.98
1.02
1.04
1.08
1.12
1.17
1.21
1.27
1.32
1.38
1.44
1.51
1.60
1.69
1.81
1.93
2.09
2.27
2.48
2.71
6.83
6.82
6.19
5.79
5.77
5.89
7.05
7.07
7.04
7.04
7.06
9.46
81.83
81.83
81.83
9.52
9.53
8.93
8.93
8.95
9.03
9.02
9.04
9.75
2.64
2.43
2.43
2.43
2.44
2.46
2.41
2.43
2.43
2.44
2.45
1.85
1.52
1.48
1.44
1.39
1.35
1.31
1.27
1.24
1.21
1.17
1.15
1.12
1.09
1.08
1.06
1.04
1.02
1.00
0.98
0.97
0.95
0.95
0.93
0.92
0.91
0.90
0.88
0.87
0.87
0.87
0.85
0.84
0.83
0.83
0.82
0.81
0.81
0.81
0.79
0.79
0.78
0.77
0.76
0.76
0.76
0.77
0.76
0.76
0.75
0.75
0.74
0.74
0.74
0.73
0.73
0.73
0.73
2.107000 0.449000 0.390855
