1 180
1.59
1.58
1.58
1.57
1.57
1.56
1.56
1.56
1.58
1.56
1.55
1.55
1.56
1.56
1.56
1.56
1.56
1.57
1.57
1.57
1.57
1.58
1.58
1.59
1.59
1.59
1.59
1.60
1.61
1.62
1.63
1.65
1.66
1.67
1.68
1.69
1.70
1.72
1.74
1.76
1.77
1.79
1.81
1.83
1.86
1.88
1.91
1.95
3.71
3.63
3.56
3.48
3.41
3.35
3.29
3.23
3.18
3.12
3.09
3.03
2.99
2.95
2.91
2.87
2.84
2.81
2.77
2.74
2.72
2.68
2.65
2.64
2.61
2.59
2.56
2.54
2.52
2.50
2.49
2.47
2.44
2.50
2.64
2.70
6.09
3.63
3.60
3.62
3.88
4.21
4.62
5.13
5.73
6.55
7.56
9.29
11.81
11.81
11.81
14.16
14.02
13.97
14.30
14.31
3.98
2.92
2.51
2.29
2.09
1.94
1.81
1.71
1.63
1.55
1.49
1.43
1.37
1.32
1.27
1.23
1.18
1.15
1.11
1.08
1.04
1.01
0.99
0.96
0.93
0.92
0.89
0.88
0.86
0.85
0.84
0.82
0.80
0.79
0.77
0.77
0.76
0.75
0.74
0.73
0.72
0.71
0.70
0.69
0.68
0.68
0.67
0.66
0.65
0.65
0.65
0.65
0.64
0.64
0.63
0.63
0.62
0.62
0.61
0.61
0.60
0.60
0.60
0.59
0.59
0.60
0.60
0.59
0.59
0.58
0.58
0.58
0.58
0.58
0.59
0.60
-2.400000 12.741000 2.667158
