1 180
3.60
3.60
3.60
3.62
3.61
3.61
3.62
3.63
3.65
3.66
3.67
3.68
3.56
3.28
3.09
2.92
2.78
2.66
2.53
2.41
2.31
2.23
2.14
2.06
2.00
1.92
1.69
1.43
1.39
1.35
1.33
1.29
1.24
1.23
1.19
1.17
1.14
1.12
1.12
1.13
1.15
1.16
1.18
1.20
1.23
1.22
1.20
1.18
1.16
1.15
1.14
1.13
1.11
1.10
1.09
1.07
1.06
1.05
1.04
1.04
1.03
1.02
1.01
1.00
0.99
0.98
0.98
0.96
0.96
0.96
0.95
0.95
0.94
0.94
0.93
0.93
0.92
0.91
0.91
0.91
0.90
0.90
0.90
0.90
0.89
0.89
0.89
0.89
0.89
0.89
0.89
0.89
0.89
0.90
0.90
0.90
0.91
0.91
0.92
0.92
0.92
0.93
0.94
0.94
0.95
0.96
0.96
0.96
0.96
0.97
0.98
0.99
1.00
1.01
1.02
1.04
1.03
1.04
1.05
1.07
1.08
1.10
1.11
1.12
1.13
1.14
1.16
1.18
1.20
1.21
1.22
1.23
1.25
1.28
1.31
1.33
1.35
1.39
1.42
1.44
1.48
1.52
1.55
1.60
1.63
1.68
1.74
1.78
1.83
1.88
1.96
1.95
2.10
2.08
2.06
2.04
2.03
2.02
2.00
1.99
1.98
1.97
1.96
1.95
1.94
1.93
1.92
1.93
1.92
1.91
1.91
1.91
1.91
1.91
1.90
1.90
1.90
1.90
1.90
1.90
-42.417999 -10.471000 0.489184
