1 180
1.14
1.14
1.14
1.14
1.14
1.14
1.14
1.14
1.14
1.14
1.14
1.14
1.14
1.14
1.14
1.15
1.15
1.15
1.16
1.16
1.17
1.17
1.17
1.17
1.18
1.19
1.20
1.20
1.20
1.21
1.22
1.23
1.24
1.25
1.26
1.27
1.29
1.30
1.31
1.33
1.33
1.35
1.37
1.38
1.39
1.41
1.43
1.46
1.47
1.50
1.52
1.55
1.57
1.60
1.64
1.66
1.70
1.72
1.76
1.79
1.83
1.87
1.91
1.97
2.01
2.06
2.12
2.18
2.24
2.31
2.37
2.46
2.54
2.64
2.74
2.85
2.92
2.89
2.87
2.85
2.83
2.82
3.53
4.22
4.52
4.85
5.24
4.64
6.23
5.63
7.72
7.06
7.80
81.83
14.38
14.21
15.47
15.45
15.51
17.89
9.80
6.55
5.00
3.80
3.77
3.80
3.80
3.81
3.82
3.83
3.85
3.87
3.87
3.89
3.91
3.92
3.95
3.97
4.00
4.02
4.05
4.08
4.12
4.15
2.51
2.42
2.33
2.25
2.18
2.11
2.06
1.99
1.94
1.90
1.85
1.80
1.77
1.73
1.68
1.64
1.61
1.58
1.54
1.51
1.50
1.46
1.44
1.42
1.39
1.38
1.35
1.34
1.32
1.30
1.28
1.27
1.26
1.23
1.23
1.23
1.21
1.21
1.19
1.18
1.18
1.17
1.16
1.15
1.15
1.15
1.14
1.13
1.14
1.12
1.12
1.12
1.12
1.11
1.10
1.09
-4.769000 -5.002000 0.778023
