1 180
2.06
2.02
1.99
1.98
1.98
2.01
2.06
2.10
2.15
2.19
2.23
2.29
2.35
2.40
2.47
2.53
2.59
2.67
2.75
2.84
2.94
3.03
3.13
3.26
3.37
3.52
3.66
3.85
4.03
4.25
4.48
4.73
4.95
4.93
4.90
4.89
4.88
4.86
4.85
4.84
4.82
4.82
4.81
4.80
4.80
4.79
4.79
4.79
4.79
4.79
3.46
2.61
2.11
2.09
2.02
2.02
2.03
2.03
2.04
2.05
2.05
2.06
2.07
2.09
2.09
2.10
2.12
2.13
2.14
2.16
2.18
2.14
2.06
1.98
1.92
1.85
1.78
1.73
1.69
1.63
1.59
1.54
1.49
1.46
1.43
1.39
1.37
1.35
1.35
1.36
1.40
1.42
1.43
1.46
1.49
1.52
7.04
7.17
7.13
7.02
6.90
6.84
6.75
6.67
6.60
6.52
5.57
5.52
5.47
5.40
5.36
5.32
5.27
5.23
5.17
5.13
5.12
3.44
3.42
3.40
3.39
3.38
3.37
3.35
3.34
3.32
3.32
3.13
3.12
3.11
3.08
3.08
3.09
3.42
3.41
3.41
3.41
3.41
3.40
3.41
3.41
3.41
3.41
3.42
3.43
5.64
5.65
5.67
5.70
5.71
5.74
5.76
5.77
5.80
5.82
5.86
5.89
5.93
5.93
5.67
5.43
5.22
5.02
4.84
4.67
4.52
4.38
4.26
4.14
4.03
3.92
3.82
3.73
3.64
3.56
3.48
3.40
3.33
3.28
3.20
-49.491001 -19.948000 2.421337
