1 180
1.43
1.42
1.41
1.40
1.37
1.37
1.37
1.36
1.36
1.36
1.35
1.34
1.33
1.33
1.34
1.51
6.05
6.04
3.70
3.66
3.66
3.66
3.67
3.67
3.67
3.67
3.66
3.68
3.74
3.48
3.49
3.49
3.52
3.52
3.86
3.87
3.89
3.90
3.90
3.92
3.94
3.96
3.98
6.29
6.32
6.36
6.39
6.44
6.48
6.52
6.58
6.64
6.41
6.18
5.98
5.80
5.64
5.47
5.32
5.18
5.07
4.94
4.83
4.72
4.62
4.52
4.43
4.34
4.26
4.18
4.10
4.03
3.97
3.95
3.97
4.05
4.10
6.32
6.30
8.54
5.07
4.97
4.90
4.89
5.02
5.16
5.30
5.48
3.18
3.15
3.13
3.10
3.07
3.06
3.06
3.99
4.00
3.97
3.94
3.94
4.89
4.87
4.86
5.66
5.65
5.66
5.64
5.62
5.60
5.59
5.59
5.58
5.58
5.66
5.67
5.66
5.66
5.66
5.66
5.66
5.67
4.19
3.62
3.17
2.80
2.53
2.30
2.12
1.95
1.80
1.70
1.66
1.66
1.67
1.67
1.67
1.67
1.66
1.67
1.67
1.67
1.68
1.68
1.69
1.69
1.70
1.71
1.72
1.73
1.73
1.75
1.75
1.76
1.77
1.78
1.79
1.81
1.82
1.84
1.84
1.86
1.88
1.91
1.92
1.94
1.97
1.98
2.00
2.03
2.06
2.09
2.11
2.15
2.18
2.22
2.25
2.29
2.33
2.36
2.41
-48.227001 -16.939001 -2.626597
