1 180
0.91
0.90
0.90
0.91
0.90
0.90
0.90
0.90
0.90
0.90
0.91
0.91
0.92
0.93
0.93
0.94
0.93
0.94
0.95
0.95
0.95
0.96
0.96
0.97
0.97
0.98
0.99
1.01
1.02
1.03
1.04
1.05
1.06
1.07
1.07
1.09
1.10
1.11
1.13
1.15
1.17
1.18
1.20
1.22
1.25
1.27
1.29
1.31
1.33
1.36
1.39
1.42
1.45
1.49
1.53
1.56
1.62
1.66
1.71
1.77
1.83
1.89
1.96
2.03
2.10
2.19
2.30
2.41
2.52
2.68
2.84
3.02
3.26
7.75
7.68
7.63
7.56
7.51
7.46
7.41
7.37
7.32
7.25
7.25
7.22
4.55
4.51
4.50
4.47
4.46
4.44
4.43
4.42
4.42
4.41
4.41
4.41
4.41
4.40
4.40
4.40
4.41
4.41
4.42
4.42
4.43
4.43
4.46
4.46
4.49
4.50
4.52
4.54
4.65
4.68
4.71
3.54
3.36
3.20
3.04
2.90
2.79
2.68
2.57
2.47
2.38
2.30
2.22
2.16
2.09
2.03
1.97
1.91
1.86
1.82
1.77
1.74
1.69
1.66
1.61
1.60
1.56
1.53
1.51
1.47
1.47
1.44
1.41
1.38
1.36
1.33
1.32
1.30
1.29
1.26
1.26
1.25
1.24
1.23
1.21
1.19
1.19
1.18
1.18
1.15
1.15
1.15
1.13
1.12
1.12
1.12
1.11
1.11
1.11
1.10
1.10
1.10
1.10
1.09
1.09
12.531000 -4.037000 -1.114798
