1 180
1.18
1.18
1.17
1.19
1.17
1.16
1.24
1.19
1.18
1.20
1.20
1.21
1.21
1.22
1.22
1.23
1.24
1.25
1.26
1.27
1.27
1.29
1.30
1.31
1.32
1.34
1.35
1.37
1.39
1.40
1.42
1.44
1.46
1.48
1.50
1.53
1.54
1.57
1.59
1.64
1.66
1.70
1.73
1.78
1.82
1.86
1.90
1.94
1.99
2.03
2.09
2.16
2.22
2.29
2.35
2.43
2.51
2.60
2.69
2.79
2.92
6.39
6.35
6.31
6.27
6.23
6.20
6.15
6.13
6.10
6.07
6.05
5.86
6.19
6.18
6.16
6.14
81.83
81.83
81.83
81.83
81.83
81.83
81.83
7.78
7.71
81.83
81.83
81.83
9.63
9.43
9.38
9.55
9.75
12.82
12.72
81.83
81.83
11.60
11.51
81.83
7.81
81.83
4.00
3.34
2.95
2.66
2.43
2.26
2.11
1.99
1.89
1.80
1.73
1.65
1.60
1.53
1.48
1.43
1.38
1.34
1.30
1.26
1.22
1.19
1.16
1.13
1.10
1.07
1.07
1.04
1.01
0.99
0.99
0.96
0.94
0.93
0.91
0.90
0.89
0.87
0.86
0.85
0.84
0.83
0.81
0.81
0.80
0.79
0.78
0.77
0.76
0.75
0.74
0.74
0.74
0.73
0.73
0.72
0.72
0.71
0.70
0.70
0.70
0.69
0.69
0.69
0.69
0.69
0.69
0.68
0.68
0.67
0.68
0.68
0.67
0.67
0.68
0.68
0.67
-34.351002 10.229000 -2.196411
