1 180
2.50
2.24
1.94
1.88
1.89
1.70
1.66
1.66
1.69
1.70
1.72
1.73
1.74
1.75
1.76
1.76
1.78
1.79
1.81
1.83
1.78
1.73
1.67
1.62
1.59
1.54
1.49
1.46
1.43
1.39
1.35
1.33
1.30
1.27
1.24
1.22
1.19
1.17
1.15
1.13
1.12
1.09
1.08
1.07
1.06
1.04
1.02
1.01
1.00
1.00
0.98
0.97
0.95
0.95
0.93
0.92
0.92
0.91
0.91
0.90
0.90
0.89
0.87
0.86
0.86
0.85
0.85
0.84
0.84
0.84
0.84
0.83
0.83
0.82
0.82
0.82
0.83
0.98
2.36
2.36
2.35
2.35
2.35
2.35
2.35
2.35
2.35
2.36
2.36
2.37
2.37
2.38
2.38
2.39
2.40
2.41
2.41
2.42
2.43
2.44
2.45
2.46
2.33
2.31
2.33
2.34
2.36
2.38
2.39
2.40
2.42
2.45
2.48
2.68
2.74
2.76
2.79
2.83
2.86
2.90
2.93
2.97
3.02
3.06
3.10
3.16
3.20
3.25
3.32
3.37
3.44
3.50
3.56
3.64
3.72
3.78
3.88
3.97
4.06
4.16
4.27
4.38
4.50
4.59
4.54
4.50
4.46
4.43
4.39
4.35
4.31
4.29
4.26
2.74
2.72
2.70
2.73
2.92
3.10
3.32
3.59
3.88
4.20
6.67
6.64
6.63
6.62
10.37
11.03
11.01
11.12
11.11
11.11
11.11
11.10
6.56
6.58
6.59
6.61
6.61
-42.557999 -13.830999 0.015978
