1 180
2.54
2.37
2.23
2.11
2.00
1.91
1.81
1.73
1.66
1.59
1.52
1.47
1.43
1.40
1.38
1.38
1.38
1.39
1.39
1.40
1.41
1.41
1.42
1.43
1.44
1.45
1.45
1.45
1.47
1.48
1.49
1.51
1.52
1.54
1.55
1.57
1.57
1.59
1.61
1.63
1.65
1.67
1.70
1.71
1.73
1.77
1.79
1.82
1.86
1.89
1.93
1.97
2.00
2.03
2.09
2.13
2.19
2.24
2.30
2.35
2.42
2.49
2.56
2.65
2.74
2.85
2.95
3.07
3.19
3.36
3.51
3.74
3.98
4.26
4.66
5.12
5.87
18.00
18.01
18.07
21.23
22.61
21.89
15.73
8.15
7.21
6.52
5.91
5.41
4.98
4.64
4.32
4.06
3.81
3.60
3.42
3.26
3.09
2.96
2.83
2.71
2.58
2.59
2.59
2.63
5.31
5.36
5.41
5.47
5.53
5.59
5.64
5.72
5.78
1.76
1.71
1.68
1.65
1.61
1.58
1.55
1.58
1.61
1.65
1.68
1.70
1.73
1.78
1.81
1.85
1.89
1.94
1.99
2.04
2.10
2.16
2.22
2.28
2.36
2.44
2.50
2.60
2.71
2.80
2.91
3.03
3.18
3.32
3.49
3.70
3.91
4.15
4.42
4.58
4.56
4.54
4.53
4.51
4.50
4.48
4.47
4.47
4.46
4.46
4.47
4.47
4.47
4.46
4.47
4.47
4.47
4.47
4.47
4.48
3.27
2.81
2.54
2.33
2.13
1.96
-1.826000 -1.381000 0.962389
