1 180
2.36
2.36
2.36
2.36
2.36
2.37
2.38
2.39
2.39
2.40
2.41
2.41
2.43
2.44
2.45
2.46
2.48
2.49
2.50
2.52
2.54
2.55
2.57
2.58
2.60
2.62
2.63
2.66
2.68
2.71
2.74
2.78
2.81
2.84
2.88
2.91
2.96
1.19
1.17
1.15
1.12
1.11
1.13
1.15
1.17
1.19
1.22
1.24
1.27
1.30
1.33
1.37
1.39
1.43
1.46
1.50
1.53
1.59
1.61
1.67
1.73
1.79
1.85
1.92
1.99
2.07
2.15
2.23
2.35
2.45
2.58
2.69
4.92
4.90
4.87
4.85
4.83
4.80
4.79
4.81
8.59
8.57
9.19
9.19
9.29
9.28
9.27
9.27
8.12
9.26
8.67
8.51
4.73
4.74
4.74
4.75
4.76
4.77
4.79
4.80
4.82
4.85
4.87
4.89
81.83
81.83
81.83
81.83
81.83
81.83
81.83
1.81
81.83
81.83
81.83
81.83
81.83
81.83
81.83
81.83
81.83
81.83
81.83
1.22
1.21
1.18
1.14
1.12
1.11
1.07
1.06
1.02
1.01
2.25
2.24
2.22
2.20
1.69
1.07
1.35
2.16
2.15
2.15
2.13
2.13
2.23
2.47
2.71
2.95
2.94
2.90
2.90
2.93
2.91
2.92
2.90
2.91
2.91
2.90
2.31
2.92
2.92
2.92
2.93
2.94
2.95
2.95
2.96
2.47
2.29
2.29
2.29
2.31
2.32
2.32
2.40
2.34
2.32
2.32
2.35
-48.674000 -32.813000 -1.741642
