1 180
5.46
5.47
5.39
4.25
4.23
5.28
4.38
4.33
4.34
4.80
4.83
4.29
4.26
4.29
4.49
4.71
5.78
5.77
5.75
5.74
5.70
4.72
5.78
1.81
1.80
1.77
1.75
1.71
1.69
1.67
1.64
1.63
1.47
1.44
1.42
1.40
1.36
1.33
1.30
1.26
1.27
1.31
1.33
1.36
1.39
1.43
1.46
1.49
1.53
1.58
1.63
1.67
1.71
1.77
1.83
1.90
1.97
2.05
2.13
2.22
2.30
2.43
2.53
2.66
2.80
2.96
3.14
3.36
3.58
3.85
4.15
4.50
4.94
5.44
6.98
7.01
8.13
9.68
12.88
12.86
12.85
12.82
12.83
12.84
12.85
12.86
8.45
8.38
8.47
8.55
8.66
8.74
7.53
7.55
5.94
5.50
5.11
4.75
4.47
4.21
3.98
3.78
3.60
3.44
3.31
3.18
3.05
2.94
2.83
2.74
2.65
2.58
2.50
2.43
2.35
2.29
2.23
2.17
2.13
2.07
2.03
1.99
1.94
1.90
1.87
1.83
1.80
1.77
1.75
1.71
1.69
1.67
1.64
1.61
1.59
1.57
1.54
1.54
1.52
1.50
1.49
1.47
1.45
1.44
1.42
1.41
1.40
1.38
1.38
1.37
1.36
1.35
1.34
1.33
1.32
1.31
1.31
1.30
1.29
1.29
1.28
1.28
1.28
1.28
1.28
1.28
1.28
1.27
1.27
1.27
1.27
1.26
1.27
1.27
1.27
1.27
1.27
1.27
1.28
1.28
-43.490002 -2.252000 -1.692478
