1 180
2.76
2.78
2.80
2.82
2.85
2.87
2.88
2.91
2.93
2.96
2.99
3.02
3.04
3.09
2.09
1.73
1.66
1.58
1.56
1.58
1.59
1.60
1.62
1.62
1.64
1.67
1.68
1.69
1.71
1.73
1.75
1.77
1.79
1.81
1.84
1.86
1.89
1.92
1.94
1.98
2.01
2.05
2.09
2.13
2.17
2.22
2.27
2.31
2.36
2.42
2.48
2.54
2.61
2.69
2.77
2.84
2.94
3.04
3.15
3.27
3.41
3.57
3.76
4.00
4.25
4.58
4.96
5.49
6.29
15.00
15.00
15.02
15.02
15.03
15.04
15.06
15.10
12.14
10.74
9.62
9.26
7.99
7.39
6.85
6.38
5.99
5.65
5.33
5.07
4.82
4.61
4.39
4.20
4.03
3.88
3.73
3.60
3.54
3.55
3.58
3.63
6.51
6.39
6.22
6.05
5.93
5.96
6.04
6.11
6.18
5.82
5.68
6.33
6.39
6.69
7.89
8.05
8.15
6.59
6.57
7.81
7.69
7.61
7.51
7.42
7.34
6.38
6.31
6.25
6.21
5.79
6.58
6.83
6.82
6.75
6.50
6.65
6.60
6.55
6.48
6.44
6.39
6.36
6.33
5.66
5.63
5.66
5.09
5.13
3.74
3.73
3.36
3.36
3.35
3.34
1.70
1.62
1.61
1.63
1.61
1.61
1.62
1.61
1.60
1.59
3.38
2.94
2.54
2.26
1.99
1.79
1.25
1.24
1.23
1.23
1.23
1.22
1.22
1.22
1.21
4.042000 2.223000 -0.045477
