1 180
0.95
0.95
0.96
0.96
0.96
0.96
0.96
0.96
0.96
0.96
0.97
0.97
0.97
0.97
0.98
0.99
0.99
1.00
1.00
1.01
1.02
1.01
1.02
1.06
1.08
1.75
1.79
1.81
1.82
1.83
1.85
1.91
1.98
1.92
1.86
1.81
1.77
1.73
1.68
1.65
1.61
1.57
1.54
1.51
1.48
1.45
1.43
1.40
1.37
1.35
1.34
1.31
1.28
1.26
1.25
1.23
1.21
1.20
1.18
1.16
1.15
1.14
1.12
1.12
1.10
1.09
1.08
1.08
1.07
1.06
1.05
1.04
1.03
1.02
1.02
1.01
1.01
1.01
1.00
1.00
0.99
0.98
0.98
0.97
0.97
0.96
0.96
0.96
0.96
0.96
0.96
0.95
0.95
0.95
0.95
0.95
0.95
0.96
0.95
0.96
0.96
0.96
0.97
0.97
0.98
0.98
0.99
0.99
0.99
1.00
1.00
1.01
1.01
1.02
1.03
1.04
1.04
1.05
1.06
1.08
1.08
1.09
1.10
1.11
1.12
1.13
1.15
1.16
1.18
1.19
1.21
1.22
1.20
1.17
1.15
1.13
1.12
1.10
1.07
1.05
1.04
1.01
1.00
0.99
0.97
0.95
0.94
0.93
0.92
0.91
0.90
0.89
0.88
0.87
0.87
0.86
0.85
0.84
0.83
0.83
0.82
0.81
0.81
0.80
0.79
0.79
0.79
0.79
0.78
0.78
0.77
0.77
0.77
0.76
0.76
0.76
0.76
0.76
0.75
0.75
10.349000 5.827000 1.567109
