1 180
1.08
1.08
1.08
1.08
1.08
1.07
1.08
1.08
1.09
1.09
1.08
1.07
1.07
1.08
1.08
1.08
1.09
1.10
1.09
1.09
1.10
1.11
1.11
1.11
1.12
1.13
1.14
1.15
1.16
1.16
1.17
1.17
1.17
1.19
1.20
1.22
1.23
1.25
1.26
1.27
1.29
1.30
1.32
1.34
1.35
1.37
1.40
1.41
1.43
1.46
1.48
1.51
1.54
1.56
1.60
1.63
1.66
1.70
1.74
1.78
1.83
1.86
1.92
1.97
2.04
2.10
2.17
2.25
2.32
2.42
2.52
2.61
2.73
2.86
3.02
3.18
3.40
3.68
4.00
4.43
4.96
9.63
9.57
9.51
9.46
9.38
9.37
9.34
6.67
6.63
6.60
6.58
6.56
6.54
6.53
6.53
6.53
6.52
6.51
6.50
6.50
6.50
6.51
6.51
6.52
6.53
6.53
6.58
5.24
4.64
4.17
3.78
3.48
3.23
3.00
2.79
2.61
2.46
2.33
2.21
2.10
2.02
1.93
1.83
1.76
1.69
1.63
1.56
1.52
1.46
1.42
1.38
1.34
1.30
1.26
1.24
1.20
1.16
1.15
1.11
1.10
1.06
1.05
1.03
1.01
1.00
0.98
0.97
0.95
0.95
0.93
0.95
0.98
1.02
1.03
1.06
1.10
1.12
1.15
5.84
5.93
5.86
5.80
5.74
5.71
5.65
5.61
4.36
5.52
5.49
5.44
5.42
5.38
5.35
5.32
5.29
5.26
5.24
4.59
4.40
11.485000 -2.091000 -1.034907
