1 180
1.35
1.36
1.38
1.39
1.40
1.42
1.44
1.45
1.47
1.49
1.50
1.52
1.53
1.55
1.58
1.61
1.62
1.65
1.69
1.71
1.74
1.76
1.80
1.83
1.88
1.92
1.95
2.00
2.02
4.17
4.59
5.39
7.27
7.25
7.26
7.26
7.24
7.25
7.25
2.14
2.17
7.27
7.28
4.85
4.84
4.83
4.82
5.34
81.83
81.83
15.77
14.62
13.39
81.83
11.85
11.25
10.67
10.21
9.78
9.37
9.02
8.67
8.36
8.07
7.83
7.86
7.94
10.81
81.83
10.21
10.31
10.43
81.83
10.58
10.72
11.96
12.13
10.72
12.08
11.94
81.83
81.83
81.83
81.83
81.83
81.83
2.99
3.11
3.06
3.04
81.83
3.06
81.83
81.83
81.83
81.83
2.12
81.83
2.37
4.93
5.43
7.43
7.41
5.40
4.34
5.36
8.71
5.64
5.31
8.55
4.80
4.33
8.16
1.32
1.29
1.25
1.08
0.98
0.97
0.97
0.97
0.97
0.97
0.97
0.97
0.97
0.97
0.97
0.97
0.98
0.97
0.98
0.98
0.96
0.95
0.94
0.92
0.92
0.91
0.91
0.90
0.94
0.97
1.01
1.06
1.08
6.27
6.22
6.17
6.14
6.10
6.06
6.01
4.12
5.97
6.09
6.11
6.09
3.59
3.54
3.38
4.22
4.28
5.95
5.94
5.93
5.92
5.91
3.42
2.93
4.13
3.36
5.80
3.93
5.70
5.72
5.71
5.73
3.31
3.85
2.032000 -2.209000 1.751475
