1 180
2.55
2.55
2.50
2.51
2.53
2.55
2.58
2.61
2.63
2.66
2.69
2.72
2.75
2.79
2.87
2.81
2.74
2.69
2.63
2.58
2.53
2.50
2.45
2.42
2.38
2.33
2.30
2.27
2.25
2.22
2.19
2.16
2.15
2.13
2.10
2.08
2.06
2.04
2.02
2.01
1.99
1.99
1.97
1.96
1.95
1.94
1.93
1.92
1.90
1.88
1.89
1.88
1.87
1.86
1.86
1.85
1.85
1.85
1.85
1.85
1.85
1.85
1.85
1.85
1.85
1.85
1.86
1.85
1.86
1.86
1.86
1.86
1.87
1.88
1.92
4.97
5.35
5.82
6.32
6.99
7.78
8.82
10.08
11.66
16.14
81.83
81.83
81.83
14.60
14.72
81.83
81.83
81.83
81.83
81.83
8.12
7.12
6.24
5.62
5.08
4.68
4.66
4.67
4.70
3.55
3.34
3.15
2.99
2.85
2.71
2.60
2.48
2.39
2.30
2.20
2.12
2.05
1.98
1.92
1.87
1.81
1.76
1.71
1.66
1.62
1.58
1.55
1.52
1.49
1.45
1.42
1.39
1.40
1.35
1.31
1.29
1.27
1.24
1.23
1.22
1.20
1.19
1.17
1.15
1.15
1.13
1.12
1.11
1.09
1.08
1.08
1.07
1.06
1.05
1.05
1.04
1.03
1.02
1.02
1.02
1.01
1.00
1.00
0.99
0.99
0.98
0.97
0.97
0.97
0.97
0.97
0.97
0.96
0.97
0.96
0.96
0.96
0.95
0.96
0.96
0.274000 -13.486000 2.083333
