1 180
3.70
3.66
3.64
3.60
3.55
3.54
3.52
3.50
3.47
3.45
3.43
3.42
3.40
3.38
3.36
3.34
3.33
3.32
3.31
3.31
3.29
2.53
2.50
2.50
2.52
2.51
2.35
2.42
1.93
2.51
2.50
2.50
2.52
2.52
2.50
2.50
2.51
2.53
2.55
2.57
2.45
2.40
2.40
2.43
2.50
2.50
2.49
3.43
3.45
3.47
3.50
3.52
3.55
3.58
3.60
3.62
2.38
2.39
3.75
3.79
2.33
3.88
3.92
3.92
3.83
3.75
3.66
3.58
3.44
3.40
3.35
3.30
3.22
3.16
3.11
3.05
3.03
2.95
2.91
1.98
1.94
1.92
1.89
1.87
1.84
1.82
1.81
1.79
1.77
1.79
1.81
81.83
0.98
0.97
2.12
2.20
2.30
2.39
2.39
2.47
2.46
2.44
2.42
2.42
2.41
2.40
2.12
2.38
2.37
2.37
2.35
2.35
2.34
2.34
2.33
2.33
2.33
2.25
2.25
2.25
2.25
2.25
2.25
2.25
2.26
2.26
2.27
2.27
2.28
2.29
2.29
2.30
2.31
2.32
2.33
2.34
2.34
2.35
2.36
2.00
1.94
1.85
1.85
1.85
1.86
1.87
1.89
1.90
2.55
2.58
2.61
2.63
2.67
2.70
2.73
2.77
2.81
2.85
2.89
2.91
2.98
2.80
3.08
1.75
1.74
3.27
3.21
3.15
3.12
3.07
1.71
2.97
2.93
2.90
2.85
2.81
2.77
2.75
2.72
2.70
10.775000 3.226000 0.194199
