1 180
0.82
0.82
0.82
0.84
0.85
0.84
0.84
0.85
0.85
0.85
0.84
0.84
0.84
0.84
0.84
0.82
0.87
1.28
3.12
3.14
3.15
3.16
3.19
3.20
3.21
3.22
2.05
2.04
3.30
3.32
3.36
3.38
3.41
3.44
3.35
3.25
3.16
3.08
2.98
2.89
2.81
2.84
2.88
2.92
2.95
3.00
3.03
3.16
3.12
3.05
3.00
2.94
2.89
2.85
2.81
2.76
2.73
2.69
2.65
2.61
2.58
2.55
2.53
2.50
2.46
2.44
2.41
2.40
2.39
2.36
2.09
2.29
2.30
2.28
2.26
2.25
2.23
2.22
2.21
2.19
2.18
2.17
2.16
2.16
2.15
2.14
2.14
2.14
2.14
2.13
2.13
1.80
2.12
2.12
2.12
2.12
2.12
2.12
2.13
2.13
2.13
2.13
2.13
1.83
2.13
2.14
2.15
2.16
2.16
2.16
2.18
1.95
1.93
1.89
1.87
1.85
1.89
1.95
2.00
2.05
2.25
2.35
2.37
2.39
2.40
2.43
2.45
2.48
2.51
2.54
2.56
2.60
2.64
2.67
2.71
2.75
2.79
2.83
2.87
2.92
2.97
3.02
3.06
2.98
2.95
2.91
2.87
2.82
2.78
2.76
2.82
2.87
2.73
2.69
2.67
2.36
2.33
2.13
2.12
2.10
2.09
2.48
3.20
3.21
2.16
2.16
2.15
2.51
0.71
0.74
0.72
0.71
0.70
0.70
0.69
0.70
0.71
0.72
0.71
0.71
0.250000 8.169001 2.962143
