1 180
1.33
1.33
1.31
1.30
1.28
1.27
1.26
1.24
1.21
1.05
1.23
1.23
1.26
1.32
1.38
1.47
1.55
1.56
1.58
8.81
6.31
6.23
6.19
6.19
6.43
6.68
6.99
7.33
7.70
8.13
0.83
0.83
81.83
81.83
2.56
2.60
81.83
1.31
81.83
81.83
81.83
81.83
3.19
3.22
81.83
81.83
81.83
81.83
81.83
81.83
5.20
5.22
5.27
5.35
5.40
5.43
5.46
5.52
5.51
4.37
3.87
5.72
5.78
5.86
5.29
4.38
3.94
4.43
3.69
5.94
5.95
4.87
6.06
6.11
4.71
3.48
4.58
6.57
3.83
4.72
3.23
7.20
3.96
4.61
3.64
4.45
7.80
4.19
7.63
2.93
7.44
7.35
7.02
7.24
3.13
7.08
3.00
3.22
6.91
3.50
3.64
2.65
6.73
5.36
2.48
2.53
2.67
3.56
4.99
4.92
4.96
4.98
5.07
2.90
3.17
5.44
2.82
3.37
5.20
2.42
5.00
4.92
4.84
4.75
4.65
4.60
4.53
4.47
4.39
4.34
1.49
4.24
4.18
4.13
4.10
4.03
1.91
3.96
3.92
3.89
3.85
3.81
0.69
3.74
3.74
3.76
1.26
1.28
81.83
1.09
81.83
81.83
81.83
1.91
81.83
81.83
2.00
2.43
3.66
3.66
3.66
3.66
3.69
3.67
3.68
3.67
3.67
3.63
3.64
2.41
3.68
3.68
3.64
3.65
1.93
1.09
3.48
3.50
3.52
1.26
-0.256000 -1.739000 1.683874
