1 180
1.40
1.40
1.41
1.41
1.41
1.42
1.42
1.43
1.43
1.44
1.45
1.45
1.46
1.47
1.47
1.48
1.48
1.50
1.50
1.52
1.53
1.54
1.55
1.56
1.58
1.59
1.61
1.63
1.65
1.67
1.69
1.71
1.74
1.76
1.79
1.81
1.84
1.87
1.90
1.93
1.97
2.01
2.04
2.07
2.11
2.15
2.20
2.24
2.30
2.35
2.41
2.48
2.54
2.61
2.68
2.76
2.85
2.94
3.04
3.14
3.11
3.09
3.07
3.04
3.03
4.02
3.65
4.45
4.72
5.01
5.33
5.70
6.12
6.13
7.25
7.18
7.94
7.95
8.95
15.39
14.39
14.56
15.62
15.59
18.01
9.91
3.89
3.91
3.91
3.91
3.91
3.92
3.93
3.94
3.95
3.96
3.98
3.99
4.01
4.03
4.04
4.06
4.09
4.11
2.54
2.41
2.31
2.20
2.11
2.02
1.94
1.89
1.82
1.75
1.71
1.65
1.60
1.57
1.51
1.47
1.43
1.40
1.37
1.33
1.29
1.27
1.23
1.21
1.20
1.18
1.15
1.12
1.11
1.09
1.07
1.05
1.04
1.02
1.02
1.00
1.00
0.98
0.98
0.97
0.96
0.96
0.95
0.93
0.92
0.92
0.91
0.92
0.91
0.88
0.90
0.91
0.94
0.87
0.87
0.88
0.87
0.87
0.86
0.86
0.85
0.85
0.85
0.85
0.85
0.85
0.85
0.84
0.84
0.85
0.84
0.85
0.84
0.84
0.84
0.84
9.384000 -8.571000 -3.001475
