1 180
4.71
4.71
4.72
4.73
4.73
4.74
4.76
4.77
4.79
4.79
4.81
4.82
4.84
4.86
4.89
4.92
4.94
4.97
7.43
7.40
7.36
7.31
7.28
7.25
7.21
7.20
7.17
6.49
5.98
7.73
7.67
7.69
7.04
7.06
7.07
81.83
81.83
81.83
81.83
17.75
19.30
81.83
19.11
81.83
81.83
10.15
10.27
81.83
8.00
7.88
7.75
5.74
5.81
2.24
1.98
1.95
1.94
1.93
1.91
1.90
1.87
1.85
1.85
1.93
2.03
2.09
2.08
2.07
2.06
2.04
2.03
2.01
2.00
1.99
1.89
1.89
1.87
1.86
1.85
1.85
1.84
1.83
1.84
1.83
1.84
1.82
2.58
1.72
1.35
1.35
1.93
1.92
1.95
1.98
2.60
2.60
2.60
2.61
2.61
2.62
2.63
2.64
2.65
2.67
2.67
2.68
2.70
2.72
2.73
2.75
2.77
2.79
2.80
2.83
2.85
2.88
2.91
2.83
2.96
2.99
3.03
3.07
3.10
3.14
3.18
3.18
3.11
3.04
2.08
0.83
0.79
0.80
0.79
0.79
0.78
0.78
0.78
0.77
0.76
0.76
0.75
0.75
0.74
0.74
0.74
0.74
0.73
0.73
0.73
0.73
0.73
0.74
0.73
0.73
0.73
0.73
0.73
2.01
2.00
1.99
1.98
1.97
1.96
1.94
1.94
1.93
1.92
1.92
1.91
1.90
1.97
1.98
1.97
1.97
1.96
1.96
1.95
1.95
1.49
1.93
6.471000 -9.165000 -2.927729
