1 180
0.60
0.60
0.60
0.60
0.60
0.60
0.61
0.61
0.60
0.60
0.60
0.60
0.60
0.60
0.61
0.61
0.61
0.61
0.61
0.61
0.61
0.62
0.62
0.62
0.62
0.63
0.63
0.63
0.64
0.63
0.64
0.64
0.64
0.65
0.66
0.66
0.68
0.68
0.69
0.69
0.70
0.71
0.72
0.73
0.74
0.75
0.76
0.78
0.79
0.79
0.79
0.81
0.83
0.85
0.86
0.88
0.91
0.92
0.95
0.97
0.99
1.03
1.05
1.07
1.10
1.14
1.18
1.22
1.27
1.31
1.37
1.42
1.48
1.54
1.61
1.69
1.77
1.87
1.97
2.08
2.22
2.36
2.53
2.72
2.94
3.21
3.53
3.92
4.41
5.39
13.34
19.04
19.90
18.57
15.38
15.36
15.36
12.56
12.60
12.65
10.33
6.72
6.73
5.08
5.89
5.25
4.77
4.35
4.00
3.19
3.45
3.23
3.05
2.88
2.72
1.75
1.66
1.59
1.53
1.47
1.41
1.37
1.32
1.27
1.24
1.19
1.15
1.13
1.10
1.06
1.04
1.02
0.99
0.96
0.95
0.94
0.91
0.89
0.88
0.86
0.84
0.83
0.81
0.80
0.80
0.79
0.77
0.76
0.75
0.74
0.73
0.72
0.70
0.70
0.70
0.69
0.69
0.68
0.67
0.67
0.66
0.66
0.65
0.64
0.64
0.64
0.63
0.62
0.62
0.62
0.62
0.61
0.61
0.61
0.60
0.60
0.60
0.59
0.59
0.59
-16.313000 18.448999 -2.841691
