1 180
1.18
1.18
1.21
1.24
1.26
1.28
1.30
1.29
1.33
1.84
1.87
1.92
1.95
2.00
2.02
4.16
4.12
4.07
4.03
3.98
3.94
3.90
3.87
3.84
3.80
3.77
3.74
3.72
3.70
3.67
3.65
3.64
3.61
3.59
3.57
3.55
3.54
3.53
3.52
3.51
3.50
3.49
3.48
3.48
3.47
3.46
3.46
3.46
3.46
3.68
20.42
20.44
17.68
17.77
11.82
11.80
11.31
9.87
7.88
6.42
5.87
5.39
5.02
4.67
4.35
4.09
3.85
3.63
3.59
3.62
3.64
3.66
3.68
6.82
6.87
6.94
6.99
6.94
6.99
7.05
7.15
9.54
5.51
5.38
5.25
5.12
5.01
4.91
4.80
4.71
4.62
4.53
4.45
4.38
4.30
4.23
4.16
4.10
4.03
3.98
3.93
3.87
3.82
3.79
3.78
3.84
3.89
3.94
4.00
4.06
4.12
4.20
4.27
4.34
4.41
4.51
4.60
4.70
4.82
4.92
5.05
5.18
5.32
5.48
5.67
1.09
1.09
1.26
1.30
1.29
1.28
1.28
1.28
1.27
1.27
1.27
1.28
1.27
1.28
1.27
1.28
1.28
1.27
1.27
1.27
1.27
1.27
1.28
1.28
1.29
1.29
1.29
1.29
1.30
1.30
1.31
1.31
1.31
1.33
1.34
1.34
1.35
1.36
1.37
1.37
1.38
1.38
1.40
1.41
1.43
1.45
1.46
1.48
1.49
1.51
1.54
1.56
1.58
1.59
1.55
13.010000 2.756000 -2.970747
