1 180
2.76
2.71
2.65
2.61
2.57
2.53
2.49
2.45
2.41
2.38
2.35
2.32
2.32
2.35
2.41
2.47
2.52
6.52
5.31
3.58
3.52
3.51
3.40
3.37
3.36
3.46
3.62
3.78
3.96
4.16
4.39
4.63
4.90
5.22
5.61
6.02
6.49
7.10
7.79
8.93
16.84
81.83
1.78
1.78
1.78
1.79
1.78
1.79
1.80
1.79
1.78
1.78
1.78
1.81
4.57
4.58
4.60
4.61
4.61
4.63
4.63
4.76
4.78
4.80
4.82
4.85
4.88
4.90
4.93
4.96
4.96
4.92
4.97
5.01
5.05
5.09
3.59
3.49
3.38
3.29
3.21
3.11
3.03
2.96
2.89
2.82
2.77
2.71
2.65
2.60
2.54
2.50
2.46
2.41
2.37
2.34
2.31
2.27
2.24
2.21
2.18
2.14
2.12
2.09
2.07
2.05
2.03
2.00
1.98
1.96
1.95
1.92
1.91
1.90
1.89
1.87
1.86
1.85
1.83
1.82
1.86
1.90
1.95
2.01
2.06
2.11
2.18
2.24
2.32
2.39
2.48
2.57
2.66
2.78
2.89
3.05
3.23
3.43
3.66
3.96
4.30
4.78
5.44
22.82
23.11
23.07
16.92
81.83
9.56
9.34
8.05
7.46
6.93
6.49
6.12
5.78
5.47
5.20
4.95
4.73
4.53
4.34
4.17
4.01
3.86
3.87
3.91
6.59
6.66
6.74
6.81
6.88
3.01
2.95
2.88
2.82
2.84
2.87
2.92
2.97
10.893001 2.567000 -3.105948
