1 180
13.08
11.58
13.02
13.43
4.19
81.83
81.83
81.83
81.83
4.33
4.31
4.26
3.85
4.34
4.55
4.79
4.89
2.23
2.03
1.86
1.71
1.59
1.48
1.38
1.30
1.23
1.17
1.12
1.08
1.04
1.00
0.96
0.92
0.87
0.86
0.82
0.80
0.78
0.75
0.73
0.74
0.75
0.75
0.76
0.77
0.79
0.80
0.81
0.82
0.83
0.84
0.87
0.89
0.90
0.91
0.94
0.95
0.97
0.99
1.02
1.05
1.08
1.09
1.13
1.15
1.19
1.21
1.25
1.30
1.33
1.38
1.43
1.49
1.54
1.60
1.68
1.74
1.82
1.92
2.02
2.13
2.25
2.39
2.56
2.75
2.99
3.27
3.73
4.62
4.63
4.82
4.92
4.92
4.90
4.90
4.89
4.89
4.89
4.89
4.89
4.90
4.85
4.80
10.42
10.45
10.47
10.50
4.91
4.50
4.13
3.83
3.54
3.47
3.49
3.46
3.46
3.29
2.64
2.40
2.30
2.22
2.13
2.05
1.99
1.93
1.88
1.82
1.76
1.73
1.69
1.64
1.59
1.56
1.52
1.48
1.46
1.42
1.39
1.35
1.34
1.31
1.29
1.28
1.25
1.23
1.21
1.19
1.18
1.16
1.14
1.13
1.12
1.10
1.09
1.08
1.07
1.06
1.04
1.03
1.03
1.02
1.01
1.00
0.99
0.98
0.98
0.97
0.96
0.96
0.95
0.94
0.93
0.93
0.92
0.92
0.91
0.91
0.91
0.90
0.90
8.172000 -0.914000 -1.827679
