1 180
1.05
1.05
1.05
1.05
1.05
1.05
1.05
1.05
1.05
1.05
1.05
1.05
1.05
1.05
1.06
1.06
1.06
1.07
1.07
1.08
1.08
1.08
1.04
0.96
0.91
0.86
0.83
0.79
0.79
0.80
0.80
0.81
0.83
0.83
0.84
0.85
0.85
0.86
0.87
0.89
0.90
0.92
0.92
0.93
0.95
0.97
0.98
1.00
1.01
1.02
1.03
1.05
1.07
1.10
1.12
1.13
1.15
1.18
1.20
1.23
1.25
1.29
1.32
1.36
1.39
1.44
1.48
1.51
1.57
1.61
1.67
1.73
1.80
1.87
1.94
2.02
2.11
2.20
2.32
2.43
2.55
2.73
2.90
3.12
3.36
3.65
7.84
7.81
7.80
6.81
6.80
6.79
8.05
8.01
7.99
8.02
8.01
10.43
10.41
81.83
10.43
10.45
10.40
9.84
3.30
3.30
3.31
2.36
2.17
1.99
1.85
1.72
1.62
1.53
1.45
1.37
1.30
1.25
1.18
1.12
1.06
1.02
0.99
0.95
0.90
0.88
0.85
0.82
0.80
0.76
0.74
0.73
0.70
0.69
0.67
0.67
0.65
0.64
0.63
0.61
0.60
0.60
0.59
0.58
0.56
0.56
0.54
0.54
0.53
0.52
0.52
0.52
0.52
0.51
0.51
0.50
0.50
0.49
0.49
0.49
0.48
0.48
0.48
0.48
0.48
0.46
0.46
0.46
0.46
0.46
0.45
0.45
0.45
0.45
0.45
0.45
0.45
0.45
0.45
0.45
1.781000 -6.656000 2.593412
