1 180
1.38
1.39
1.38
1.39
1.38
1.38
1.38
1.38
1.39
1.39
1.39
1.39
1.40
1.40
1.40
1.41
1.41
1.43
1.42
1.44
1.44
1.45
1.45
1.47
1.48
1.50
1.51
1.52
1.53
1.53
1.55
1.56
1.58
1.60
1.62
1.63
1.65
1.68
1.70
1.72
1.74
1.77
1.79
1.82
1.85
1.89
1.92
1.94
1.98
2.01
2.06
2.11
2.15
2.22
2.25
2.33
2.37
2.43
2.49
2.56
2.64
2.71
2.80
2.90
2.98
3.08
3.19
3.33
3.45
3.59
3.75
3.92
4.12
6.22
6.18
6.16
6.09
6.04
6.04
6.31
6.88
7.48
12.55
11.74
11.71
12.48
12.54
11.15
11.13
8.00
8.00
7.99
7.98
5.44
5.20
5.22
5.25
5.28
5.31
5.33
5.37
4.96
4.95
4.67
4.31
3.95
3.69
3.05
2.90
2.75
2.60
2.48
2.35
2.26
2.16
2.08
2.00
1.94
1.87
1.80
1.75
1.69
1.64
1.58
1.55
1.51
1.47
1.43
1.40
1.38
1.34
1.31
1.29
1.27
1.24
1.22
1.19
1.17
1.16
1.15
1.13
1.11
1.09
1.08
1.06
1.04
1.04
1.04
1.02
1.00
0.99
0.98
0.97
0.96
0.95
0.94
0.93
0.92
0.91
0.90
0.90
0.90
0.89
0.89
0.89
0.88
0.87
0.87
0.86
0.86
0.86
0.85
0.85
0.85
0.84
0.84
0.84
0.84
0.84
0.83
-23.628000 16.487000 -3.099803
