1 180
4.88
4.87
4.87
4.86
4.86
4.86
4.86
4.86
2.92
2.26
2.15
2.09
2.09
2.09
2.09
2.10
2.11
2.12
2.12
2.13
2.14
2.15
2.16
2.18
2.19
2.20
2.22
2.24
2.18
2.09
2.01
1.93
1.87
1.81
1.73
1.69
1.64
1.59
1.55
1.51
1.47
1.44
1.39
1.38
1.37
1.41
1.44
1.46
1.48
1.51
1.54
1.55
6.90
7.03
7.16
7.18
7.08
6.95
6.89
6.80
6.71
6.64
6.57
5.60
5.53
5.47
5.43
5.39
5.33
5.28
5.24
5.16
5.10
3.45
3.43
3.41
3.40
3.38
3.37
3.36
3.35
3.34
3.31
3.31
3.11
3.10
3.09
3.07
3.06
3.12
3.39
3.39
3.39
3.38
3.38
3.38
3.38
3.38
3.38
3.38
3.39
3.46
5.62
5.64
5.64
5.65
5.67
5.69
5.71
5.73
5.75
5.79
5.82
5.85
5.87
5.91
5.73
5.47
5.26
5.05
4.87
4.69
4.53
4.38
4.25
4.13
4.01
3.91
3.80
3.70
3.60
3.53
3.45
3.37
3.30
3.23
3.17
3.10
3.04
3.03
3.08
3.15
3.20
5.88
5.82
5.81
5.41
8.97
4.17
4.03
3.99
3.98
3.97
4.12
4.24
4.37
4.50
4.65
2.25
2.24
2.23
2.20
2.19
2.17
2.15
2.14
2.15
3.10
3.08
3.08
3.07
3.05
3.05
3.99
3.98
3.98
4.78
4.79
4.80
4.79
-49.487003 -19.948999 3.140363
