1 180
0.75
0.76
0.76
0.76
0.76
0.77
0.77
0.77
0.79
81.83
81.83
81.83
81.83
81.83
81.83
81.83
81.83
81.83
9.49
6.11
5.86
5.62
5.42
5.22
5.05
4.88
4.72
4.57
4.44
4.31
4.20
4.09
4.00
3.92
3.80
3.71
3.63
3.55
3.48
3.41
3.34
3.28
3.24
3.17
3.12
3.06
3.02
2.98
2.93
2.89
2.85
2.81
2.76
2.73
2.70
2.66
2.62
2.60
2.57
2.55
2.53
2.51
2.49
2.47
2.45
2.44
2.42
2.41
2.40
2.38
2.41
2.58
6.94
6.90
6.87
6.70
6.67
6.62
6.77
6.76
6.74
6.73
81.83
81.83
14.01
6.88
6.89
7.02
7.05
6.29
6.06
6.09
6.13
6.23
2.54
2.30
2.31
2.32
2.32
2.33
2.34
2.35
2.35
2.35
2.37
2.38
2.40
2.41
2.42
2.44
2.45
2.47
2.49
2.51
2.53
2.56
2.58
2.61
2.63
2.67
2.70
2.75
2.77
2.80
2.84
2.87
2.91
2.95
3.00
3.04
3.09
3.14
3.21
3.27
3.33
3.39
3.46
3.53
3.62
3.69
3.77
3.85
3.94
4.04
4.15
4.26
4.38
4.51
4.66
4.81
4.95
5.13
5.30
5.53
7.29
1.90
1.89
1.89
1.90
1.90
1.91
1.91
1.92
1.93
1.93
1.94
1.94
1.96
1.96
1.98
0.98
0.75
0.75
0.75
0.76
0.75
0.75
0.74
0.75
0.75
-49.326000 -35.366001 -1.938299
