1 180
1.67
1.70
1.71
1.75
1.78
1.82
1.85
1.89
1.93
1.97
2.02
2.07
4.21
4.23
4.94
5.78
7.28
7.27
7.28
7.26
7.27
2.19
2.18
2.18
7.29
7.30
4.87
4.86
4.84
4.84
4.94
5.67
81.83
81.83
81.83
13.41
13.43
11.84
11.25
10.68
10.22
9.78
9.36
9.01
8.66
8.35
8.06
7.84
7.85
7.91
10.81
81.83
10.28
10.28
10.37
10.50
10.59
10.58
10.73
12.06
12.25
12.05
12.08
81.83
81.83
81.83
81.83
81.83
81.83
3.10
3.07
3.04
3.01
81.83
81.83
81.83
81.83
81.83
81.83
81.83
2.36
2.37
4.94
7.09
7.41
7.41
4.34
4.34
8.75
8.69
8.63
8.58
5.33
4.30
4.30
1.30
1.26
1.23
0.98
0.97
0.96
0.96
0.95
0.95
0.95
0.95
0.95
0.95
0.95
0.94
0.94
0.94
0.94
0.95
0.95
0.92
0.91
0.91
0.90
0.89
0.89
0.87
0.87
0.90
0.92
0.97
1.00
1.05
1.13
6.24
6.19
6.15
6.11
6.07
6.02
4.09
4.10
5.96
6.00
6.05
6.03
3.53
3.56
4.20
4.17
5.92
5.93
5.92
5.91
5.89
5.88
3.27
3.36
3.48
3.32
3.33
3.90
3.89
5.68
5.68
5.69
5.70
3.30
5.73
5.74
5.76
5.78
5.79
5.81
5.83
5.86
5.89
5.92
5.96
4.26
4.25
6.08
6.13
4.10
6.18
2.030000 -2.206000 2.107915
