1 180
3.27
3.27
3.27
2.60
3.20
3.27
3.26
2.80
2.32
2.43
2.44
2.46
2.34
3.31
2.74
3.29
2.63
3.36
3.38
3.41
3.41
3.44
3.45
3.31
3.17
3.03
2.91
2.78
2.83
2.83
2.87
2.91
2.92
2.96
2.99
3.05
2.97
2.90
2.84
2.77
2.70
2.65
2.60
2.55
2.51
2.46
2.41
2.36
2.33
2.29
2.25
2.22
2.20
2.16
2.13
2.11
2.08
2.06
2.04
2.01
1.98
1.97
1.95
1.93
1.91
1.89
1.88
1.86
1.84
1.82
1.81
1.81
1.79
1.78
1.77
1.76
1.75
1.74
1.73
1.24
1.64
1.73
1.72
1.71
1.71
1.70
1.70
1.70
1.69
1.69
1.69
1.69
1.69
1.69
1.69
1.69
1.69
1.70
1.70
1.71
1.71
1.72
1.72
1.72
1.73
1.73
1.73
1.74
1.72
1.40
1.77
1.60
1.53
1.50
1.49
1.49
1.51
1.53
1.54
1.55
1.57
1.59
1.60
1.60
2.00
2.02
2.04
2.07
2.09
2.12
2.15
2.18
2.21
2.25
2.28
2.32
2.35
2.39
2.44
2.49
2.53
2.58
2.63
2.64
2.57
2.57
2.53
2.50
2.49
2.44
2.41
2.37
2.45
2.46
2.45
2.43
2.39
2.38
2.36
2.34
2.29
1.61
1.63
2.62
2.91
2.89
2.88
2.88
2.87
2.85
2.84
2.84
2.83
2.82
2.81
2.80
2.81
2.82
2.81
2.81
4.785000 -9.266000 -2.749508
