1 180
1.78
1.73
1.67
1.63
1.58
1.53
1.50
1.47
1.44
1.41
1.38
1.34
1.32
1.29
1.26
1.23
1.21
1.19
1.17
1.16
1.14
1.12
1.10
1.08
1.07
1.05
1.04
1.04
1.02
1.00
0.99
0.99
0.98
0.97
0.92
0.92
0.91
0.93
0.96
0.97
1.16
2.63
2.61
2.60
2.58
2.57
2.56
2.54
2.53
2.52
2.51
2.51
2.50
2.49
2.48
2.48
2.47
2.47
2.47
2.47
2.46
2.46
2.46
2.46
2.46
2.46
4.01
4.01
4.01
4.02
4.02
4.04
4.04
4.06
4.08
4.10
4.11
3.91
3.96
3.95
3.97
3.99
4.02
4.05
4.30
4.33
4.37
4.40
4.44
4.47
1.10
0.93
0.90
0.88
0.86
0.84
0.82
0.80
0.78
0.76
0.75
0.73
0.74
0.72
0.71
0.70
0.69
0.67
0.66
0.65
0.65
0.63
0.62
0.62
0.61
0.60
0.60
0.59
0.59
0.58
0.58
0.57
0.57
0.57
0.57
0.56
0.56
0.56
0.56
0.55
0.55
0.55
0.54
0.54
0.54
0.54
0.53
0.53
0.53
0.54
0.53
0.53
0.54
0.53
0.53
0.53
0.54
0.53
0.53
0.53
0.53
0.54
0.54
0.53
0.53
0.54
0.54
0.54
0.53
0.54
0.55
0.69
0.69
0.70
0.70
0.70
0.70
0.71
0.71
0.71
0.72
0.72
0.72
0.73
0.73
0.74
0.74
0.75
0.76
0.76
-44.264999 -14.007000 0.440020
