1 180
5.33
5.34
5.35
5.34
5.17
5.16
5.16
5.17
5.49
5.50
5.49
5.50
5.52
5.52
5.54
7.78
7.81
7.84
7.88
7.90
7.93
7.98
8.01
8.05
7.91
7.53
7.19
6.87
6.59
6.33
6.08
5.85
5.66
5.47
5.29
5.14
5.05
5.08
5.14
5.18
7.91
7.69
7.50
81.83
4.00
3.93
3.84
3.80
4.02
4.28
4.36
4.43
4.50
1.77
1.73
1.67
1.63
1.59
1.55
1.52
1.48
1.44
1.41
1.37
1.36
1.34
1.30
1.28
1.26
1.23
1.21
1.19
1.18
1.16
1.15
1.13
1.12
1.10
1.09
1.07
1.05
1.05
1.03
1.02
1.01
1.01
0.99
0.98
0.97
0.96
0.95
0.94
0.94
0.94
0.94
0.94
0.93
0.93
0.92
0.92
0.92
0.91
0.91
0.90
0.90
0.90
0.90
0.90
0.91
0.90
0.91
0.90
0.90
0.90
0.91
0.90
0.90
0.90
0.90
0.91
0.91
0.91
0.92
0.93
0.92
0.93
0.94
0.94
0.94
0.95
0.96
0.97
0.99
0.99
0.99
1.01
1.01
1.02
1.03
1.05
1.06
1.07
1.09
1.10
1.12
1.13
1.14
1.16
1.17
1.18
1.21
1.23
1.25
1.27
1.29
1.32
1.34
1.37
1.39
1.43
1.46
1.49
1.52
1.55
1.59
1.64
1.69
1.73
1.80
1.85
1.91
1.98
2.06
2.13
2.23
2.34
2.47
2.59
2.75
2.95
9.520000 0.624000 1.318830
