1 180
0.43
0.42
0.42
0.42
0.42
0.42
0.42
0.42
0.41
0.42
0.42
0.42
0.42
0.42
0.42
0.41
0.42
0.42
0.42
0.42
0.41
0.42
0.42
0.42
0.43
0.45
0.77
0.91
0.95
0.97
0.98
1.00
1.01
1.02
1.03
1.05
1.07
1.09
1.10
1.12
1.13
1.14
1.17
1.19
1.21
1.24
1.27
1.29
1.33
1.36
1.39
1.41
1.45
1.49
1.53
1.57
1.61
1.66
1.71
1.76
1.83
1.90
1.29
1.20
2.10
2.20
2.29
2.41
2.52
2.67
2.66
2.64
2.63
2.62
2.61
2.60
2.59
2.59
2.58
2.57
2.56
2.56
2.55
2.55
2.55
2.55
2.55
2.54
2.54
2.54
2.55
2.55
2.55
2.56
2.56
2.57
2.58
2.59
2.60
2.61
2.59
2.62
0.94
81.83
0.93
0.88
0.83
0.89
0.89
0.89
2.76
2.45
2.79
2.83
2.85
2.88
2.06
2.94
2.96
3.00
3.03
2.78
2.52
3.14
3.18
2.48
2.42
2.37
2.33
2.12
2.19
2.44
2.49
2.54
2.59
2.77
2.64
2.60
2.59
3.26
2.99
3.18
3.15
3.11
3.07
1.84
1.80
1.80
1.78
1.76
2.89
2.86
2.84
2.66
2.63
2.78
2.77
2.75
2.72
2.72
2.70
2.69
2.67
2.65
2.65
2.63
2.63
2.62
2.62
2.61
2.60
2.59
2.59
2.59
2.58
2.57
2.59
2.58
2.58
2.58
3.370000 1.285000 -2.147247
