1 180
0.97
0.97
0.97
0.97
0.97
0.97
0.97
0.97
0.96
0.96
0.96
0.96
0.96
0.97
0.98
0.98
0.99
0.99
1.00
1.00
1.02
1.02
1.03
1.03
1.04
1.05
1.06
1.07
1.08
1.09
1.11
1.12
1.13
1.14
1.15
1.17
1.19
1.20
1.23
1.24
1.26
1.28
1.30
1.32
1.35
1.38
1.39
1.41
1.44
1.48
1.51
1.54
1.57
1.61
1.65
1.70
1.73
1.77
1.82
1.88
1.95
2.03
2.09
2.18
2.26
2.36
2.46
2.58
2.70
2.90
3.07
3.33
3.63
4.03
4.51
17.30
17.30
18.42
20.54
21.19
21.16
14.99
15.01
7.45
7.45
6.16
5.69
5.28
4.92
4.63
4.35
4.11
3.90
3.70
3.54
3.38
3.24
3.11
2.99
2.88
2.78
2.68
2.59
2.50
2.43
2.36
2.29
2.25
2.17
2.13
2.07
2.01
2.03
2.04
2.09
5.24
5.32
5.40
5.49
5.59
4.50
5.79
3.55
4.22
4.37
5.86
5.79
5.71
5.64
3.21
5.51
4.49
5.39
5.34
5.28
1.38
1.38
1.38
1.38
1.37
1.35
1.35
1.34
1.33
1.32
1.31
1.30
1.36
1.44
1.53
1.64
1.78
1.93
2.13
2.35
2.62
2.92
3.53
4.09
4.63
4.61
4.61
4.62
4.62
4.61
4.62
4.62
4.62
4.63
4.63
4.64
4.64
4.65
4.67
4.68
4.70
4.72
4.73
4.76
4.78
-48.637997 -19.695999 0.243363
