1 180
1.33
1.33
1.33
1.32
1.33
1.32
1.32
1.32
1.32
1.32
1.32
1.33
1.33
1.33
1.34
1.34
1.35
1.34
1.36
1.36
1.36
1.37
1.37
1.37
1.37
1.39
1.39
1.40
1.42
1.42
1.44
1.45
1.47
1.49
1.50
1.51
1.53
1.54
1.57
1.59
1.60
1.63
1.67
1.68
1.70
1.72
1.75
1.79
1.81
1.83
1.87
1.90
1.95
1.98
2.02
2.06
2.12
2.16
2.22
2.26
2.32
2.40
2.46
2.54
2.62
2.69
2.78
2.89
2.97
3.08
3.21
3.36
7.70
5.40
5.37
5.35
5.31
5.24
5.20
5.20
5.39
5.77
6.25
6.79
11.71
10.89
10.86
10.94
11.70
11.69
10.28
7.15
7.13
7.12
7.12
7.12
7.13
4.54
4.36
4.38
4.40
4.43
4.45
4.49
4.52
4.56
4.21
4.13
4.13
3.87
3.63
3.43
3.24
3.08
2.93
2.80
2.36
2.26
2.21
2.12
2.05
1.98
1.92
1.86
1.80
1.75
1.70
1.65
1.60
1.57
1.53
1.49
1.46
1.43
1.41
1.38
1.35
1.31
1.31
1.28
1.26
1.24
1.21
1.20
1.18
1.17
1.16
1.14
1.12
1.11
1.09
1.08
1.07
1.06
1.06
1.05
1.04
1.03
1.01
1.00
0.99
0.98
0.98
0.98
0.97
0.96
0.96
0.95
0.95
0.94
0.93
0.93
0.92
0.92
0.91
0.91
0.91
0.91
0.90
0.90
-24.498999 16.493999 3.103490
