1 180
1.49
1.50
1.49
1.50
1.49
1.49
1.49
1.49
1.50
1.50
1.51
1.52
1.52
1.53
1.54
1.54
1.55
1.56
1.57
1.58
1.58
1.59
1.60
1.61
1.61
1.63
1.66
1.68
1.69
1.71
1.73
1.75
1.76
1.78
1.59
1.53
1.47
1.43
1.41
1.37
1.34
1.32
1.29
1.25
1.23
1.20
1.19
1.17
1.16
1.13
1.11
1.09
1.08
1.06
1.05
1.03
1.02
1.01
1.00
0.98
0.99
0.96
0.95
0.94
0.95
0.95
1.00
1.07
1.12
1.15
1.22
1.27
81.83
1.25
1.24
1.24
1.23
1.23
1.22
1.21
1.20
1.20
1.22
1.22
1.28
1.17
1.18
1.15
1.12
0.94
0.93
0.91
0.90
0.88
0.87
0.87
0.85
0.85
0.83
0.82
0.80
0.80
0.80
0.79
0.78
0.77
0.77
0.76
0.75
0.74
0.73
0.73
0.72
0.72
0.71
0.71
0.71
0.71
0.71
0.71
0.70
0.70
0.71
0.70
0.70
0.70
0.70
0.70
0.70
0.70
0.70
0.70
0.71
0.71
0.70
0.70
0.71
0.70
0.70
0.71
0.71
0.71
0.71
0.71
0.71
0.72
0.72
0.73
0.74
0.74
0.75
0.76
0.76
0.77
0.78
0.78
0.79
0.80
0.80
0.80
0.82
0.82
0.83
0.85
0.86
0.87
0.87
0.88
0.90
0.91
0.93
0.94
0.96
0.97
0.99
1.01
1.84
1.82
1.80
1.77
4.414000 -2.731000 1.214356
