1 180
0.68
0.69
0.68
0.68
0.69
0.70
0.70
0.70
0.72
0.71
0.71
0.73
0.74
0.74
0.75
0.75
0.76
0.76
0.77
0.78
0.78
0.80
0.80
0.81
0.81
0.82
0.84
0.84
0.86
0.87
0.88
0.90
0.92
0.93
0.96
0.98
1.01
1.04
1.06
1.08
1.10
1.14
1.17
1.19
1.28
2.23
2.19
2.17
2.15
2.12
2.10
2.09
2.07
2.12
2.10
2.09
2.08
2.08
2.10
2.30
5.23
5.57
6.01
6.44
6.97
7.59
9.97
9.95
10.60
15.65
15.68
16.51
15.11
11.98
11.97
11.96
11.96
9.17
9.21
9.25
9.29
8.88
6.91
6.03
3.34
3.35
3.36
3.33
3.39
3.41
3.18
2.97
2.81
2.66
2.53
2.03
2.31
2.20
2.11
2.03
1.94
1.88
1.81
1.75
1.70
1.65
1.59
1.55
1.51
1.46
1.44
1.40
1.37
1.33
1.30
1.28
1.25
1.22
1.20
1.18
1.16
1.14
1.12
1.10
1.08
1.06
1.05
1.03
0.82
1.01
1.00
0.99
0.97
0.96
0.95
0.94
0.93
0.93
0.91
0.90
0.90
0.89
0.89
0.89
0.89
0.87
0.87
0.86
0.86
0.85
0.85
0.84
0.84
0.84
0.83
0.83
0.83
0.82
0.82
0.82
0.82
0.81
0.81
0.81
0.81
0.81
0.81
0.81
0.81
0.81
0.81
0.81
0.81
0.82
0.82
0.82
0.83
0.84
0.84
0.84
-19.604000 17.243999 -2.608161
