1 180
3.36
3.24
3.10
2.99
2.88
2.78
2.70
2.61
2.56
2.54
2.53
2.56
2.60
2.62
2.65
2.69
2.73
2.76
2.81
2.84
2.90
2.93
2.87
2.82
2.78
2.73
2.68
2.65
2.61
2.57
2.53
2.51
2.48
2.45
2.43
2.41
2.38
2.36
2.33
2.31
2.29
2.27
2.26
2.26
2.24
2.23
2.21
2.20
2.19
2.18
2.16
2.16
2.15
2.14
2.13
2.11
2.11
2.12
2.11
2.11
2.11
2.12
2.12
2.12
2.12
2.12
2.12
2.12
2.11
2.12
2.12
2.12
2.13
2.14
2.15
2.16
2.17
5.42
5.86
6.40
7.07
7.90
8.93
10.27
11.95
16.44
81.83
81.83
81.83
14.90
81.83
81.83
81.83
81.83
81.83
9.31
8.00
6.99
6.22
5.56
5.07
4.93
4.96
4.99
3.77
3.54
3.33
3.15
3.00
2.86
2.72
2.60
2.49
2.38
2.29
2.20
2.13
2.06
1.99
1.93
1.87
1.81
1.77
1.71
1.68
1.65
1.61
1.57
1.53
1.49
1.46
1.42
1.39
1.37
1.34
1.32
1.29
1.27
1.24
1.23
1.23
1.21
1.18
1.16
1.16
1.14
1.14
1.12
1.11
1.09
1.09
1.07
1.06
1.06
1.06
1.06
1.05
1.03
1.03
1.02
1.02
1.01
1.01
1.00
1.00
1.00
0.99
0.98
0.98
0.98
0.98
0.97
0.98
0.97
0.97
0.96
0.98
0.97
0.96
0.97
0.416000 -13.740000 2.083333
