1 180
1.27
1.26
1.24
1.25
1.27
1.28
1.28
1.24
1.28
1.28
1.27
1.27
1.28
1.29
1.31
1.31
1.34
1.35
1.37
1.38
1.39
1.43
1.43
1.38
1.36
1.37
1.39
1.40
1.40
1.42
1.43
1.45
1.46
1.47
1.47
7.03
6.84
6.67
6.49
3.77
3.69
3.62
3.54
3.47
3.40
3.33
3.27
3.23
3.16
3.11
3.06
3.01
2.97
2.92
2.88
2.84
2.80
2.76
2.72
2.70
2.67
2.64
2.61
2.58
2.55
2.55
2.64
2.73
2.84
2.95
3.07
3.19
3.33
3.48
3.64
3.83
4.06
4.32
4.60
4.93
5.30
5.75
6.26
6.89
7.60
8.52
13.92
13.81
13.93
14.69
81.83
81.83
81.83
12.33
81.83
81.83
81.83
81.83
81.83
81.83
81.83
6.37
5.70
5.16
4.78
4.35
4.02
3.75
3.52
3.30
3.11
2.93
2.77
2.64
2.52
2.41
2.37
2.42
2.45
2.48
2.49
2.51
2.78
2.81
2.84
2.87
2.91
2.94
2.97
3.00
3.11
1.54
1.45
1.42
1.39
1.36
1.32
1.31
1.28
1.26
1.25
1.22
1.20
1.19
1.17
1.15
1.13
1.12
1.10
1.10
1.09
1.07
1.06
1.06
1.04
1.04
1.02
1.02
1.01
1.00
1.00
0.99
0.98
0.98
0.98
0.98
0.98
0.98
0.97
0.96
0.96
0.96
0.95
0.95
0.94
0.94
0.94
0.94
0.93
0.93
4.415000 7.615000 -0.905850
