1 180
0.90
0.86
0.83
0.79
0.77
0.74
0.72
0.70
0.68
0.65
0.65
0.66
0.66
0.67
0.68
0.68
0.70
0.71
0.72
0.73
0.74
0.75
0.76
0.78
0.80
0.81
1.03
1.71
1.73
1.76
1.78
1.80
1.83
1.86
1.88
1.92
1.95
1.98
2.02
2.05
2.10
2.14
2.18
2.21
2.26
2.32
2.37
2.43
2.50
2.56
2.63
2.70
2.79
2.88
2.93
2.91
2.92
2.99
3.14
3.28
3.41
3.56
3.73
3.92
4.14
4.38
4.66
4.98
5.31
5.72
6.20
6.39
6.38
6.38
8.07
9.26
11.37
11.41
17.83
17.97
19.05
19.08
21.48
7.37
7.36
7.37
7.38
7.38
7.40
7.40
7.42
5.73
5.21
4.74
4.36
4.06
3.78
3.53
3.31
3.13
2.97
2.83
2.70
2.56
2.45
2.35
2.26
2.17
2.09
2.04
1.98
1.90
1.85
1.86
1.88
1.91
1.94
1.96
1.98
2.06
2.10
2.13
2.16
2.19
2.22
2.26
2.29
2.34
2.35
4.38
4.46
4.55
4.61
4.53
4.48
4.42
4.37
4.32
4.26
4.22
4.18
4.13
4.09
4.06
4.01
3.97
3.94
3.90
3.88
3.85
3.82
3.79
3.76
3.74
3.72
3.70
3.68
3.66
3.63
3.59
3.62
3.61
3.59
3.58
3.58
3.56
3.56
3.56
3.54
3.54
3.54
3.20
3.53
3.34
3.23
3.25
3.25
3.25
3.26
3.26
-6.802000 -8.164001 1.269666
