1 180
4.39
4.62
4.85
5.13
5.43
5.79
6.18
6.62
6.95
6.92
6.91
9.32
10.36
11.86
11.89
81.83
18.34
19.56
19.57
21.96
7.86
7.84
7.83
7.83
7.84
7.85
7.86
5.58
4.82
4.31
3.87
3.49
3.23
2.98
2.75
2.56
2.41
2.28
2.17
2.21
2.23
2.24
2.26
2.27
2.29
2.35
2.38
2.40
2.41
2.43
2.47
2.48
2.51
2.54
2.56
4.90
4.77
4.65
4.56
4.47
4.49
4.57
4.63
4.70
4.71
4.63
4.56
4.48
4.41
4.35
4.27
4.22
4.17
4.11
4.06
4.01
3.97
3.91
3.87
3.83
3.79
3.76
3.72
3.69
3.65
3.63
3.60
3.11
0.70
0.72
0.71
0.71
0.70
0.70
0.69
0.68
0.69
0.68
0.68
0.67
0.67
0.67
0.66
0.67
0.67
0.66
0.66
0.67
0.66
0.66
0.66
0.67
0.66
0.66
0.66
0.66
0.66
0.66
0.66
0.66
0.67
0.66
0.66
0.67
0.67
0.68
0.68
0.69
0.69
0.70
0.70
0.71
0.71
0.72
0.72
0.73
0.74
0.73
0.74
0.75
0.77
0.76
0.77
0.78
0.80
0.80
0.80
0.82
0.83
0.83
0.85
0.86
0.88
0.90
0.93
0.92
0.93
0.95
0.97
0.99
1.01
1.03
1.06
1.07
1.10
1.13
1.16
1.19
1.23
1.27
1.30
1.34
1.39
1.44
1.48
1.55
1.61
1.66
1.74
1.82
6.332000 -9.888000 -2.485250
