1 180
3.28
3.26
3.26
3.25
1.93
1.77
1.65
1.54
1.54
1.54
1.56
1.55
1.57
1.58
1.58
1.60
1.61
1.61
1.63
1.64
1.65
1.67
1.71
1.91
1.93
1.95
1.97
1.98
1.91
1.81
1.36
1.37
1.39
1.41
1.43
1.46
1.49
1.51
1.53
1.54
1.51
1.49
1.46
1.44
1.42
1.41
1.39
1.37
1.35
1.33
0.95
0.94
0.93
0.98
1.02
1.05
1.08
1.12
1.16
1.21
1.24
3.23
3.21
3.19
3.16
2.83
2.90
3.08
3.11
3.09
3.07
3.06
3.05
3.03
3.02
3.01
3.00
2.99
2.99
2.98
2.97
2.98
2.98
2.99
2.69
2.72
2.98
2.99
2.99
2.99
2.99
2.99
3.00
3.01
3.02
3.04
3.05
3.06
3.08
3.10
2.94
2.82
2.77
2.64
2.52
2.42
2.31
2.23
2.10
2.06
2.08
2.08
2.04
1.98
1.92
1.86
1.82
1.78
1.72
1.69
1.65
1.61
1.57
1.53
1.51
1.48
1.29
1.25
1.26
1.25
1.22
1.21
1.19
1.17
1.16
1.15
1.13
1.12
1.10
1.09
1.08
1.06
1.04
1.03
1.06
1.06
1.09
1.16
1.17
1.15
1.15
1.18
1.24
1.29
1.34
1.41
1.48
1.56
1.63
1.73
1.85
2.03
2.92
3.41
3.50
2.99
2.98
2.97
2.96
2.95
2.95
2.94
2.94
2.93
3.12
3.45
3.45
3.45
2.78
2.78
-46.415001 -22.902000 -2.122664
