1 180
0.78
0.79
0.78
0.79
0.79
0.79
0.79
0.79
0.80
0.79
0.80
0.80
0.80
0.81
0.81
0.82
0.82
0.82
0.82
0.83
0.83
0.84
0.85
0.85
0.86
0.87
0.88
0.88
0.89
0.90
0.90
0.92
0.93
0.94
0.95
0.97
0.98
1.00
1.02
1.04
1.05
1.06
1.08
1.11
1.13
1.15
1.17
1.19
1.22
1.24
1.27
1.30
1.33
1.37
1.18
1.16
1.19
1.22
1.25
1.29
1.33
1.37
1.40
1.45
1.49
1.54
1.59
1.66
1.71
1.79
1.86
1.94
3.68
3.66
3.64
3.62
3.61
3.60
3.58
3.57
3.55
3.54
3.53
3.52
3.52
3.51
3.51
3.51
3.51
3.51
3.51
3.51
3.51
3.52
3.52
3.53
2.00
1.89
1.89
1.90
1.91
1.92
1.93
1.94
1.95
1.96
1.96
1.97
1.99
2.00
2.02
2.03
2.05
2.07
2.08
2.09
2.12
2.13
2.15
2.18
2.20
2.22
2.25
2.28
2.31
2.34
2.37
2.40
2.44
2.46
2.50
2.54
2.58
2.62
2.67
2.72
2.77
2.82
2.88
2.94
3.00
3.07
3.14
3.21
3.30
3.37
1.50
3.55
3.66
3.77
3.89
4.01
4.15
4.30
4.45
4.64
4.83
5.02
1.44
1.42
1.39
1.38
1.36
1.36
0.94
1.02
1.32
1.31
1.29
1.26
1.27
1.29
1.27
1.27
1.26
1.26
1.27
1.28
1.30
1.32
2.867000 0.256000 -0.524828
