1 180
1.40
1.37
1.33
1.30
1.33
1.33
1.35
1.37
1.39
1.42
1.44
1.46
1.48
1.51
1.54
1.57
1.59
1.63
1.65
1.69
1.73
1.76
1.81
1.85
1.90
1.95
1.99
2.05
2.11
2.18
2.25
2.32
2.40
2.49
2.58
2.69
2.80
2.92
3.05
3.21
3.37
3.57
3.78
4.03
4.30
4.64
5.01
5.46
5.96
6.57
7.34
12.41
12.36
12.34
81.83
81.83
81.83
81.83
81.83
10.88
81.83
81.83
81.83
81.83
81.83
81.83
81.83
81.83
81.83
5.62
5.14
4.75
4.44
4.14
3.89
3.66
3.47
3.30
3.13
2.98
2.84
2.71
2.61
2.51
2.41
2.33
2.26
2.18
2.12
2.05
1.99
1.92
1.88
1.82
1.77
1.74
1.69
1.65
1.61
1.58
1.55
1.52
1.50
1.46
1.43
1.41
1.39
1.36
1.35
1.33
1.32
1.30
1.28
1.26
1.27
1.24
1.30
1.35
1.39
1.44
1.48
1.99
2.06
2.13
4.49
5.94
5.90
5.86
5.82
5.80
5.74
5.71
5.68
5.00
4.98
4.96
4.93
4.92
5.51
5.52
5.50
5.48
5.62
5.61
5.60
5.59
5.59
5.58
4.40
5.58
5.59
5.59
5.43
4.86
4.82
4.83
4.84
5.01
5.53
5.55
5.57
5.61
5.63
1.30
1.22
1.12
1.09
1.11
1.12
1.12
1.13
1.14
1.15
1.16
1.16
1.18
1.18
1.19
1.20
1.22
-49.764999 -36.531998 -3.136677
