1 180
2.82
1.35
1.27
1.23
1.24
3.00
3.01
3.05
3.09
3.15
3.19
3.23
3.18
3.11
3.05
2.99
2.94
2.89
2.84
2.80
2.75
2.71
2.66
2.63
2.59
2.56
2.52
2.49
2.47
2.44
2.41
2.39
2.36
2.34
2.32
2.30
2.28
2.27
2.25
2.23
2.21
2.20
1.41
1.39
1.38
1.37
1.35
1.34
1.33
1.34
1.36
1.37
1.37
1.35
1.35
1.36
1.36
1.36
1.71
2.10
2.21
2.21
2.21
2.21
2.21
2.22
2.22
2.22
2.23
2.23
2.24
2.25
2.26
2.27
2.28
2.29
1.95
1.97
2.24
2.32
2.34
2.35
2.37
2.39
1.10
1.06
1.01
0.98
0.96
0.92
0.92
0.93
0.97
0.99
0.99
1.01
1.02
1.03
1.04
1.05
1.07
1.08
1.10
1.92
1.97
2.01
2.93
2.83
2.85
3.10
3.17
3.23
3.30
3.37
3.45
3.54
3.62
3.73
3.82
3.94
3.91
3.87
3.82
3.80
3.75
3.72
2.28
2.44
2.44
2.25
2.24
2.22
2.22
2.18
2.24
2.22
2.21
3.45
3.45
3.42
3.42
3.42
3.41
2.79
2.62
2.61
2.63
2.66
2.62
2.62
2.63
2.62
2.64
2.59
2.33
2.35
2.36
2.36
2.38
2.38
2.39
2.40
2.42
2.43
1.93
1.91
1.89
1.90
1.94
3.53
3.55
3.62
1.89
1.87
1.87
3.69
3.69
3.72
3.77
3.80
9.009000 -13.136000 -0.199115
