1 180
5.22
5.53
5.87
6.25
6.68
14.66
11.39
11.25
11.13
11.14
11.98
11.98
81.83
81.83
81.83
9.55
81.83
81.83
81.83
81.83
81.83
81.83
81.83
81.83
4.28
3.73
3.34
3.02
2.75
2.51
2.34
2.19
2.07
1.94
1.82
1.72
1.63
1.54
1.48
1.41
1.35
1.29
1.24
1.18
1.14
1.11
1.06
1.04
1.00
0.97
0.93
0.91
0.89
0.86
0.85
0.85
0.84
0.79
0.78
0.76
0.74
0.73
0.72
0.70
0.70
0.69
0.67
0.66
0.65
0.65
0.64
0.63
0.62
0.62
0.61
0.60
0.60
0.59
0.59
0.58
0.58
0.57
0.56
0.56
0.56
0.56
0.55
0.55
0.55
0.53
0.54
0.53
0.53
0.53
0.53
0.53
0.52
0.52
0.52
0.53
0.52
0.51
0.51
0.52
0.52
0.51
0.51
0.51
0.51
0.51
0.51
0.51
0.51
0.51
0.52
0.51
0.52
0.53
0.52
0.52
0.52
0.53
0.52
0.54
0.53
0.54
0.54
0.54
0.55
0.56
0.55
0.55
0.56
0.56
0.57
0.58
0.58
0.59
0.60
0.60
0.61
0.61
0.62
0.62
0.64
0.64
0.65
0.66
0.67
0.69
0.69
0.70
0.71
0.73
0.77
4.38
4.31
4.27
4.19
2.18
2.17
2.16
2.14
2.12
2.10
2.09
2.07
2.05
2.04
2.03
2.01
1.76
1.75
1.74
1.72
1.71
1.71
1.68
1.68
1.67
-1.704000 -8.635000 -3.136677
