1 180
4.40
4.45
4.49
4.40
4.57
4.52
4.10
4.72
4.78
4.83
4.89
4.86
4.75
4.64
4.57
3.92
3.79
3.76
3.75
3.26
3.19
3.16
2.99
2.96
2.91
2.88
2.87
2.94
2.99
3.07
3.15
3.23
3.32
3.42
3.50
3.62
3.73
3.87
4.00
4.14
5.83
5.80
5.75
5.72
5.68
5.64
5.62
5.60
5.56
5.55
5.52
3.00
2.97
2.94
2.91
2.89
2.93
3.05
3.18
3.31
3.46
3.61
3.83
4.07
4.35
4.68
5.10
5.75
16.96
16.97
17.00
17.04
17.11
81.83
13.73
11.97
11.30
11.32
9.58
9.00
8.45
7.99
7.61
7.22
6.90
6.59
6.32
6.06
5.85
5.64
5.60
5.67
5.73
8.57
8.34
8.11
7.99
8.03
8.14
8.22
7.66
8.36
8.37
9.66
9.81
9.96
8.53
9.91
9.72
9.56
9.42
9.28
8.20
8.06
3.17
2.68
2.58
81.83
81.83
81.83
81.83
81.83
81.83
81.83
81.83
81.83
81.83
81.83
1.94
81.83
81.83
81.83
81.83
81.83
81.83
81.83
81.83
81.83
81.83
81.83
81.83
81.83
81.83
1.49
81.83
1.46
1.44
1.41
1.37
1.20
1.14
1.04
1.10
1.29
1.20
1.14
81.83
81.83
1.32
81.83
81.83
81.83
81.83
81.83
1.23
1.20
1.21
1.18
1.18
1.18
1.17
1.16
1.15
1.15
1.15
1.15
1.14
1.14
1.14
1.13
1.890000 2.090000 0.157325
