1 180
4.05
4.06
4.08
4.09
4.09
4.11
4.13
4.15
4.07
3.83
3.62
3.45
3.30
3.16
3.03
2.90
2.78
2.69
2.59
2.50
2.42
2.35
2.29
2.21
2.15
2.09
2.05
2.00
1.95
1.90
1.86
1.81
1.79
1.75
1.71
1.69
1.66
1.62
1.61
1.59
1.56
1.53
1.51
1.50
1.48
1.46
1.43
1.42
1.40
1.39
1.38
1.36
1.34
1.32
1.32
1.38
1.43
1.49
1.54
1.54
2.61
2.59
2.54
2.50
2.48
2.45
2.45
2.45
2.62
2.84
3.06
3.34
3.67
4.07
4.60
5.28
6.16
7.23
21.83
21.46
18.13
18.14
15.53
15.34
15.42
9.48
9.49
8.69
7.31
4.20
3.73
3.35
3.04
2.76
2.54
2.35
2.19
2.05
1.93
1.81
1.73
1.64
1.57
1.51
1.45
1.39
1.34
1.28
1.25
1.21
1.24
1.25
1.27
1.29
1.30
1.31
1.32
1.34
1.36
1.38
1.40
1.41
8.34
8.34
8.18
8.03
7.87
3.43
3.38
3.32
3.26
3.22
3.17
3.14
3.09
3.05
3.01
2.98
2.94
2.90
2.87
2.84
2.81
2.79
2.76
2.74
2.72
2.70
2.67
2.65
2.65
2.63
2.61
2.59
2.58
2.57
2.55
2.54
2.54
2.53
2.52
2.51
2.50
2.49
2.48
2.47
2.47
2.45
2.45
2.45
2.46
2.46
2.46
2.46
2.46
2.53
2.71
2.92
3.17
3.50
-13.790999 19.768000 -2.423795
