1 180
1.47
1.47
1.47
1.47
1.47
1.47
1.47
1.48
1.47
1.47
1.47
1.47
1.47
1.48
1.48
1.48
1.48
1.49
1.49
1.49
1.50
1.50
1.51
1.52
1.53
1.54
1.54
1.55
1.53
1.47
1.41
1.36
1.32
1.29
1.33
1.66
1.67
1.70
1.71
1.74
1.75
1.77
1.80
1.82
1.84
1.88
1.90
1.71
1.96
1.99
2.02
2.06
2.09
2.14
2.17
2.22
2.26
2.31
2.37
2.42
2.48
2.53
2.59
2.67
2.74
2.82
2.91
3.00
2.64
3.19
3.30
3.42
3.55
3.69
3.85
4.03
3.91
4.45
4.69
4.97
5.26
5.61
5.79
5.77
5.77
6.11
6.70
7.42
8.31
13.15
12.17
12.18
13.41
13.36
13.47
14.52
1.84
1.65
1.65
1.65
1.66
1.66
1.67
1.67
1.68
1.68
1.69
1.69
1.70
1.70
1.71
1.72
1.72
1.73
1.74
1.76
1.77
1.78
1.79
1.81
1.83
1.84
1.85
1.87
1.89
1.91
1.93
1.94
1.97
1.99
2.02
2.03
2.06
2.08
2.11
2.14
2.17
2.21
2.24
2.27
2.31
2.35
2.39
2.43
2.47
2.53
2.58
2.63
2.69
2.76
2.83
2.90
2.97
3.04
3.13
3.21
3.31
3.42
3.52
3.63
3.76
3.73
3.69
3.67
3.64
3.62
3.60
3.58
3.56
3.54
0.80
0.80
0.80
0.79
0.79
0.79
0.78
0.78
0.79
0.78
7.048000 -8.641000 2.943707
