1 180
1.11
1.14
1.18
1.22
1.25
1.29
1.33
1.40
1.45
1.51
1.57
1.64
2.19
2.29
2.40
2.54
2.69
2.87
3.06
3.29
3.58
3.92
4.33
4.85
5.47
6.25
7.28
8.72
8.92
12.61
12.60
12.39
12.62
3.05
2.88
2.88
2.87
2.41
2.15
1.82
1.81
1.62
1.58
1.59
1.63
1.63
1.63
1.64
1.65
1.66
1.66
1.67
1.68
1.69
1.71
1.72
1.73
1.68
1.63
1.57
1.53
1.48
1.44
1.40
1.37
1.33
1.29
1.25
1.22
1.19
1.17
1.14
1.12
1.09
1.07
1.06
1.04
1.02
1.00
0.99
0.97
0.96
0.94
0.93
0.92
0.90
0.89
0.87
0.86
0.86
0.84
0.84
0.83
0.82
0.81
0.80
0.79
0.79
0.78
0.77
0.77
0.76
0.76
0.75
0.74
0.74
0.73
0.73
0.73
0.73
0.72
0.72
0.72
0.72
0.71
0.71
0.71
0.71
0.71
0.73
2.26
2.26
2.26
2.26
2.26
2.26
2.26
2.27
2.27
2.27
2.27
2.28
2.29
2.30
2.31
2.32
2.33
2.34
2.36
2.36
2.38
2.39
2.41
2.31
2.22
2.25
2.27
2.29
2.31
2.33
2.35
2.37
2.39
2.41
2.45
2.69
2.72
2.76
2.78
2.82
2.85
2.90
2.93
2.99
3.04
3.08
3.13
3.18
3.24
3.31
3.36
3.43
3.50
3.58
3.65
3.71
3.81
3.90
4.01
4.12
-42.477997 -13.840000 -0.715339
