1 180
0.86
0.86
0.86
0.86
0.87
0.86
0.86
0.86
0.86
0.86
0.86
0.87
0.86
0.86
0.86
0.87
0.88
0.88
0.89
0.88
0.88
0.88
0.89
0.89
0.90
0.91
0.92
0.93
0.94
0.94
0.95
0.95
0.96
0.97
0.99
0.99
1.00
1.02
1.02
1.04
1.05
1.07
1.09
1.10
1.12
1.13
1.14
1.17
1.19
1.21
1.24
1.26
1.27
1.30
1.34
1.37
1.39
1.43
1.47
1.51
1.55
1.59
1.65
1.68
1.75
1.81
1.87
1.95
2.02
2.10
2.20
2.30
2.42
2.56
2.75
2.96
3.20
3.54
3.94
8.23
9.01
9.07
14.12
14.10
14.09
14.09
14.09
15.22
17.48
18.66
17.94
17.95
11.76
4.19
4.19
3.23
2.99
2.73
2.52
2.33
2.18
2.04
1.92
1.81
1.73
1.65
1.57
1.49
1.43
1.37
1.32
1.27
1.22
1.16
1.12
1.09
1.05
1.02
1.00
0.96
0.93
0.91
0.89
0.87
0.84
0.83
0.82
0.80
0.78
0.78
0.77
0.75
0.75
0.72
0.72
0.71
0.71
0.70
0.69
0.68
0.67
0.67
0.66
0.65
0.65
0.64
0.64
0.63
0.63
0.62
0.62
0.62
0.62
0.60
0.60
0.60
0.59
0.59
0.59
0.59
0.58
0.58
0.58
0.57
0.57
0.56
0.56
0.56
0.56
0.56
0.56
0.56
0.56
0.56
0.56
0.55
0.56
0.56
0.56
0.56
7.424000 0.866000 2.869960
