1 180
1.82
1.83
3.34
7.08
2.35
3.66
3.73
2.31
5.18
7.45
6.29
1.23
1.22
7.81
1.68
8.00
8.11
6.34
3.44
3.46
7.92
5.77
7.60
7.32
7.32
7.25
7.16
3.74
3.81
3.77
3.38
4.10
4.11
3.84
81.83
81.83
6.59
4.66
81.83
3.82
6.37
81.83
81.83
81.83
81.83
81.83
81.83
81.83
81.83
81.83
81.83
81.83
3.66
81.83
81.83
81.83
81.83
3.00
2.98
81.83
3.06
81.83
81.83
20.83
20.80
20.78
20.76
16.31
16.37
16.51
6.66
1.30
6.66
7.43
1.75
2.11
2.08
2.06
2.02
1.82
1.81
1.82
1.82
1.82
1.83
1.83
1.84
1.86
1.87
1.88
1.76
1.87
1.38
1.86
1.99
4.26
4.26
4.26
4.26
4.26
4.27
4.28
4.29
4.31
4.31
4.32
4.37
7.46
7.58
4.71
7.81
4.07
7.81
7.67
7.66
7.84
6.98
6.36
6.27
6.07
6.02
6.03
6.15
6.30
2.16
2.19
2.02
81.83
81.83
81.83
81.83
81.83
81.83
81.83
81.83
81.83
81.83
81.83
81.83
2.44
2.49
2.49
2.53
81.83
81.83
2.58
81.83
81.83
81.83
81.83
81.83
81.83
81.83
81.83
81.83
3.30
81.83
81.83
81.83
81.83
4.15
4.14
4.14
4.13
4.11
4.12
4.15
4.20
4.21
2.66
2.87
4.26
4.30
4.33
4.31
4.38
4.40
4.43
2.63
2.40
-0.450000 -0.081000 -0.475664
