1 180
2.05
2.04
2.03
2.03
2.10
81.83
81.83
81.83
81.83
81.83
81.83
2.92
81.83
81.83
81.83
3.83
3.81
81.83
81.83
3.79
81.83
3.73
81.83
81.83
4.69
5.64
5.61
5.57
5.67
5.75
5.84
9.68
81.83
81.83
81.83
7.97
81.83
81.83
81.83
81.83
81.83
11.32
11.75
11.65
14.99
14.86
81.83
6.70
6.41
4.48
4.57
5.14
4.94
4.96
4.99
5.13
5.75
4.69
5.77
5.81
5.83
5.86
5.87
5.91
5.94
5.96
6.00
6.04
6.07
6.11
6.16
6.21
6.24
6.30
6.34
6.30
3.92
3.91
2.42
2.39
2.36
2.33
2.31
2.28
2.26
2.22
2.21
2.19
2.17
2.15
2.12
2.10
2.08
2.09
2.08
2.06
2.06
2.05
2.04
2.02
2.02
2.00
1.99
1.98
1.98
1.97
1.96
1.97
1.96
1.96
1.96
1.96
1.96
1.97
1.96
1.96
1.96
1.95
1.96
1.96
1.97
1.97
1.98
2.00
2.00
2.02
2.03
2.04
2.04
2.06
2.06
2.08
2.09
2.10
2.12
2.14
2.15
2.17
2.19
2.21
2.24
2.26
2.29
2.31
2.34
2.37
2.40
2.43
2.46
2.49
2.53
2.57
2.62
2.66
2.70
2.75
2.81
2.87
2.92
2.99
3.05
3.13
3.21
3.28
3.37
3.48
3.58
3.69
3.82
3.95
4.10
4.28
4.49
4.73
5.01
5.32
5.71
6.20
6.92
15.99
8.215000 2.166000 -2.810963
