1 180
1.07
1.07
1.07
1.08
1.08
1.08
1.08
1.08
1.09
1.09
1.09
1.09
1.09
1.09
1.10
1.10
1.10
1.11
1.12
1.12
1.12
1.13
1.13
1.14
1.16
1.16
1.17
1.17
1.19
1.20
1.21
1.22
1.23
1.25
1.27
1.28
1.29
1.29
1.31
1.32
1.35
1.37
1.39
1.41
1.42
1.45
1.48
1.51
1.53
1.57
1.59
1.63
1.64
1.68
1.72
1.77
1.81
1.85
1.90
1.94
2.00
2.06
2.12
2.19
2.24
2.32
2.41
2.49
2.58
2.68
2.79
2.92
3.06
3.21
3.37
3.57
3.79
4.01
4.29
4.60
4.94
5.37
5.85
11.16
10.82
10.79
10.72
14.41
11.57
81.83
17.13
81.83
81.83
9.18
81.83
81.83
81.83
81.83
81.83
81.83
81.83
81.83
81.83
81.83
81.83
7.57
7.61
4.11
3.86
3.63
3.42
3.26
3.12
2.98
2.85
2.73
2.61
2.51
2.42
2.35
2.27
2.18
2.14
2.06
2.01
1.95
1.93
1.85
1.82
1.77
1.73
1.70
1.66
1.62
1.58
1.55
1.52
1.50
1.47
1.44
1.43
1.39
1.38
1.35
1.34
1.31
1.30
1.28
1.26
1.24
1.24
1.23
1.22
1.21
1.20
1.18
1.16
1.16
1.15
1.13
1.13
1.12
1.12
1.10
1.11
1.10
1.09
1.09
1.08
1.08
1.08
1.07
1.07
1.06
1.06
1.05
1.05
1.06
1.05
1.05
0.000000 0.000000 -0.002458
