1 180
2.74
2.76
2.78
2.79
2.81
2.82
2.84
2.88
2.90
2.92
2.95
2.98
3.01
2.98
3.08
3.12
3.15
3.20
3.24
3.29
3.34
3.30
3.24
3.16
2.40
2.26
2.21
2.17
2.13
2.19
2.22
1.09
0.99
0.99
0.98
0.97
0.96
0.95
0.95
0.95
0.96
0.96
0.97
0.98
0.97
0.97
0.97
0.96
0.97
0.97
0.98
0.98
0.95
0.95
2.20
2.20
2.21
2.19
2.18
2.17
2.18
2.17
2.16
2.23
2.23
2.23
2.22
2.22
2.21
2.19
1.76
2.21
2.22
2.22
2.22
2.22
2.22
2.23
2.23
2.24
2.24
2.25
2.25
2.26
2.27
2.22
2.14
2.16
1.79
1.70
1.67
1.64
1.62
1.60
1.55
1.56
1.59
1.85
1.68
1.74
1.68
1.64
1.59
1.63
1.64
1.67
1.69
1.71
1.74
1.77
1.78
1.82
1.97
2.75
2.79
2.84
2.89
2.89
2.90
2.90
1.95
1.94
1.93
1.94
2.55
2.99
3.06
3.12
2.29
2.28
2.29
2.30
3.38
3.35
1.93
1.95
2.69
2.67
2.64
2.60
2.56
2.22
2.19
2.24
3.09
3.08
3.06
3.04
3.02
3.02
3.01
3.00
2.98
2.31
2.20
2.20
2.21
2.23
2.24
2.24
2.21
2.21
2.21
2.21
2.19
2.03
1.97
1.94
1.95
1.96
1.96
1.97
1.98
1.99
2.04
3.04
3.05
3.07
3.09
3.11
6.323000 -8.880000 -1.090216
