1 180
4.75
5.26
6.01
13.48
13.45
13.45
13.45
13.45
13.45
13.45
13.45
13.47
13.49
11.42
9.79
8.54
7.65
7.65
6.25
5.72
5.30
4.93
4.60
4.34
4.11
3.87
3.67
3.48
3.33
3.19
3.07
2.95
2.83
2.72
2.62
2.54
2.45
2.38
2.31
2.25
2.18
2.13
2.07
2.02
1.97
1.98
2.00
2.03
2.07
2.10
2.14
4.50
4.58
4.65
4.72
4.82
4.33
4.92
4.29
4.60
5.16
6.78
6.83
6.75
6.68
5.31
5.32
6.45
6.40
6.34
6.29
6.23
6.19
6.15
6.10
5.29
5.26
5.22
5.19
5.17
5.45
5.81
4.44
5.87
5.85
5.62
5.81
5.80
5.78
5.71
5.68
5.66
5.65
5.64
5.63
5.63
5.62
5.06
5.08
5.06
5.61
5.65
5.65
4.90
4.69
4.52
5.71
5.72
5.74
4.13
3.85
3.59
3.35
3.38
3.39
3.37
3.22
3.11
3.12
3.13
3.16
3.19
3.22
3.24
3.26
3.28
3.37
3.27
3.16
3.08
2.99
2.91
2.83
2.77
2.70
2.63
2.58
2.53
2.45
2.41
2.36
2.31
2.28
2.24
2.20
2.16
2.14
1.88
1.91
1.96
2.00
2.02
2.08
2.19
2.18
2.16
2.12
2.11
2.08
2.07
2.05
2.03
2.00
1.95
2.03
2.06
2.10
2.16
2.21
2.24
2.28
2.35
81.83
81.83
81.83
81.83
81.83
2.70
81.83
81.83
7.979000 1.098000 0.833333
