1 180
2.87
2.86
2.86
2.85
2.83
2.82
2.82
2.82
2.81
2.82
2.80
2.82
2.81
2.80
2.81
2.82
2.82
2.83
2.83
2.84
2.85
2.85
2.86
2.87
2.88
2.88
2.90
2.91
2.93
2.94
2.95
2.98
1.31
1.33
3.04
3.06
3.09
3.10
3.14
2.24
3.19
3.23
81.83
1.89
0.82
0.78
81.83
3.45
3.49
3.53
3.59
3.63
3.68
3.62
3.55
3.48
3.42
3.36
3.31
3.26
3.20
3.17
1.98
3.08
3.04
2.99
2.95
2.92
2.88
2.84
2.81
2.78
2.76
2.73
2.70
2.68
1.71
2.64
2.61
1.01
1.01
0.97
81.83
81.83
81.83
2.51
2.49
2.48
2.46
2.45
2.44
2.44
2.44
2.43
2.42
2.42
2.41
2.41
2.41
2.40
2.40
1.08
1.04
2.40
2.40
2.41
2.40
2.41
2.41
2.41
2.42
2.43
2.44
2.44
2.45
2.46
2.38
2.23
2.10
1.99
1.89
1.79
1.71
1.63
1.57
1.51
1.46
1.40
1.35
1.32
1.26
1.23
1.18
1.16
1.12
1.10
1.06
1.03
1.00
0.99
0.97
0.95
0.92
0.91
0.88
0.87
0.85
0.84
0.83
0.81
0.80
0.79
0.78
0.77
0.76
0.75
0.74
0.73
0.72
0.71
0.70
0.69
0.68
0.68
0.67
0.66
0.66
0.66
0.66
0.65
0.64
0.64
0.63
0.63
0.63
0.62
0.62
0.62
0.61
0.61
9.156000 -1.124000 -1.907571
