1 180
0.86
0.87
0.87
0.87
0.87
0.88
0.88
0.88
0.89
0.89
0.91
0.91
0.91
0.92
0.93
0.94
0.95
0.95
0.98
0.98
0.99
1.01
1.01
1.03
1.05
1.07
1.09
1.11
1.13
1.14
1.16
1.19
1.21
1.24
1.27
1.29
1.32
1.35
1.37
1.41
1.45
1.48
1.53
1.58
1.63
1.67
1.73
1.80
1.87
1.94
2.03
2.12
2.23
2.35
2.49
2.66
2.91
3.21
3.58
4.15
6.46
5.49
5.50
4.94
5.47
5.53
5.54
5.56
5.64
10.59
10.56
10.55
10.53
10.50
10.48
10.48
10.47
10.48
11.60
14.02
13.61
15.02
14.31
10.39
8.69
8.12
6.88
6.15
5.52
5.03
4.67
4.32
4.01
3.75
0.82
0.78
0.73
0.69
0.66
0.63
0.58
0.56
0.57
0.57
0.58
0.58
0.58
0.59
0.58
0.58
0.59
0.61
0.62
0.63
0.64
0.64
0.63
0.59
0.59
0.60
0.60
0.61
0.62
0.63
0.63
0.64
0.65
0.65
0.66
0.68
0.68
0.69
0.70
0.69
0.71
0.72
0.73
0.75
0.77
0.79
0.80
0.81
0.83
0.85
0.87
0.88
0.91
0.92
0.94
0.97
1.00
1.02
1.06
1.09
1.12
1.15
1.20
1.25
1.25
2.19
3.64
3.63
3.63
3.63
3.63
3.63
3.62
3.62
3.62
3.62
3.62
3.63
3.63
3.63
3.64
3.65
3.65
3.66
3.67
3.65
3.940000 2.169000 2.747050
