1 180
4.00
3.99
3.98
3.97
3.97
3.97
3.97
3.97
3.05
3.05
3.98
3.98
3.86
3.36
2.96
2.62
2.25
2.04
1.95
1.71
1.58
1.48
1.39
1.31
1.26
1.20
1.14
1.09
1.05
1.00
0.96
0.92
0.89
0.85
0.83
0.80
0.78
0.75
0.74
0.71
0.70
0.71
0.72
0.72
0.73
0.75
0.76
0.76
0.78
0.78
0.80
0.81
0.83
0.86
0.85
0.86
0.91
81.83
3.69
4.90
4.88
4.81
4.75
4.70
4.55
4.60
4.56
4.51
4.47
4.43
4.39
1.76
1.74
1.72
1.71
1.70
1.70
1.72
1.90
2.01
2.12
2.25
2.40
2.58
2.77
3.01
3.29
3.63
4.05
4.61
5.29
6.32
7.34
9.89
9.89
9.88
12.26
12.27
12.06
12.16
12.41
12.41
12.45
14.71
14.74
14.79
4.22
3.14
2.69
2.37
2.15
1.96
1.80
1.69
1.60
1.50
1.44
1.36
1.31
1.26
1.20
1.15
1.11
1.07
1.04
0.99
0.96
0.93
0.91
0.88
0.86
0.85
0.83
0.80
0.79
0.78
0.77
0.75
0.74
0.73
0.71
0.70
0.69
0.68
0.67
0.66
0.66
0.64
0.64
0.64
0.63
0.62
0.62
0.61
0.60
0.60
0.59
0.59
0.58
0.58
0.57
0.57
0.57
0.56
0.56
0.55
0.55
0.54
0.54
0.54
0.54
0.53
0.53
0.53
0.53
0.53
0.53
0.53
0.53
0.53
-4.174000 13.681000 2.587266
