1 180
1.35
1.34
1.32
1.30
1.29
1.28
1.26
1.25
1.26
1.26
1.26
1.27
1.26
1.27
1.27
1.27
1.27
1.27
1.26
1.26
1.25
1.25
1.26
1.27
1.26
1.27
1.23
1.27
1.31
1.31
1.14
1.07
1.08
1.21
1.36
1.36
1.35
1.38
1.38
81.83
1.42
81.83
81.83
81.83
81.83
81.83
81.83
81.83
81.83
81.83
81.83
81.83
81.83
81.83
81.83
1.80
81.83
81.83
1.67
7.40
7.42
1.56
7.59
7.63
7.73
7.80
1.65
7.95
2.78
4.73
8.25
8.36
3.22
8.62
6.57
8.89
2.62
6.59
6.65
2.48
2.45
2.41
2.39
2.43
2.49
2.55
2.54
2.56
2.56
2.57
5.82
7.87
10.04
5.96
7.68
4.07
81.83
81.83
81.83
81.83
81.83
81.83
4.73
4.65
81.83
81.83
81.83
81.83
81.83
81.83
81.83
7.95
8.00
8.26
8.34
12.17
81.83
11.45
11.56
12.89
11.75
11.70
13.26
13.39
11.90
3.86
3.51
4.08
4.09
3.14
3.03
2.91
2.82
2.72
2.64
2.56
2.49
2.42
2.36
2.29
2.24
2.18
2.14
2.09
2.05
2.01
1.50
1.47
1.68
2.01
2.04
2.08
2.17
3.06
3.10
3.14
3.19
3.24
3.29
3.34
3.38
1.96
1.93
3.57
3.65
3.72
3.79
3.87
3.96
4.05
4.14
4.25
4.25
4.26
4.27
4.28
4.29
4.31
4.31
4.33
-39.362000 5.061000 -2.509833
