1 180
7.14
7.11
7.09
8.82
11.79
11.44
81.83
18.57
19.82
19.78
20.85
8.38
8.09
8.09
8.10
8.10
8.12
8.13
6.62
5.91
5.30
4.83
4.47
4.12
3.83
3.58
3.37
3.17
3.00
2.83
2.70
2.58
2.52
2.54
2.57
2.58
2.61
2.63
2.71
2.73
2.76
2.78
2.81
2.84
2.88
2.90
5.20
5.07
4.96
4.85
4.82
4.91
5.00
5.07
5.07
4.99
4.90
4.83
4.75
4.68
4.62
4.55
4.49
4.43
4.38
4.32
4.27
4.23
4.18
4.14
4.10
1.06
1.05
1.05
1.04
1.02
1.02
1.01
1.00
1.00
0.99
0.99
0.98
0.98
0.97
0.97
0.96
0.96
0.95
0.95
0.95
0.94
0.93
0.94
0.93
0.93
0.93
0.92
0.92
0.92
0.93
0.92
0.92
0.92
0.93
0.93
0.93
0.93
0.93
0.94
0.94
0.94
0.95
0.95
0.97
0.96
0.96
0.96
0.97
0.98
0.99
0.99
0.99
1.02
1.02
1.03
1.03
1.04
1.05
1.06
1.07
1.08
1.09
1.09
1.12
1.13
1.14
1.15
1.16
1.18
1.20
1.21
1.23
1.25
1.27
1.29
1.32
1.35
1.37
1.40
1.43
1.47
1.49
1.53
1.56
1.61
1.65
1.70
1.75
1.80
1.85
2.06
2.11
2.42
2.50
4.89
4.88
6.54
6.49
6.45
6.40
6.36
6.32
6.28
6.24
5.65
5.42
5.39
5.38
5.36
-7.015000 -8.864000 2.562684
