1 180
0.78
0.79
0.79
0.80
0.80
0.80
0.80
0.80
0.80
0.81
0.82
0.82
0.83
0.84
0.84
0.85
0.84
0.86
0.86
0.87
0.87
0.88
0.89
0.90
0.91
0.92
0.94
0.94
0.95
0.96
0.98
0.99
1.01
1.02
1.04
1.06
1.08
1.10
1.12
1.14
1.16
1.19
1.23
1.25
1.28
1.33
1.36
1.39
1.43
1.48
1.53
1.57
1.63
1.69
1.75
1.83
1.91
2.00
2.11
2.24
2.39
2.59
2.80
3.10
3.53
4.25
5.86
5.86
5.50
5.29
5.91
5.93
5.94
6.03
10.96
10.93
10.91
10.89
10.88
10.88
10.88
10.88
12.00
14.40
14.03
15.43
14.71
10.20
8.64
8.53
6.93
6.25
5.63
5.16
4.80
4.46
1.20
1.13
1.01
0.96
0.96
0.97
0.97
0.96
0.97
0.99
1.01
1.02
1.02
0.96
0.96
0.96
0.97
0.97
0.98
0.99
1.00
1.01
1.01
1.02
1.04
1.04
1.04
1.05
1.06
1.07
1.08
1.10
1.11
1.12
1.14
1.15
1.16
1.18
1.19
1.21
1.22
1.25
1.27
1.29
1.31
1.33
1.36
1.38
1.40
1.43
1.46
2.59
2.69
2.79
2.92
3.04
3.20
2.35
3.55
3.76
3.80
3.79
3.77
3.77
3.75
3.74
3.73
3.71
3.71
3.70
3.69
0.39
0.37
0.36
0.33
0.31
0.29
0.29
0.29
0.29
0.29
0.29
0.30
0.29
4.327000 2.008000 2.734759
