1 180
2.64
2.66
2.98
3.60
14.41
10.49
10.44
9.42
8.91
8.45
8.07
7.71
7.38
7.09
6.81
6.55
6.32
6.11
5.91
5.72
5.56
5.40
5.22
5.17
5.22
8.11
8.22
8.32
7.78
4.40
4.36
4.25
4.20
4.27
4.34
4.42
4.50
4.59
4.67
4.77
4.87
4.96
5.07
5.18
5.31
5.43
5.57
5.71
5.88
6.04
6.23
6.43
6.63
6.87
6.82
6.76
3.70
3.67
3.65
3.63
2.57
2.56
2.54
2.53
2.52
2.49
3.35
3.60
3.77
3.76
3.75
3.73
3.71
3.70
3.67
3.68
3.69
3.69
3.69
3.70
6.08
6.08
5.02
4.93
4.83
4.83
4.82
4.86
6.16
6.17
6.14
5.56
5.58
5.60
5.62
6.16
5.68
5.70
5.74
5.75
6.45
6.52
6.56
6.62
6.66
6.71
6.76
5.23
5.24
3.00
2.91
2.86
2.78
2.73
2.55
2.30
2.26
2.20
2.15
2.14
2.17
2.21
2.25
2.28
2.31
2.31
2.27
2.23
2.19
2.16
2.13
2.10
2.07
2.03
2.02
2.00
1.97
1.94
1.94
1.97
1.96
2.01
2.08
2.15
2.21
2.30
2.39
2.48
2.58
2.70
2.83
2.97
3.13
3.29
4.00
3.98
3.97
3.95
3.93
3.92
3.90
3.90
3.90
3.89
3.88
3.87
3.87
3.86
3.86
3.86
3.86
3.86
3.86
3.86
3.87
3.87
3.88
3.88
3.90
3.91
10.594000 2.842000 0.384710
