1 180
0.58
0.60
0.60
0.58
0.58
0.58
0.58
0.58
0.58
0.58
0.58
0.58
0.59
0.59
0.59
0.60
0.60
0.60
0.60
0.61
0.61
0.62
0.62
0.63
0.64
0.64
0.65
0.65
0.65
0.66
0.66
0.67
0.68
0.69
0.70
0.71
0.72
0.73
0.74
0.75
0.77
0.78
0.80
0.82
0.83
0.86
0.86
0.88
0.90
0.91
0.94
0.95
0.98
1.01
1.03
1.06
1.10
1.14
1.17
1.21
1.25
1.29
1.35
1.40
1.46
1.52
1.59
1.66
1.75
1.85
2.01
2.19
2.44
2.77
3.36
6.86
6.83
6.51
6.95
6.97
12.00
11.97
11.96
11.96
11.96
11.96
15.58
15.51
15.17
16.53
15.81
11.24
9.73
9.64
7.94
7.19
6.56
6.11
5.63
2.28
2.09
2.09
2.09
2.10
2.12
2.07
2.07
2.08
2.10
2.10
2.10
2.11
1.20
1.17
1.14
1.10
1.07
1.03
1.01
0.97
0.94
0.93
0.89
0.88
0.85
0.85
0.84
0.81
0.79
0.78
0.79
0.76
0.75
0.74
0.73
0.72
0.71
0.71
0.70
0.69
0.69
0.68
0.68
0.67
0.66
0.65
0.65
0.63
0.64
0.63
0.63
0.62
0.62
0.62
0.61
0.61
0.61
0.61
0.60
0.60
0.59
0.59
0.59
0.58
0.58
0.58
0.58
0.58
0.59
0.58
0.59
0.58
0.57
0.58
0.59
0.58
0.58
0.58
0.58
0.58
-43.195000 -20.125000 -0.309735
