1 180
2.00
2.01
2.03
2.08
2.09
2.09
81.83
81.83
81.83
81.83
81.83
81.83
81.83
2.42
2.38
2.40
2.46
81.83
2.47
2.47
81.83
81.83
81.83
81.83
81.83
81.83
81.83
81.83
81.83
81.83
81.83
81.83
81.83
81.83
81.83
81.83
3.97
4.01
4.02
4.02
4.01
4.01
4.04
4.06
2.57
4.10
2.73
3.15
4.17
4.13
4.22
4.26
4.26
2.48
2.96
2.25
2.23
2.99
2.97
3.00
4.52
4.57
4.42
4.42
3.32
1.90
4.42
4.42
3.18
4.58
4.60
2.97
2.24
2.22
2.26
4.81
2.77
3.17
5.14
2.34
2.33
5.49
5.56
1.99
5.69
6.02
6.11
6.21
6.17
5.23
5.66
1.78
1.24
5.79
5.74
5.31
5.61
5.58
5.53
5.48
5.45
5.42
1.51
5.38
0.79
5.23
1.57
1.41
1.42
5.14
5.13
2.48
3.26
3.58
3.74
3.87
3.76
3.66
2.44
3.53
2.10
2.11
1.07
1.07
2.08
2.06
3.61
3.71
3.75
4.03
2.43
1.17
1.16
1.15
0.97
2.13
2.14
1.86
1.87
3.59
1.82
1.81
3.46
2.02
3.43
1.41
1.40
1.54
1.50
3.31
3.29
3.27
3.25
3.20
3.21
3.20
3.19
0.81
0.81
3.15
3.11
3.14
1.30
3.12
3.11
3.11
3.10
3.10
3.10
3.09
3.09
3.09
3.09
3.13
3.18
3.30
3.32
3.31
3.31
3.31
-0.307000 -0.059000 1.628564
