1 180
1.44
1.36
1.28
1.23
1.17
1.11
1.07
1.04
0.98
0.95
0.92
0.88
0.85
0.82
0.79
0.77
0.77
0.78
0.79
0.80
0.81
0.82
0.83
0.84
0.84
0.86
0.88
0.89
0.90
0.91
0.93
0.95
0.97
0.99
1.01
1.04
1.06
1.08
1.10
1.13
1.16
1.20
1.22
1.26
1.31
1.33
1.38
1.43
1.46
1.51
1.58
1.64
1.70
1.77
1.85
1.94
2.02
2.14
2.25
2.39
2.54
2.72
2.93
3.19
3.60
4.48
4.62
4.83
4.83
4.92
4.91
4.89
4.88
4.88
4.88
4.88
4.88
4.88
4.88
4.79
4.79
10.41
10.42
10.46
10.48
4.72
4.32
3.96
3.67
3.46
3.47
3.46
3.45
3.34
3.18
2.41
2.30
2.22
2.13
2.04
1.98
1.91
1.86
1.81
1.76
1.70
1.66
1.61
1.57
1.53
1.49
1.46
1.43
1.40
1.37
1.34
1.32
1.29
1.26
1.23
1.22
1.20
1.18
1.15
1.14
1.12
1.11
1.09
1.08
1.07
1.06
1.04
1.03
1.01
1.00
0.99
0.99
0.98
0.98
0.97
0.96
0.95
0.94
0.93
0.92
0.91
0.91
0.90
0.90
0.90
0.89
0.89
0.88
0.88
0.87
0.87
0.86
0.86
0.85
0.85
0.85
0.85
0.85
0.84
0.84
0.84
0.85
0.84
0.85
0.85
0.85
0.85
0.86
0.86
0.87
0.88
0.88
0.88
0.89
0.89
8.172000 -0.930000 -1.428220
