1 180
0.62
0.62
0.62
0.62
0.63
0.63
0.62
0.62
0.62
0.62
0.62
0.62
0.63
0.63
0.63
0.63
0.63
0.64
0.64
0.65
0.65
0.65
0.65
0.66
0.66
0.67
0.66
0.66
0.66
0.67
0.67
0.68
0.69
0.70
0.70
0.71
0.72
0.73
0.75
0.75
0.76
0.77
0.78
0.79
0.80
6.06
5.93
5.85
5.91
9.32
8.44
9.68
9.82
9.68
5.19
5.12
5.04
5.07
5.18
5.31
5.45
5.59
5.75
5.91
6.09
6.29
6.49
6.72
6.97
7.23
7.52
7.85
7.91
7.86
7.80
7.76
4.82
4.81
4.79
4.76
4.74
3.74
3.72
3.71
3.69
3.69
4.96
4.93
4.91
4.89
4.90
4.91
4.91
4.91
4.91
7.32
7.32
6.18
6.18
6.04
6.09
7.37
7.38
6.78
6.79
6.80
6.83
6.93
6.89
6.91
6.92
7.37
7.68
7.74
7.80
7.84
4.02
3.88
3.37
3.20
3.23
3.23
3.26
3.29
3.33
3.26
3.16
3.08
3.01
2.93
2.86
2.83
2.83
2.83
2.88
2.92
2.96
3.01
3.06
3.12
3.16
3.23
3.27
3.35
0.71
0.71
0.70
0.70
0.69
0.68
0.67
0.67
0.66
0.65
0.64
0.64
0.63
0.62
0.62
0.62
0.61
0.60
0.58
0.57
0.57
0.58
0.58
0.61
0.64
0.64
0.71
0.73
0.71
0.71
0.70
0.72
0.74
0.79
0.82
0.88
9.355000 2.438000 0.286381
