1 180
1.53
1.52
1.52
1.52
1.52
1.53
1.51
1.54
1.54
1.54
1.55
1.56
1.57
1.57
1.59
1.59
1.60
1.62
1.63
1.64
1.63
1.65
1.67
1.68
1.69
1.69
1.71
1.73
1.75
1.77
1.79
1.81
1.83
1.84
1.87
1.90
1.92
1.95
1.98
2.02
2.05
2.08
2.12
2.16
2.20
2.26
2.28
2.34
2.40
2.46
2.52
2.58
2.66
2.74
2.81
2.90
2.99
3.11
3.22
3.34
3.49
3.67
3.86
4.09
4.38
4.69
5.10
5.67
16.64
14.03
14.02
14.02
14.02
14.03
14.03
14.02
14.04
14.07
14.15
10.43
9.10
8.21
8.24
6.61
6.09
5.60
5.23
4.90
4.60
4.32
4.08
3.87
3.70
3.52
3.36
3.22
3.10
2.97
2.86
2.75
2.68
2.59
2.51
2.46
2.50
2.55
2.57
2.60
5.25
5.12
5.02
4.92
4.95
5.04
5.10
5.17
5.26
4.82
5.42
4.85
5.44
5.65
7.06
7.21
7.21
5.68
7.02
5.67
6.85
6.77
6.71
6.63
6.56
6.49
6.45
5.60
5.54
5.49
5.45
5.49
5.74
6.09
6.10
6.08
6.04
5.74
5.98
5.96
5.94
5.86
5.84
5.81
5.79
5.77
5.75
5.74
5.14
5.13
5.14
5.71
5.70
4.66
4.68
4.53
5.70
5.70
5.71
3.59
3.29
3.29
3.30
3.16
3.01
3.02
3.02
3.03
3.05
3.07
3.08
3.10
5.116000 2.119000 -0.143805
