1 180
1.00
1.01
1.01
1.00
1.00
1.00
1.00
1.01
1.02
1.01
1.01
1.01
1.00
1.00
1.00
1.00
1.00
1.01
1.01
1.01
1.02
1.02
1.03
1.03
1.04
1.04
1.05
1.06
1.06
1.07
1.08
1.09
1.09
1.10
1.11
1.12
1.14
1.15
1.16
1.18
1.20
1.21
1.22
1.23
1.25
1.27
1.29
1.30
1.31
1.33
1.36
1.38
1.40
1.44
1.46
1.48
1.52
1.55
1.58
1.61
1.66
1.69
1.74
1.81
1.83
1.89
1.96
2.02
2.09
2.17
2.25
2.36
2.46
2.56
2.67
2.82
3.00
3.20
3.44
3.83
4.43
8.39
7.60
8.46
8.49
13.53
13.52
13.51
13.49
13.49
13.48
14.62
17.03
16.88
18.00
17.31
3.54
2.77
2.43
2.14
1.91
1.72
1.57
1.46
1.34
1.25
1.17
1.09
1.04
0.96
0.92
0.86
0.83
0.77
0.76
0.72
0.69
0.66
0.64
0.62
0.60
0.59
0.56
0.54
0.54
0.53
0.51
0.49
0.48
0.47
0.46
0.46
0.44
0.43
0.43
0.42
0.41
0.40
0.40
0.40
0.39
0.40
0.38
0.38
0.37
0.37
0.36
0.35
0.35
0.35
0.34
0.34
0.34
0.33
0.33
0.33
0.33
0.32
0.33
0.32
0.32
0.32
0.31
0.32
0.31
0.31
0.30
0.31
0.30
0.29
0.31
0.31
0.31
0.31
0.31
0.31
0.31
0.31
0.32
0.32
1.620000 1.832000 0.421583
