1 180
2.20
2.23
2.28
2.33
2.35
2.16
2.49
2.55
2.50
2.47
2.46
1.92
0.95
0.90
0.92
1.66
1.65
1.64
1.62
1.61
1.61
1.26
1.26
1.69
1.86
2.10
2.38
2.86
12.66
12.17
11.76
11.35
3.41
3.39
10.32
10.01
9.74
9.47
9.36
9.43
81.83
11.79
12.00
81.83
12.26
12.37
13.66
12.28
12.43
13.53
13.43
13.10
81.83
81.83
81.83
81.83
81.83
81.83
4.69
4.87
4.76
81.83
81.83
81.83
81.83
4.11
4.12
7.14
6.17
7.13
6.07
7.13
2.69
2.66
2.65
2.63
2.62
2.60
2.56
2.50
2.49
2.52
2.56
2.58
8.64
6.20
2.98
6.20
81.83
3.33
5.83
81.83
81.83
8.85
6.81
6.09
1.78
8.32
8.18
8.08
6.68
1.72
7.77
7.67
1.81
81.83
1.88
81.83
81.83
81.83
81.83
81.83
81.83
81.83
81.83
81.83
81.83
81.83
81.83
81.83
81.83
81.83
81.83
1.51
1.48
1.45
1.47
1.46
1.16
1.16
1.30
1.44
1.44
1.39
1.36
1.40
1.40
1.39
1.40
1.40
1.41
1.39
1.39
1.39
1.38
1.39
1.39
1.39
1.38
1.39
1.38
1.38
1.38
1.38
1.39
1.39
1.40
1.41
1.43
1.44
1.44
1.45
1.45
1.47
1.45
1.48
1.49
1.49
1.50
1.52
1.52
1.53
1.54
1.56
1.57
1.58
1.61
1.61
1.63
1.65
7.770000 -3.211000 -0.629302
