1 180
1.06
1.06
1.07
1.08
1.09
1.10
1.12
5.87
1.75
1.77
1.51
1.57
1.33
1.34
1.35
4.05
3.90
3.75
3.64
3.51
3.40
3.29
3.20
3.11
3.04
2.96
0.99
1.00
2.75
2.69
2.63
2.57
2.53
2.48
2.42
2.40
2.36
2.31
2.27
2.24
2.20
2.17
2.14
2.12
2.09
2.06
2.04
2.01
1.99
1.97
1.94
1.92
1.91
1.89
1.87
1.85
1.84
1.83
1.81
1.80
1.78
1.77
1.77
1.76
1.75
1.74
1.73
1.72
1.49
1.45
1.44
1.44
1.45
1.45
1.42
1.41
1.38
1.37
1.39
1.43
1.45
1.50
1.68
1.69
3.01
3.02
3.02
3.02
3.03
3.04
3.05
3.06
3.07
3.08
3.09
3.11
3.13
3.15
3.16
3.16
3.18
3.21
3.24
3.26
3.29
3.35
5.43
5.46
5.51
2.03
1.81
1.73
1.64
1.56
1.49
1.43
1.37
1.33
1.26
1.22
1.18
1.14
1.11
1.07
1.08
1.08
1.59
1.56
1.55
1.52
1.50
1.47
1.45
1.43
1.41
1.39
1.37
1.36
1.35
1.33
1.31
1.30
1.29
1.27
1.26
1.26
1.24
1.23
1.22
0.85
1.03
1.19
1.18
1.18
1.17
1.17
1.16
1.15
1.15
1.15
1.14
1.14
1.13
1.13
1.13
1.12
1.12
1.12
1.12
1.12
1.12
1.12
1.12
1.12
1.12
1.12
1.12
1.12
1.12
1.13
7.690000 4.550000 -0.961160
