1 180
0.42
0.42
0.41
0.41
0.42
0.42
0.42
0.43
0.42
0.42
0.42
0.42
0.43
0.42
0.43
0.43
0.44
0.44
0.43
0.43
0.43
0.44
0.43
0.44
0.44
0.44
0.45
0.45
0.45
0.45
0.45
0.45
0.46
0.46
0.47
0.47
0.48
0.48
0.49
0.49
0.49
0.50
0.50
0.51
0.52
0.53
0.53
0.54
0.55
0.56
0.57
0.58
0.59
0.60
0.62
0.63
0.63
0.65
0.66
0.68
0.69
0.71
0.73
0.75
0.77
0.83
5.58
5.76
5.94
6.14
6.35
6.59
6.85
7.13
7.43
7.77
7.99
7.93
7.89
7.85
7.80
4.95
4.90
4.88
4.86
4.84
4.82
3.92
3.80
3.78
3.77
3.78
5.04
5.05
5.05
5.04
5.03
5.04
5.05
5.05
81.83
6.39
6.32
6.25
6.29
7.54
7.55
6.96
6.95
6.97
7.00
7.09
7.08
7.09
7.12
7.85
7.90
7.95
8.00
8.06
4.29
4.16
3.72
3.55
3.44
3.44
3.46
3.50
3.53
3.52
3.42
3.35
3.26
3.19
3.11
3.06
3.07
3.08
3.12
3.16
3.22
3.27
3.33
3.40
3.45
3.52
3.59
3.67
0.99
0.95
0.94
0.93
0.92
0.92
0.92
0.89
0.89
0.87
0.87
0.87
0.86
0.82
0.81
0.82
0.83
0.86
0.87
0.90
0.96
0.95
0.95
0.95
0.97
1.01
1.05
1.09
1.14
1.19
1.24
1.31
9.620000 2.481000 0.532203
