1 180
81.83
4.15
4.09
4.04
4.04
3.68
3.56
2.08
2.10
2.38
3.15
3.05
1.43
1.42
2.83
2.76
2.69
2.63
2.63
2.65
2.69
2.73
1.36
1.37
2.61
2.92
2.96
2.98
2.38
2.09
2.06
2.05
1.65
1.93
1.99
1.98
2.01
2.09
2.19
2.28
2.38
2.51
2.65
2.84
3.01
3.24
7.61
6.34
6.34
6.35
81.83
3.67
13.21
12.64
12.14
11.72
11.26
10.86
10.51
10.14
9.84
9.57
9.57
12.55
81.83
11.94
12.14
11.50
81.83
13.52
13.74
12.38
13.97
12.51
81.83
81.83
81.83
81.83
4.71
4.77
81.83
81.83
81.83
81.83
4.07
8.07
6.06
2.58
2.54
2.52
2.50
2.48
2.42
2.33
2.33
2.35
2.37
2.40
2.47
3.34
5.81
6.28
2.78
9.82
6.14
1.49
3.08
5.94
9.63
6.50
9.55
81.83
81.83
81.83
1.44
81.83
81.83
81.83
81.83
1.51
81.83
4.43
81.83
81.83
81.83
81.83
81.83
81.83
81.83
81.83
81.83
81.83
81.83
81.83
81.83
81.83
81.83
81.83
81.83
0.65
0.65
0.73
81.83
0.83
0.79
0.82
81.83
0.92
0.89
0.75
0.91
0.91
0.90
0.89
0.88
0.87
0.88
0.87
0.86
0.85
0.84
0.83
0.83
0.80
0.85
0.83
0.82
0.82
0.81
0.82
0.82
0.83
0.83
0.84
0.81
0.80
0.84
0.84
0.83
0.82
-1.788000 0.302000 0.851770
