1 180
2.46
2.31
2.18
2.17
2.17
2.20
2.22
2.23
2.25
2.26
2.32
2.34
2.35
2.38
2.39
2.42
2.44
2.44
2.48
2.51
4.96
4.84
4.69
4.59
4.48
4.38
4.39
4.47
4.54
4.59
4.64
4.55
4.48
4.40
4.34
4.26
4.20
4.14
4.09
4.03
3.98
3.92
3.87
3.82
3.79
3.74
3.70
3.66
3.63
3.59
0.62
0.61
0.60
0.60
0.60
0.58
0.58
0.59
0.59
0.59
0.58
0.57
0.57
0.57
0.57
0.56
0.56
0.56
0.56
0.56
0.55
0.56
0.56
0.55
0.55
0.55
0.55
0.55
0.55
0.55
0.56
0.55
0.56
0.56
0.55
0.56
0.55
0.56
0.56
0.56
0.55
0.56
0.56
0.56
0.57
0.57
0.57
0.57
0.57
0.58
0.59
0.59
0.59
0.58
0.59
0.61
0.61
0.61
0.62
0.62
0.63
0.63
0.63
0.65
0.66
0.66
0.68
0.68
0.69
0.71
0.71
0.71
0.73
0.75
0.76
0.77
0.78
0.83
0.84
0.84
0.87
0.88
0.91
0.93
0.97
0.99
1.01
1.06
1.08
1.11
1.15
1.20
1.26
1.29
1.34
1.41
1.46
1.53
1.61
1.70
1.78
1.89
2.60
6.45
6.41
6.38
6.37
5.55
5.51
5.51
5.54
5.54
6.27
6.35
6.35
6.33
5.01
4.97
4.96
4.96
4.97
6.21
6.21
5.61
5.61
5.64
5.64
5.83
2.12
1.92
6.260000 -9.947001 -1.827679
