1 180
5.86
5.86
5.86
5.86
5.86
5.87
5.87
5.88
5.88
5.38
4.77
4.10
3.69
3.34
3.09
2.83
2.64
2.56
2.57
2.59
2.59
2.61
2.62
2.67
6.27
6.31
1.41
1.36
1.31
1.26
1.22
1.18
1.14
1.13
1.13
1.33
1.52
1.53
1.55
1.58
1.60
1.62
1.63
1.65
1.68
1.71
1.73
1.77
1.80
1.83
1.87
1.90
1.95
1.96
1.93
1.90
1.87
1.85
1.83
1.81
1.83
2.42
2.50
2.56
2.66
2.74
2.73
2.71
2.69
2.67
2.65
2.67
3.50
3.48
3.45
3.44
3.46
3.44
3.43
3.42
3.40
3.39
3.37
3.36
3.36
3.35
3.34
3.34
3.33
3.31
3.39
3.41
3.42
3.41
3.41
3.41
3.42
3.43
3.42
3.43
3.45
3.46
3.47
3.48
3.50
3.42
3.40
3.44
3.46
2.03
1.89
1.80
1.71
1.63
1.58
1.51
1.45
1.39
1.35
1.30
1.26
1.22
1.18
1.15
1.12
1.08
1.05
1.03
1.00
0.98
0.96
0.95
0.92
0.90
0.90
0.88
0.87
0.85
0.83
0.81
0.81
0.80
0.78
0.77
0.76
0.75
0.74
0.73
0.72
0.71
0.70
0.70
0.69
0.68
0.68
0.68
0.67
0.67
0.66
0.65
0.65
0.64
0.64
0.63
0.63
0.62
0.62
0.62
0.61
0.61
0.61
0.60
0.60
0.60
0.59
0.60
0.60
0.59
0.59
0.60
-49.982002 -18.453001 -2.448377
