1 180
1.00
1.00
1.00
1.01
1.01
1.01
1.01
1.01
1.01
1.02
1.02
1.03
1.03
1.03
1.04
1.04
1.05
1.06
1.06
1.07
1.07
1.07
1.07
1.07
1.08
1.09
1.10
1.11
1.12
1.12
1.14
1.15
1.16
1.17
1.18
1.19
1.20
1.22
1.23
1.25
1.26
1.28
1.30
1.32
1.34
1.36
1.39
1.42
1.44
1.47
1.49
1.53
1.56
1.60
1.62
1.66
1.69
1.74
1.79
1.83
1.89
1.93
1.99
2.06
2.12
2.20
2.27
2.36
2.45
2.55
2.66
2.77
2.90
3.04
3.19
3.38
3.57
3.81
4.07
4.38
4.73
5.13
5.61
6.24
11.10
11.08
11.00
11.11
14.36
81.83
17.42
81.83
81.83
9.49
81.83
81.83
81.83
81.83
81.83
81.83
81.83
81.83
81.83
81.83
81.83
7.91
7.91
4.31
4.05
3.80
3.60
3.43
3.27
3.12
2.98
2.85
2.74
2.63
2.53
2.46
2.38
2.32
2.24
2.20
2.11
2.05
2.00
1.94
1.89
1.85
1.81
1.76
1.73
1.68
1.65
1.62
1.58
1.56
1.54
1.51
1.48
1.45
1.43
1.41
1.39
1.38
1.36
1.35
1.33
1.32
1.31
1.29
1.28
1.26
1.24
1.24
1.23
1.22
1.22
1.21
1.20
1.19
1.18
1.18
1.17
1.17
1.16
1.15
1.14
1.15
1.15
1.15
1.14
1.13
1.13
1.12
1.12
1.12
1.12
1.12
-50.883999 -35.825001 2.538102
