1 180
0.96
0.97
0.97
0.97
0.95
0.95
0.96
0.97
0.97
0.96
0.96
0.96
0.97
0.97
0.97
0.98
0.98
0.99
1.00
1.00
1.00
1.01
1.02
1.02
1.03
1.03
1.04
1.05
1.06
1.07
1.08
1.10
1.11
1.12
1.14
1.15
1.16
1.18
1.19
1.21
1.24
4.56
4.42
4.28
4.16
4.04
3.91
3.82
3.71
3.62
3.53
3.45
3.37
3.31
3.26
3.34
3.39
3.46
3.58
3.63
3.70
3.77
3.83
5.95
6.05
6.01
5.92
5.83
5.77
5.70
5.63
5.57
5.51
5.45
5.40
5.35
5.29
5.26
5.21
5.16
5.13
5.09
5.06
4.53
4.99
2.25
2.19
2.18
2.17
2.16
2.15
2.14
2.13
2.12
2.11
2.11
2.11
2.10
2.11
2.10
2.10
2.09
2.10
2.09
2.10
2.10
2.09
2.10
2.11
2.10
2.10
2.10
2.11
2.11
2.12
2.12
2.13
2.14
2.14
2.16
2.17
2.18
2.19
2.20
2.21
2.22
2.25
2.26
2.28
2.29
2.31
2.33
2.35
2.37
2.40
2.43
2.45
2.47
2.52
2.66
2.68
2.73
2.80
2.93
2.97
3.01
3.07
3.11
5.34
5.44
5.53
6.74
6.85
7.00
7.14
1.85
1.78
1.75
1.72
1.70
1.69
1.67
1.65
1.64
1.61
1.59
1.58
1.57
1.55
1.54
1.53
1.51
1.50
1.50
1.49
1.48
1.47
1.47
1.47
1.45
7.449000 -8.796000 -2.282448
