1 180
0.72
0.72
0.73
0.72
0.72
0.73
0.73
0.73
0.73
0.73
0.74
0.74
0.75
0.76
0.76
0.76
0.77
0.78
0.77
0.77
0.78
0.78
0.78
0.79
0.80
0.81
0.82
0.82
0.84
0.85
0.86
0.87
0.87
0.88
0.90
0.91
0.93
0.94
0.95
0.96
0.98
1.00
1.02
1.03
1.06
1.08
1.11
1.11
1.14
1.17
1.20
1.22
1.25
1.28
1.32
1.36
1.39
1.44
1.48
1.53
1.58
1.63
1.69
1.75
1.82
1.89
1.98
2.07
4.55
4.52
4.49
4.46
4.64
4.94
5.32
5.73
6.20
6.82
7.33
7.75
7.73
7.73
7.76
14.98
17.80
17.89
17.88
17.88
17.78
17.78
81.83
7.94
7.78
7.86
7.84
7.45
5.52
4.98
4.99
4.94
4.52
4.22
4.05
4.08
4.10
4.13
5.39
5.34
7.02
8.15
8.22
8.28
8.34
8.40
8.47
8.55
8.64
8.71
8.80
8.89
8.99
9.08
7.27
9.30
9.22
9.26
9.07
5.25
5.11
5.04
4.97
4.67
4.56
4.54
1.18
1.15
1.15
1.17
1.20
1.23
1.25
1.29
1.32
1.36
1.37
1.36
1.34
1.32
1.31
1.29
1.29
1.28
1.26
1.25
1.24
1.23
1.22
1.22
1.20
1.20
1.19
1.18
1.17
1.17
1.17
1.17
1.16
1.15
1.15
1.14
1.14
1.14
1.14
1.14
1.13
1.13
1.14
1.13
1.13
1.14
-49.095001 -22.930000 1.806784
