1 180
1.14
1.14
1.14
1.14
1.14
1.14
1.14
1.14
1.14
1.13
1.14
1.14
1.13
1.13
1.14
1.15
1.15
1.16
1.16
1.17
1.17
1.18
1.18
1.19
1.19
1.20
1.21
1.22
1.24
1.25
1.26
1.27
1.27
1.28
1.30
1.31
1.33
1.35
1.36
1.38
1.39
1.42
1.44
1.46
1.48
1.51
1.53
1.55
1.58
1.60
1.63
1.66
1.70
1.75
1.78
1.82
1.87
1.92
1.98
2.03
2.10
2.15
2.22
2.30
2.38
2.46
2.55
2.67
2.80
2.96
3.09
3.27
3.51
3.79
4.13
4.60
5.26
11.19
16.19
16.18
16.18
16.35
19.48
20.76
20.05
20.05
6.32
5.61
4.93
4.42
4.03
3.69
3.40
3.15
2.95
2.77
2.61
2.46
2.34
2.22
2.12
2.03
1.93
1.85
1.80
1.73
1.66
1.60
1.55
1.51
1.45
1.42
1.37
1.33
1.29
1.26
1.23
1.20
1.17
1.15
1.12
1.09
1.07
1.05
1.03
1.02
1.01
1.00
0.98
0.96
0.95
0.93
0.92
0.90
0.90
0.91
0.94
0.95
0.96
1.01
4.71
4.68
4.64
4.59
4.55
4.52
4.49
3.51
4.39
4.39
4.36
2.27
4.32
4.29
4.28
4.26
3.56
4.22
4.21
4.19
2.68
2.68
4.16
4.15
4.14
4.14
4.13
4.13
4.12
2.80
4.13
4.13
4.13
4.13
4.14
4.15
4.16
4.07
3.62
3.24
9.281000 0.632000 -2.884710
