1 180
2.96
2.97
2.53
2.42
2.34
2.33
2.33
2.35
2.36
2.39
2.43
2.38
2.42
2.45
2.46
2.50
3.31
3.34
3.37
3.01
3.43
3.47
2.78
3.55
3.59
3.64
3.68
2.50
2.44
3.83
3.75
3.62
3.50
2.56
2.59
3.19
2.96
3.01
2.92
2.85
2.76
2.71
2.65
2.60
2.54
2.49
2.45
2.39
2.22
2.29
1.35
1.41
2.19
2.16
2.12
2.09
2.07
1.57
1.57
1.98
1.95
1.93
1.91
1.89
1.87
1.85
1.83
1.81
1.80
1.79
1.76
1.75
1.77
1.85
1.93
1.97
5.15
5.13
2.94
2.92
2.90
2.89
2.95
3.23
2.94
2.95
3.23
3.62
5.29
6.09
7.17
8.70
10.94
14.60
14.75
14.62
7.26
5.11
5.11
4.05
3.80
3.82
3.83
3.84
3.85
3.86
3.88
3.70
3.43
3.18
2.96
2.77
2.61
2.47
2.39
2.40
2.42
2.44
3.96
3.99
4.02
4.06
4.09
4.12
4.16
4.19
4.24
4.29
4.20
4.12
4.03
3.93
3.83
3.74
3.67
3.58
3.51
3.43
3.38
3.32
3.26
3.21
3.15
3.09
3.06
3.01
2.97
2.92
2.89
2.85
2.81
2.78
2.73
2.48
2.46
2.44
2.41
2.40
2.38
2.35
2.33
2.31
2.29
2.37
2.46
2.45
2.43
2.42
2.40
2.39
2.38
2.36
2.36
2.35
2.34
2.33
2.33
2.33
2.32
2.31
-43.777000 -10.811999 -0.905850
