1 180
0.36
0.36
0.37
0.38
0.50
0.49
0.47
0.46
0.45
0.45
0.43
0.42
0.41
0.40
0.39
0.38
0.38
0.39
0.39
0.39
0.40
0.37
0.36
0.37
0.41
0.40
0.42
0.43
0.45
0.47
0.48
0.56
1.87
1.86
1.84
1.82
1.80
1.78
1.76
1.76
1.74
1.73
1.71
1.70
1.69
1.68
1.67
1.66
1.65
1.64
1.63
1.62
1.61
1.61
1.61
1.60
1.59
1.58
1.58
1.57
1.57
1.57
1.58
1.58
1.58
1.58
1.58
1.58
1.58
1.57
1.58
1.57
1.58
1.58
1.59
1.60
1.60
1.61
1.62
1.62
1.63
1.63
1.64
1.65
1.66
1.67
1.68
1.69
1.71
1.72
1.74
1.75
1.77
1.78
1.80
1.81
1.84
1.84
1.85
8.07
7.86
7.67
7.49
7.32
7.17
7.02
6.89
6.93
10.20
9.38
8.43
81.83
6.16
6.06
6.01
6.13
6.24
6.40
6.53
6.68
6.84
7.01
7.19
0.76
0.74
0.73
0.72
0.70
0.70
0.68
0.69
0.69
0.67
0.61
0.61
0.61
0.59
0.58
0.58
0.57
0.57
0.57
0.57
0.56
0.56
0.55
0.55
0.54
0.54
0.54
0.53
0.53
0.53
0.53
0.53
0.52
0.52
0.52
0.52
0.52
0.52
0.51
0.52
0.52
0.52
0.52
0.52
0.52
0.52
0.53
0.52
0.52
0.52
0.52
0.52
0.52
0.52
0.52
0.52
0.52
8.610000 3.303000 -0.801377
