1 180
1.06
1.06
1.06
1.06
1.05
1.06
1.06
1.06
1.06
1.06
1.06
1.06
1.06
1.06
1.07
1.07
1.07
1.08
1.08
1.08
1.09
1.10
1.10
1.09
1.11
1.11
1.11
1.12
1.13
1.14
1.14
1.15
1.17
1.18
1.18
1.19
1.21
1.22
1.24
1.25
1.27
1.28
1.29
1.31
1.33
1.35
1.36
1.38
1.41
1.43
1.44
1.47
1.49
1.52
1.55
1.58
1.61
1.65
1.68
1.72
1.74
1.79
1.83
1.88
1.94
1.99
2.03
2.10
2.17
2.24
2.32
2.39
2.48
2.57
2.68
2.79
2.92
3.05
3.21
3.36
3.55
3.77
4.01
4.28
4.62
4.99
5.42
17.48
10.11
10.08
10.00
10.08
10.86
81.83
9.26
81.83
81.83
81.83
8.51
81.83
81.83
81.83
81.83
81.83
81.83
81.83
81.83
81.83
81.83
81.83
81.83
6.89
6.90
6.92
6.97
3.45
3.27
3.11
2.97
2.84
2.73
2.61
2.52
2.44
2.35
2.28
2.21
2.13
2.07
2.01
1.95
1.90
1.85
1.80
1.77
1.72
1.69
1.65
1.61
1.59
1.56
1.53
1.49
1.46
1.45
1.42
1.41
1.38
1.38
1.42
1.33
1.32
1.29
1.28
1.26
1.25
1.24
1.22
1.21
1.20
1.19
1.20
1.17
1.16
1.16
1.15
1.13
1.13
1.12
1.11
1.12
1.12
1.11
1.11
1.10
1.09
1.09
1.09
1.08
1.08
8.889000 -3.645000 -2.645034
