1 180
20.68
8.85
7.88
7.24
6.78
6.42
6.11
3.91
3.80
3.68
3.59
3.50
3.42
3.33
3.26
3.18
3.12
3.05
2.98
2.93
2.87
2.82
2.77
2.78
2.76
2.80
2.85
2.92
2.98
3.05
3.13
3.19
3.28
3.24
3.20
3.17
3.14
3.10
3.07
3.06
3.03
3.00
2.98
2.95
2.94
2.92
2.90
2.88
2.87
2.85
2.84
2.84
2.82
2.81
2.80
2.79
2.79
2.78
2.77
2.77
2.76
2.77
2.77
2.76
2.77
2.77
2.77
2.77
2.78
2.78
2.79
2.80
2.81
2.82
2.84
2.85
2.85
2.86
2.88
2.90
7.80
8.83
10.15
11.91
17.21
81.83
81.83
81.83
15.64
15.75
81.83
81.83
81.83
81.83
9.55
8.20
7.11
6.27
5.67
5.67
5.68
4.39
4.08
3.82
3.58
3.38
3.18
3.02
2.87
2.74
2.62
2.50
2.41
2.30
2.22
2.16
2.09
2.02
1.95
1.90
1.84
1.78
1.73
1.69
1.64
1.60
1.57
1.53
1.49
1.45
1.44
1.39
1.37
1.35
1.32
1.31
1.29
1.26
1.24
1.24
1.22
1.19
1.19
1.16
1.15
1.14
1.14
1.12
1.10
1.09
1.07
1.06
1.06
1.06
1.04
1.04
1.03
1.03
1.01
1.01
1.01
1.00
1.00
0.99
0.99
0.98
0.98
0.97
0.97
0.98
0.97
0.97
0.97
0.96
0.97
0.97
0.96
0.96
0.96
0.96
0.823000 -14.424000 2.144789
