1 180
0.30
0.30
0.31
0.31
0.32
0.32
0.32
0.32
0.33
0.33
0.33
0.33
0.33
0.34
0.34
0.35
0.35
0.35
0.35
0.35
0.36
0.36
0.37
0.37
0.37
0.38
0.38
0.39
0.39
0.40
0.40
0.41
0.41
0.43
0.43
0.44
0.45
0.46
0.47
0.48
0.49
0.51
0.51
0.52
0.54
0.55
0.56
0.57
0.59
0.60
0.63
0.65
0.67
0.69
0.72
0.73
0.77
0.81
0.84
0.88
0.93
0.98
1.04
1.10
1.17
1.25
1.34
1.44
1.58
1.69
1.69
1.66
1.67
1.72
1.95
3.40
5.59
5.57
5.56
5.56
5.57
5.59
5.32
5.56
5.59
5.60
5.62
5.63
5.64
5.66
5.68
5.42
5.13
4.74
4.63
4.50
4.24
3.70
1.60
1.52
1.46
1.39
1.34
1.28
1.24
1.21
1.23
1.12
1.08
1.08
1.13
1.14
1.16
1.12
1.07
1.05
1.02
1.00
0.99
0.96
0.93
0.92
0.91
0.90
0.89
0.86
0.88
0.86
0.84
0.83
0.82
0.81
0.79
0.78
0.77
0.76
0.75
0.75
0.74
0.74
0.73
0.72
0.71
0.70
0.70
0.70
0.70
0.72
0.75
0.79
0.81
0.65
0.54
0.54
0.54
0.54
0.53
0.53
0.53
0.53
0.52
0.52
0.52
0.52
0.52
0.52
0.52
0.52
0.52
0.51
0.51
0.52
0.52
0.52
0.53
0.53
0.53
0.53
0.53
0.53
-45.151001 -20.521999 -1.919862
