1 180
1.55
1.54
1.55
1.55
1.56
1.55
1.55
1.55
1.56
1.57
1.57
1.57
1.57
1.58
1.59
1.59
1.60
1.61
1.62
1.63
1.64
1.64
1.64
1.65
1.67
1.68
1.69
1.71
1.72
1.74
1.76
1.78
1.79
1.80
1.84
1.86
1.87
1.90
1.92
1.94
1.97
1.99
2.02
2.06
2.09
2.12
2.16
2.20
2.22
2.27
2.32
2.36
2.41
2.47
2.52
2.58
2.64
2.71
2.78
2.87
2.93
3.02
3.12
3.22
3.32
3.43
3.56
3.69
5.15
9.96
6.21
5.61
5.88
9.50
15.32
12.49
8.50
8.14
8.09
7.99
8.04
81.83
8.81
81.83
81.83
81.83
81.83
81.83
6.38
6.46
81.83
6.38
81.83
81.83
81.83
81.83
81.83
81.83
81.83
81.83
81.83
81.83
81.83
81.83
81.83
81.83
4.71
4.75
4.76
4.80
4.82
4.86
4.87
4.59
4.56
4.76
4.81
1.42
1.32
1.26
1.22
1.19
1.15
1.11
1.07
1.04
1.01
0.98
0.96
0.94
0.92
0.89
0.87
0.86
0.84
0.82
0.81
0.79
0.79
0.77
0.77
0.75
0.74
0.73
0.72
0.71
0.70
0.70
0.69
0.68
0.67
0.67
0.67
0.66
0.66
0.65
0.65
0.63
0.64
0.63
0.62
0.62
0.62
0.61
0.61
0.60
0.60
0.60
0.60
0.59
0.59
0.60
0.60
0.60
0.60
0.60
0.59
0.60
0.59
0.59
-2.453000 -5.541000 1.690020
