1 180
0.96
0.95
0.96
0.96
0.96
0.96
0.97
0.97
0.97
0.98
0.98
0.98
0.98
0.99
1.00
1.01
1.01
1.02
1.02
1.02
1.03
1.04
1.04
1.06
1.06
1.07
1.08
1.09
1.11
1.13
1.14
1.19
5.07
4.86
4.68
4.51
4.36
4.21
4.09
3.95
3.84
3.72
3.61
3.52
3.42
3.36
3.27
3.20
3.17
3.25
3.30
3.35
3.46
3.51
3.58
3.63
3.70
5.75
5.87
5.96
5.86
5.79
5.72
5.64
5.59
5.51
5.45
5.39
5.34
5.28
5.23
5.18
5.13
5.10
5.05
5.02
4.98
4.94
4.44
4.87
2.12
2.08
2.06
2.06
2.05
2.04
2.03
2.02
2.01
2.00
1.99
1.99
1.99
1.99
1.98
1.97
1.98
1.98
1.98
1.98
1.98
1.98
1.97
1.97
1.99
1.98
2.00
1.99
2.00
2.00
2.01
2.02
2.02
2.04
2.05
2.05
2.06
2.06
2.08
2.09
2.10
2.12
2.13
2.15
2.16
2.17
2.19
2.21
2.24
2.26
2.28
2.30
2.33
2.37
2.39
2.43
2.55
2.60
2.63
2.68
2.86
2.90
2.95
2.98
3.04
5.34
5.46
5.55
6.79
6.91
7.07
7.22
5.50
5.41
1.76
1.72
1.70
1.69
1.66
1.65
1.62
1.62
1.60
1.58
1.56
1.56
1.55
1.54
1.53
1.51
1.51
1.49
1.50
1.49
1.48
1.47
1.47
1.46
1.46
1.45
-6.096000 -9.415999 2.611848
