1 180
1.10
1.47
1.47
1.49
1.51
1.53
1.55
1.57
1.60
1.62
1.64
1.66
1.69
1.72
1.75
1.78
1.82
1.86
1.89
1.91
1.89
1.87
1.84
1.81
1.80
1.78
1.77
1.79
2.38
2.46
2.53
2.61
2.71
2.68
2.66
2.65
2.62
2.60
2.62
3.45
3.42
3.41
3.39
3.40
3.40
3.40
3.38
3.37
3.36
3.35
3.34
3.33
3.32
3.31
3.30
3.30
3.26
3.29
3.38
3.38
3.38
3.38
3.38
3.38
3.39
3.38
3.39
3.40
3.41
3.42
3.43
3.45
3.42
3.36
3.40
3.42
3.44
1.93
1.84
1.75
1.68
1.62
1.56
1.50
1.44
1.40
1.35
1.30
1.27
1.22
1.19
1.15
1.13
1.09
1.06
1.04
1.01
0.99
0.96
0.96
0.93
0.91
0.89
0.87
0.86
0.84
0.82
0.82
0.80
0.79
0.77
0.76
0.75
0.74
0.73
0.72
0.72
0.71
0.70
0.69
0.69
0.68
0.67
0.67
0.66
0.66
0.65
0.65
0.65
0.64
0.64
0.63
0.63
0.63
0.62
0.62
0.62
0.62
0.61
0.61
0.61
0.61
0.61
0.62
0.61
0.62
0.63
0.63
0.62
0.62
0.63
0.63
0.62
0.61
0.61
0.61
0.61
0.62
0.62
0.62
0.62
0.62
0.62
0.63
0.63
0.64
0.64
0.65
0.65
0.65
0.66
0.66
0.67
0.67
0.68
0.69
0.70
0.70
0.71
0.72
9.217000 2.627000 2.851524
