1 180
1.05
1.04
1.05
1.05
1.04
1.04
1.04
1.04
1.05
1.04
1.04
1.05
1.06
1.06
1.07
1.07
1.08
1.08
1.08
1.09
1.10
1.10
1.11
1.12
1.13
1.13
1.14
1.16
1.17
1.18
1.20
1.21
1.22
1.23
1.24
1.27
1.28
1.30
1.31
1.33
1.35
1.37
1.39
1.41
1.45
1.45
1.48
1.51
1.54
1.57
1.61
1.65
1.68
1.73
1.77
1.81
1.87
1.92
1.98
2.03
2.11
2.18
2.27
2.35
2.45
2.55
2.66
2.81
2.96
3.16
3.38
3.68
4.01
4.43
8.93
8.85
9.42
14.46
14.44
14.44
14.43
14.43
15.57
17.64
18.96
18.25
4.78
4.50
3.54
3.11
2.76
2.49
2.26
2.08
1.92
1.78
1.67
1.57
1.47
1.40
1.34
1.27
1.21
1.14
1.09
1.05
1.00
0.96
0.92
0.88
0.86
0.83
0.80
0.78
0.76
0.73
0.72
0.70
0.69
0.66
0.66
0.64
0.63
0.61
0.60
0.59
0.59
0.57
0.56
0.56
0.56
0.54
0.53
0.53
0.52
0.51
0.51
0.51
0.51
0.49
0.49
0.49
0.48
0.48
0.48
0.47
0.47
0.47
0.47
0.47
0.47
0.46
0.46
0.45
0.45
0.46
0.46
0.46
0.45
0.45
0.45
0.45
0.45
0.45
0.44
0.44
0.44
0.44
0.43
0.44
0.44
0.43
0.43
0.44
0.45
0.44
0.44
0.45
0.44
0.45
0.799000 1.281000 0.618240
