1 180
1.72
1.44
1.45
1.66
0.94
0.62
0.63
0.66
1.56
1.54
1.53
1.51
1.49
1.48
1.48
1.53
1.58
1.63
1.70
4.03
3.99
3.90
3.75
3.75
3.77
3.79
3.79
3.77
0.71
0.69
0.70
0.70
8.99
6.49
8.87
8.80
8.82
81.83
8.86
7.00
8.80
1.50
1.52
8.68
6.05
3.44
1.33
1.30
1.32
3.52
3.50
3.51
3.50
3.49
3.49
3.48
3.46
3.41
3.34
3.21
3.33
3.44
3.45
3.45
0.92
0.89
0.92
3.45
3.46
3.47
3.47
3.48
3.49
3.50
3.52
3.54
3.55
3.56
3.57
3.59
3.61
3.62
3.64
3.65
3.67
3.68
3.70
3.72
3.75
3.78
3.79
3.82
3.85
3.85
3.90
3.93
3.98
6.61
7.92
4.47
4.47
4.46
4.50
4.78
4.78
4.79
4.80
5.12
5.14
5.16
4.93
6.01
7.99
8.01
7.12
6.96
6.80
6.75
6.85
6.93
8.31
8.36
8.39
8.02
7.78
7.77
7.82
7.86
7.93
8.02
8.85
8.09
8.42
1.47
1.41
1.38
1.33
1.30
1.27
1.29
1.31
1.32
1.34
1.36
1.39
1.41
1.44
1.46
1.49
1.53
1.56
1.58
1.63
1.66
1.70
1.74
1.78
1.83
1.86
1.84
1.83
1.80
1.79
1.76
1.76
1.74
1.73
1.71
1.69
1.68
1.68
1.67
1.66
1.65
1.64
1.62
1.61
1.61
1.60
1.59
4.343000 -2.799000 -2.153392
