1 180
5.25
4.60
4.51
4.48
4.92
4.48
4.50
4.51
4.53
4.56
4.54
4.52
4.52
5.36
4.22
4.21
1.49
1.46
1.41
1.38
1.36
1.32
1.30
1.28
1.25
1.07
1.04
1.01
0.99
0.95
0.93
0.89
0.85
0.85
0.87
0.87
0.89
0.90
0.92
0.92
0.94
0.96
0.98
0.99
1.02
1.04
1.05
1.07
1.12
1.14
1.18
1.21
1.25
1.28
1.32
1.37
1.41
1.45
1.52
1.57
1.62
1.69
1.76
1.85
1.94
2.02
2.13
2.23
2.37
2.52
2.69
2.88
3.12
3.36
3.64
4.01
4.46
5.00
6.56
6.83
8.22
10.42
12.46
12.45
12.46
12.44
12.45
12.46
12.47
12.48
8.04
7.99
8.09
8.18
8.28
8.37
8.35
7.15
7.25
5.59
5.27
4.95
4.68
4.42
4.20
4.01
3.84
3.69
3.54
3.41
3.29
3.18
3.08
2.98
2.90
2.81
2.73
2.65
2.59
2.52
2.47
2.41
2.35
2.31
2.26
2.22
2.18
2.13
2.09
2.06
2.02
1.98
1.95
1.93
1.90
1.87
1.85
1.82
1.79
1.78
1.75
1.73
1.72
1.70
1.68
1.66
1.64
1.63
1.61
1.60
1.59
1.57
1.56
1.55
1.53
1.53
1.52
1.52
1.52
1.51
1.50
1.50
1.49
1.48
1.47
1.47
1.47
1.46
1.46
1.45
1.45
1.45
1.44
1.45
1.44
1.45
1.45
1.45
1.45
1.45
6.161000 -5.780000 0.175762
