1 180
1.09
1.10
1.09
1.10
1.10
1.10
1.10
1.11
1.11
1.11
1.11
1.12
1.12
1.13
1.13
1.14
1.14
1.15
1.16
1.17
1.16
1.18
1.18
1.18
1.19
1.22
1.24
1.23
1.25
1.28
1.29
1.30
1.31
1.33
1.36
1.37
1.39
1.42
1.44
1.46
1.48
1.52
1.55
1.58
1.61
1.66
5.16
5.09
3.11
3.09
3.06
3.03
3.02
2.98
2.97
2.69
2.67
2.64
2.62
2.60
2.53
2.66
2.75
2.87
3.00
3.15
3.31
3.49
3.69
3.91
4.14
4.44
4.76
5.14
5.55
6.10
6.72
8.37
8.34
8.30
8.28
8.28
8.27
8.27
8.27
8.26
8.24
8.26
8.26
8.28
4.01
3.90
3.82
3.84
3.89
3.95
4.00
4.05
4.11
4.17
4.19
4.16
4.10
3.94
4.10
3.35
3.12
3.00
3.14
3.18
3.19
3.22
3.27
3.31
3.35
3.36
3.29
81.83
81.83
81.83
81.83
3.43
81.83
81.83
81.83
1.62
1.59
1.56
1.53
1.50
1.49
1.46
1.43
1.41
1.39
1.38
1.36
1.34
1.32
1.30
1.28
1.28
1.26
1.24
1.22
1.22
1.20
1.19
1.18
1.16
1.16
1.15
1.14
1.14
1.13
1.13
1.12
1.11
1.11
1.10
1.09
1.09
1.09
1.07
1.08
1.07
1.07
1.06
1.06
1.06
1.05
1.05
1.05
1.05
1.05
1.05
1.05
1.05
1.05
1.05
-45.096001 -6.783000 -2.024336
