1 180
3.05
3.13
3.00
2.89
2.80
2.71
2.65
2.57
2.49
2.43
2.38
2.33
2.28
2.23
2.19
2.14
2.10
2.07
2.02
1.99
1.96
1.93
1.90
1.87
1.85
1.82
1.78
1.76
1.74
1.73
1.71
1.69
1.68
1.66
1.65
1.63
1.61
1.60
1.59
1.57
1.56
1.55
1.54
1.54
1.52
1.52
1.51
1.50
1.49
1.49
1.48
1.48
1.48
1.47
1.49
1.72
4.67
4.61
4.57
4.52
4.47
4.44
4.40
4.37
4.33
4.30
4.26
4.25
4.36
4.60
4.84
5.12
5.42
5.76
6.16
6.62
7.15
7.78
8.52
9.42
10.51
15.66
15.58
16.07
81.83
81.83
81.83
14.09
81.83
81.83
81.83
81.83
8.36
6.76
5.66
4.87
4.27
3.97
3.99
4.01
3.02
2.70
2.53
2.36
2.22
2.09
1.98
1.88
1.78
1.70
1.63
1.55
1.48
1.43
1.38
1.32
1.29
1.24
1.20
1.16
1.13
1.09
1.05
1.04
1.01
0.98
0.96
0.94
0.92
0.90
0.88
0.87
0.85
0.83
0.83
0.81
0.80
0.79
0.77
0.76
0.76
0.76
0.76
0.75
0.77
0.73
0.71
0.70
0.70
0.69
0.69
0.68
0.68
0.67
0.66
0.66
0.65
0.64
0.64
0.64
0.63
0.63
0.63
0.63
0.63
0.62
0.62
0.62
0.62
0.61
0.62
0.61
0.62
0.62
0.61
0.61
0.61
0.61
0.61
0.61
13.297000 -0.114000 -2.177974
