1 180
0.39
0.39
0.40
0.40
0.41
0.41
0.41
0.41
0.41
0.42
0.42
0.42
0.43
0.43
0.43
0.43
0.44
0.44
0.44
0.45
0.45
0.45
0.46
0.46
0.46
0.47
0.47
0.48
0.48
0.49
0.50
0.50
0.51
0.52
0.53
0.53
0.54
0.55
0.56
0.57
0.58
0.59
0.60
0.62
0.63
0.64
0.66
0.67
0.69
0.71
0.72
0.74
0.77
0.79
0.82
0.85
0.88
0.91
0.96
0.99
1.04
1.08
1.13
1.19
1.20
1.19
1.15
1.14
1.15
1.21
1.27
1.34
1.43
3.19
3.17
3.01
2.87
5.06
5.06
5.04
5.03
5.02
5.02
5.03
5.04
4.75
5.06
5.06
5.06
5.07
5.08
5.10
5.12
5.14
4.99
4.81
4.49
4.14
4.09
4.04
3.79
3.61
3.15
3.03
2.91
2.78
2.79
1.04
1.00
0.97
0.93
0.90
0.87
0.84
0.82
0.80
0.78
0.75
0.73
0.72
0.72
0.73
0.71
0.73
0.73
0.67
0.65
0.63
0.62
0.60
0.58
0.60
0.67
0.70
0.71
0.72
0.73
0.67
0.66
0.65
0.65
0.65
0.63
0.62
0.61
0.60
0.60
0.59
0.59
0.59
0.59
0.59
0.58
0.58
0.57
0.57
0.57
0.56
0.56
0.56
0.56
0.55
0.55
0.55
0.55
0.56
0.57
0.56
0.56
0.55
0.56
0.56
0.56
0.56
0.56
0.56
0.55
0.55
0.55
0.55
-45.363998 -21.066002 -2.024336
