1 180
5.59
5.59
5.60
5.50
5.47
5.48
4.79
4.80
4.83
4.85
4.87
5.57
5.58
5.62
1.90
1.37
1.27
1.18
1.13
1.14
1.14
1.15
1.14
1.15
1.16
1.17
1.18
1.19
1.21
1.21
1.23
1.24
1.25
1.27
1.28
1.30
1.31
1.34
1.36
1.37
1.38
1.41
1.43
1.46
1.48
1.52
1.54
1.57
1.61
1.65
1.68
1.72
1.76
1.80
1.85
1.89
1.94
2.00
2.04
2.10
2.18
2.23
2.30
2.39
2.46
2.57
2.67
2.79
2.92
3.07
3.21
3.38
3.54
3.75
3.99
4.26
4.53
4.87
5.28
8.65
8.62
8.59
8.58
8.69
8.72
8.72
81.83
81.83
81.83
81.83
81.83
10.26
81.83
81.83
81.83
12.05
11.97
12.11
19.42
19.49
81.83
81.83
81.83
3.74
3.26
2.90
2.65
2.43
2.25
2.11
2.01
1.91
1.81
1.74
1.68
1.61
1.55
1.49
1.44
1.40
1.36
1.32
1.28
1.24
1.21
1.18
1.16
1.13
1.09
1.08
1.07
1.04
1.01
1.00
0.99
0.97
0.95
0.94
0.92
0.91
0.90
0.88
0.87
0.86
0.85
0.84
0.83
0.83
0.81
0.80
0.79
0.78
0.78
0.76
0.76
0.75
0.75
0.74
0.74
0.74
0.73
0.73
0.72
0.72
0.71
0.71
0.71
0.71
0.71
0.71
0.70
0.70
0.71
0.70
0.70
0.70
0.71
0.71
0.71
0.71
-32.836002 12.419001 -2.147247
