1 180
6.27
2.00
1.95
1.89
1.84
1.81
1.82
1.84
1.87
1.89
1.91
1.95
1.97
2.00
2.04
2.07
2.10
2.14
2.18
2.18
2.24
2.21
2.21
2.18
2.16
2.13
2.10
2.06
1.79
2.04
1.92
1.87
1.87
1.78
1.77
1.66
1.57
1.41
1.39
1.36
1.35
1.33
1.31
1.31
1.11
1.11
1.31
1.31
1.35
1.35
1.39
1.40
1.43
1.44
1.48
81.83
81.83
81.83
81.83
81.83
81.83
81.83
81.83
81.83
1.91
81.83
81.83
81.83
81.83
81.83
81.83
81.83
2.76
4.81
4.80
4.10
4.40
4.73
4.71
4.70
4.70
5.88
5.90
5.95
6.53
10.33
13.61
17.86
17.84
9.41
8.13
6.82
6.82
6.83
6.84
6.64
5.68
5.34
5.36
6.77
6.79
6.81
6.84
6.86
2.69
2.54
2.41
2.27
2.16
2.07
1.98
1.90
1.82
1.77
1.69
1.63
1.57
1.52
1.47
1.42
1.38
1.35
1.30
1.26
1.23
1.21
1.18
1.15
1.12
1.12
1.09
1.07
1.05
1.04
1.05
1.07
1.09
1.12
1.13
1.15
1.18
1.21
1.24
1.25
1.29
1.33
1.36
1.40
1.44
1.48
1.53
1.58
1.63
1.68
1.74
1.80
1.87
1.96
2.03
2.12
2.23
2.35
2.46
2.61
2.78
2.98
3.20
3.47
3.78
4.15
4.61
5.17
5.84
6.70
7.84
12.25
12.76
15.54
81.83
81.83
-46.096001 -8.679000 -0.586283
