1 180
1.53
1.52
1.52
1.52
1.52
1.53
1.53
1.53
1.53
1.52
1.52
1.52
1.53
1.53
1.54
1.55
1.55
1.57
1.58
1.58
1.59
1.60
1.60
1.62
1.63
1.63
1.64
1.66
1.66
1.68
1.69
1.71
1.72
1.73
1.76
1.78
1.79
1.82
1.84
1.87
1.89
1.92
1.94
1.96
2.00
2.03
2.06
2.10
2.15
2.19
2.23
2.28
2.33
2.37
2.43
2.49
2.55
2.62
2.68
2.77
2.86
2.95
3.04
3.16
3.26
3.39
3.54
3.71
3.91
4.16
4.45
4.80
5.23
5.84
14.86
14.82
14.79
12.14
12.11
12.10
12.09
12.08
12.07
12.07
12.07
12.08
12.09
10.82
8.68
7.13
6.20
6.23
4.77
4.27
3.91
3.57
3.28
3.06
2.87
2.69
2.53
2.38
2.26
2.14
2.05
1.95
1.87
1.79
1.73
1.67
1.62
1.57
1.50
1.47
1.40
1.38
1.33
1.29
1.26
1.22
1.19
1.16
1.13
1.11
1.08
1.06
1.03
1.02
1.01
0.98
0.97
0.95
0.94
0.92
0.92
0.91
0.90
0.89
0.87
0.86
0.85
0.84
0.83
0.83
0.83
0.82
0.81
0.81
0.80
0.79
0.79
0.78
0.77
0.77
0.77
0.77
0.76
0.77
0.75
0.74
0.79
0.88
0.98
5.22
5.20
5.19
4.47
4.43
4.43
4.43
4.44
5.14
5.23
5.23
5.23
4.96
3.79
3.83
5.26
5.26
4.106000 -10.532000 -2.767945
