1 180
0.93
0.92
0.92
0.92
0.91
0.91
0.90
0.90
0.89
0.89
0.88
0.88
0.88
0.87
0.87
0.87
0.87
0.87
0.90
0.87
0.87
0.88
0.88
0.87
0.86
0.86
0.86
0.87
0.86
0.87
0.87
0.88
0.88
0.89
0.89
0.90
0.91
0.92
0.92
0.92
0.93
0.94
0.94
0.95
0.96
0.97
0.98
0.99
1.01
1.02
1.03
1.04
1.04
1.06
1.07
1.08
1.11
1.12
1.14
1.15
1.16
1.19
1.21
1.24
1.25
1.27
1.30
1.33
1.35
1.39
1.41
1.45
1.49
1.52
1.57
1.60
1.66
1.71
1.76
1.82
1.89
1.96
2.03
2.12
2.20
2.32
2.42
2.54
2.70
2.87
3.16
3.55
4.14
7.83
7.12
7.52
7.91
7.95
12.95
12.93
12.92
12.91
12.91
12.91
14.06
16.02
17.46
16.77
16.74
10.53
2.96
2.96
2.97
2.01
1.91
1.74
1.61
1.50
1.39
1.30
1.23
1.15
1.08
1.04
0.99
0.94
0.90
0.85
0.82
0.80
0.76
0.74
0.72
0.69
0.67
0.66
0.64
0.61
0.60
0.59
0.57
0.57
0.55
0.54
0.53
0.51
0.51
0.50
0.49
0.49
0.48
0.47
0.46
0.46
0.45
0.44
0.43
0.43
0.42
0.41
0.41
0.40
0.41
0.40
0.39
0.40
0.40
0.39
0.39
0.39
0.38
0.39
0.38
0.38
0.37
0.38
0.38
0.38
0.38
0.37
7.901000 -4.528000 -2.079646
