1 180
6.31
6.27
6.23
5.55
5.52
5.50
5.48
6.04
6.08
6.06
6.05
6.15
6.15
6.13
6.12
6.11
4.95
6.10
6.10
6.10
5.92
5.37
5.32
5.34
1.60
1.57
1.58
1.59
1.60
1.60
1.59
1.59
1.60
1.61
1.61
1.63
1.63
1.64
1.65
1.67
1.68
1.69
1.69
1.71
1.73
1.73
1.76
1.76
1.78
1.81
1.82
1.84
1.87
1.89
1.92
1.94
1.97
2.00
2.03
2.06
2.09
2.12
2.14
2.18
2.23
2.26
2.31
2.35
2.40
2.46
2.50
2.56
2.63
2.69
2.76
2.84
2.91
3.00
3.09
3.19
3.28
3.40
3.52
3.64
3.77
3.93
4.09
4.27
4.46
4.67
4.91
5.18
6.42
6.38
6.29
6.25
6.22
6.19
6.18
6.15
6.13
6.11
6.11
6.10
6.09
1.78
1.71
1.65
1.60
1.61
1.62
1.64
1.66
1.67
1.69
1.71
1.73
1.75
1.78
1.80
1.82
1.85
1.88
1.90
1.94
1.92
1.96
2.00
1.98
1.96
1.92
1.89
1.85
1.82
1.57
1.77
1.73
1.65
1.59
1.57
1.54
1.46
1.42
1.37
1.35
1.14
1.11
1.09
1.07
1.04
1.05
1.04
1.02
1.01
0.84
0.81
0.98
0.99
1.03
1.05
1.06
1.08
1.09
1.09
1.10
1.15
1.16
1.18
81.83
81.83
81.83
81.83
81.83
81.83
81.83
81.83
81.83
81.83
81.83
81.83
4.272000 7.136000 1.515487
