1 180
1.13
1.13
1.14
1.13
1.14
1.14
1.15
1.15
1.15
1.15
1.16
1.16
1.17
1.18
1.18
1.19
1.19
1.19
1.21
1.21
1.23
1.24
1.24
1.28
4.88
4.85
6.56
6.63
6.71
6.79
6.87
6.75
6.61
6.46
5.15
5.05
4.96
2.64
2.62
2.59
2.55
2.52
2.50
2.47
2.19
2.15
2.12
2.08
2.06
2.01
2.02
2.08
2.14
2.21
2.27
2.36
2.42
2.52
2.61
2.71
2.82
2.93
3.06
3.20
3.35
3.53
3.71
3.93
4.19
4.47
4.75
5.12
5.54
6.01
7.78
7.71
7.68
7.66
7.64
7.62
7.61
7.60
7.60
7.59
7.58
7.60
7.60
7.60
7.61
3.33
3.25
3.16
3.17
3.20
3.25
3.29
3.33
3.39
3.44
3.48
3.53
3.56
3.49
3.41
3.22
3.25
3.23
3.04
2.99
2.54
2.39
2.50
2.55
2.59
2.60
2.63
2.66
2.70
2.74
2.80
2.78
81.83
81.83
81.83
81.83
81.83
81.83
2.91
81.83
81.83
81.83
81.83
81.83
81.83
81.83
81.83
81.83
81.83
5.96
5.89
5.82
5.76
5.71
1.16
1.16
1.14
1.13
1.13
1.13
1.12
1.11
1.10
1.09
1.09
1.08
1.07
1.06
1.06
1.05
1.05
1.04
1.03
1.03
1.03
1.02
1.02
1.02
1.02
1.02
1.01
1.01
1.01
1.01
1.01
1.01
1.01
1.01
1.01
1.01
1.01
-45.410999 -7.367000 -2.030482
