1 180
0.59
0.59
0.60
0.60
0.60
0.60
0.60
0.60
0.60
0.61
0.61
0.61
0.61
0.62
0.62
0.62
0.62
0.63
0.62
0.63
0.63
0.64
0.64
0.64
0.65
0.65
0.66
0.67
0.68
0.69
0.69
0.70
0.71
0.72
0.72
0.74
0.75
0.76
0.78
0.79
0.80
0.82
0.83
0.85
0.87
0.88
0.90
0.92
0.95
0.97
1.00
1.03
1.05
1.10
1.13
1.17
1.21
1.26
1.30
1.35
1.41
1.47
1.52
1.59
1.68
1.75
1.85
1.95
2.07
2.22
2.36
2.52
2.74
2.98
3.27
3.63
4.02
4.86
7.39
7.37
7.36
7.35
7.35
7.38
9.74
9.76
9.53
9.54
9.86
9.87
9.89
9.91
12.21
12.24
12.27
12.32
12.35
12.39
12.33
11.51
10.80
4.19
3.19
2.79
2.50
2.25
2.08
1.91
1.80
1.71
1.62
1.54
1.46
1.39
1.35
1.28
1.24
1.19
1.16
1.13
1.09
1.06
1.03
1.00
0.98
0.96
0.93
0.90
0.88
0.87
0.86
0.82
0.82
0.80
0.80
0.78
0.77
0.75
0.74
0.73
0.72
0.71
0.70
0.69
0.68
0.67
0.67
0.67
0.66
0.65
0.64
0.64
0.63
0.62
0.62
0.61
0.61
0.60
0.60
0.59
0.59
0.59
0.58
0.58
0.59
0.58
0.57
0.56
0.56
0.56
0.56
0.56
0.56
0.55
0.55
0.56
0.56
0.56
0.56
0.56
-42.875000 -20.230999 2.876106
