1 180
4.90
4.80
3.38
3.10
2.87
2.67
2.50
2.36
2.23
2.11
2.01
1.91
1.84
1.77
1.69
1.64
1.58
1.53
1.47
1.43
1.38
1.34
1.31
1.27
1.23
1.20
1.18
1.14
1.13
1.11
1.09
1.04
1.04
1.05
1.05
1.06
1.07
1.09
1.10
1.11
1.12
1.13
1.14
1.15
1.17
1.19
1.20
1.22
1.24
1.25
1.28
1.29
1.32
1.34
1.37
1.40
1.41
1.44
1.47
1.50
1.53
1.56
1.59
1.63
1.68
1.72
1.77
1.82
1.86
1.93
2.00
2.07
2.14
2.22
2.32
2.43
2.53
2.65
2.80
2.98
3.19
3.42
3.78
4.21
4.88
18.11
21.44
21.99
21.99
15.83
15.83
8.28
8.28
7.01
6.50
6.05
5.67
5.34
5.04
4.77
4.54
4.32
4.14
3.96
3.80
3.66
3.52
3.40
3.29
3.18
3.07
2.97
2.86
2.85
2.85
2.86
2.92
5.83
5.90
5.99
6.06
6.15
5.68
5.55
6.41
6.51
2.09
2.08
2.03
1.99
1.97
1.93
1.93
1.94
1.98
2.03
2.07
2.13
2.19
2.24
2.31
2.38
2.45
2.53
2.62
2.70
2.80
2.90
3.02
3.14
3.28
3.42
3.59
3.80
4.03
4.27
4.53
4.85
4.99
4.97
4.96
4.95
4.93
4.92
4.91
4.90
4.89
4.89
4.89
4.89
4.88
4.88
4.88
4.89
4.89
4.89
3.95
3.13
2.75
2.41
-49.487999 -19.976999 0.292527
