1 180
3.04
3.08
3.12
3.16
3.20
3.26
3.31
3.36
3.41
3.47
3.53
3.60
3.67
3.75
3.83
3.93
4.02
4.11
4.21
4.33
4.41
7.96
8.05
6.58
6.43
6.27
6.13
6.01
5.86
5.75
5.63
5.52
5.42
5.32
5.23
5.15
5.07
4.99
4.91
4.84
4.78
4.72
4.64
4.57
4.52
4.47
4.41
4.37
4.32
4.26
4.23
4.19
4.15
4.13
4.10
4.06
4.02
3.99
3.96
3.93
3.90
3.88
3.86
3.84
3.84
3.82
3.80
3.79
3.79
4.22
4.44
7.48
4.90
7.39
7.38
7.38
7.26
7.26
6.89
7.99
8.26
8.23
8.10
7.52
7.55
7.55
3.34
2.94
2.64
2.40
2.18
2.00
1.86
1.72
1.61
1.52
1.43
1.38
1.40
1.42
1.43
1.45
1.46
1.47
1.48
1.48
1.50
1.76
1.78
1.79
1.80
1.83
1.86
1.86
1.88
1.89
4.23
4.15
4.04
3.97
4.00
4.07
4.14
4.19
4.30
4.22
4.17
4.09
4.03
3.98
3.92
3.87
3.82
3.77
3.73
3.68
3.64
3.60
3.57
3.52
3.16
3.46
3.43
3.40
3.37
3.35
3.33
3.30
0.53
0.50
0.48
0.49
0.49
0.49
0.49
0.48
0.48
0.48
0.48
0.48
0.47
0.47
0.48
0.48
0.47
0.48
0.47
0.47
0.47
0.47
0.47
0.47
0.46
0.47
0.48
0.47
0.48
0.47
0.48
0.48
1.225000 7.352000 1.763766
