1 180
4.62
4.57
4.53
4.48
4.43
4.39
4.35
4.30
3.95
4.23
4.20
4.17
4.13
4.10
4.07
1.32
1.27
1.27
1.25
1.26
1.25
1.24
1.23
1.23
1.22
1.22
1.21
1.21
1.21
1.21
1.20
1.21
1.21
1.21
1.20
1.21
1.20
1.21
1.21
1.21
1.21
1.22
1.22
1.22
1.22
1.22
1.23
1.23
1.23
1.25
1.25
1.25
1.26
1.27
1.28
1.28
1.29
1.30
1.31
1.32
1.32
1.33
1.35
1.36
1.38
1.39
1.41
1.42
1.43
1.45
1.46
1.48
1.50
1.52
1.54
1.56
1.58
1.60
1.63
1.66
1.68
1.72
1.75
1.79
1.81
1.86
1.90
1.95
2.00
2.04
2.10
2.16
2.22
2.30
2.38
2.43
2.50
2.59
2.67
2.76
2.86
2.98
3.11
3.24
3.40
3.57
3.74
3.92
4.14
4.38
4.83
5.80
5.77
5.75
5.74
5.72
5.70
5.68
5.68
5.66
5.66
6.87
8.76
12.54
15.13
17.50
17.35
17.35
17.67
17.68
6.56
5.71
5.23
4.88
4.59
4.33
4.11
3.92
3.78
3.64
3.51
3.41
3.30
3.20
3.12
3.03
2.96
2.88
2.81
2.76
2.21
2.63
2.58
2.54
2.49
2.43
2.41
2.36
2.16
1.78
2.26
2.22
2.19
2.13
1.25
1.22
1.18
1.17
1.16
1.15
1.14
1.13
1.13
1.12
1.12
1.11
1.10
1.10
1.09
1.08
1.091000 12.405000 2.433628
