1 180
1.35
1.35
1.36
1.36
1.36
1.36
1.36
1.37
1.38
1.38
1.38
1.39
1.39
1.40
1.41
1.41
1.42
1.43
1.44
1.44
1.46
1.46
1.46
1.47
1.48
1.49
1.50
1.52
1.54
1.55
1.57
1.59
1.61
1.63
1.64
1.66
1.68
1.71
1.74
1.76
1.78
1.81
1.83
1.87
1.88
1.92
1.96
2.00
2.04
2.09
2.13
2.16
2.21
2.27
2.33
2.38
2.45
2.52
2.58
2.64
3.87
3.83
3.79
3.77
3.73
3.71
3.69
3.67
3.66
3.64
3.61
3.60
3.59
3.57
3.56
3.55
3.54
0.78
0.74
0.73
0.71
0.71
0.70
0.70
0.71
0.71
0.73
0.71
0.72
0.72
0.72
0.73
0.72
0.73
0.73
0.72
0.73
0.72
0.72
0.72
0.71
0.69
0.69
0.69
0.71
0.71
0.76
1.53
1.54
1.54
1.55
1.55
1.56
1.57
1.59
1.60
1.63
1.63
1.64
1.65
1.67
1.68
1.71
1.72
1.76
1.78
1.78
1.81
1.84
1.86
1.89
1.93
1.96
1.99
2.02
2.04
2.10
2.14
2.18
2.23
2.26
2.32
2.38
2.44
2.49
2.55
2.63
2.61
2.58
2.54
2.52
2.47
1.89
1.86
1.84
1.83
1.82
1.80
1.79
1.78
1.77
1.76
1.75
1.75
1.74
1.74
1.77
1.97
2.19
1.32
0.97
0.92
0.97
2.22
2.20
2.20
2.20
2.19
2.19
2.19
0.207000 1.823000 0.526057
