1 180
1.60
1.61
1.64
1.66
1.66
1.68
1.70
1.72
1.73
1.75
1.78
1.79
1.81
1.85
1.86
1.90
1.93
1.97
1.99
2.03
2.07
2.10
2.14
2.20
2.24
2.28
2.34
2.40
2.46
2.52
2.60
2.68
2.76
2.85
2.91
3.03
3.16
3.28
3.42
3.59
3.78
4.02
4.29
4.60
5.01
5.57
6.52
18.41
18.42
22.18
21.63
22.33
22.29
16.11
8.56
7.12
6.42
5.84
5.37
4.98
4.62
4.32
4.06
3.82
3.63
3.44
3.27
3.13
2.96
2.98
2.98
3.04
5.64
5.69
5.75
5.79
5.85
2.14
2.09
2.03
1.98
1.92
1.90
1.92
1.95
1.98
2.01
2.03
2.07
2.10
2.13
2.16
2.21
2.25
2.29
2.34
2.38
2.42
2.48
2.53
2.59
2.66
2.73
2.80
2.88
2.96
3.05
3.14
3.24
3.33
3.46
3.58
3.71
3.85
4.01
4.19
4.38
4.60
4.72
4.69
4.68
4.65
4.62
4.61
4.59
4.57
4.55
4.54
4.53
4.52
4.52
4.51
4.50
4.49
4.50
4.49
4.49
1.77
1.75
1.70
1.70
1.71
1.71
1.71
1.72
1.73
1.73
1.73
1.74
1.75
1.75
1.76
1.77
1.78
1.79
1.81
1.82
1.82
1.84
1.85
1.77
1.71
1.64
1.58
1.53
1.46
1.42
1.37
1.34
1.31
1.26
1.23
1.19
1.17
1.15
1.12
1.08
1.07
1.05
1.03
-2.071000 -1.731000 1.490904
