1 180
2.35
3.67
3.65
3.64
3.62
3.61
3.57
3.59
3.57
3.57
3.55
3.55
3.54
3.54
3.54
3.54
3.53
3.53
3.53
3.53
3.53
3.54
3.54
3.55
3.56
3.39
2.84
2.85
2.85
2.86
2.88
2.89
2.89
2.65
2.79
2.94
2.37
2.67
3.01
3.03
3.06
3.07
3.02
2.93
2.94
2.96
3.06
3.10
4.16
4.20
4.26
4.31
4.35
4.41
4.47
3.06
3.07
4.67
4.60
3.03
4.42
4.35
4.24
4.18
4.14
4.07
4.02
3.95
3.90
3.85
3.79
3.75
3.69
3.08
2.78
2.74
2.72
2.69
2.66
2.64
2.58
2.66
2.76
81.83
1.82
3.12
3.24
3.26
3.32
3.30
3.28
3.26
2.99
2.95
3.23
3.22
3.20
3.19
3.18
3.17
3.12
3.07
3.07
3.07
3.07
3.07
3.07
3.07
3.06
3.07
3.06
3.06
3.06
3.07
3.06
3.09
2.66
2.54
2.55
2.55
2.58
2.58
3.16
3.19
3.20
3.22
3.24
3.25
3.27
3.30
3.33
2.60
2.26
3.41
3.44
3.44
3.31
3.54
3.58
3.62
3.67
3.71
3.62
3.52
3.45
3.36
3.31
3.21
3.15
1.95
1.92
1.88
1.84
1.82
1.79
1.77
1.74
1.72
1.69
1.68
1.66
1.63
1.63
1.60
1.58
1.57
1.54
1.52
1.51
1.50
1.49
1.58
1.63
1.64
1.63
1.62
1.61
1.59
1.58
1.58
10.029000 2.824000 0.532203
