1 180
1.00
1.00
1.00
1.00
1.00
1.00
1.01
1.01
1.01
1.01
1.02
1.02
1.02
1.03
1.03
1.04
1.05
1.05
1.06
1.06
1.07
1.06
1.06
1.07
1.08
1.09
1.09
1.10
1.11
1.12
1.13
1.14
1.15
1.16
1.18
1.18
1.20
1.21
1.22
1.24
1.26
1.28
1.29
1.32
1.33
1.36
1.38
1.40
1.43
1.45
1.48
1.51
1.54
1.58
1.60
1.63
1.68
1.73
1.77
1.82
1.87
1.90
1.97
2.03
2.10
2.16
2.24
2.33
2.41
2.51
2.61
2.73
2.85
2.99
3.13
3.30
3.49
3.72
3.96
4.26
4.60
4.98
5.44
6.01
6.60
11.07
10.97
11.03
81.83
81.83
10.25
81.83
81.83
9.46
9.55
81.83
81.83
81.83
81.83
81.83
81.83
81.83
81.83
81.83
81.83
7.89
7.88
4.46
4.18
3.92
3.70
3.51
3.33
3.20
3.05
2.92
2.79
2.68
2.58
2.48
2.42
2.34
2.28
2.20
2.19
2.08
2.03
1.97
1.92
1.87
1.82
1.78
1.75
1.70
1.66
1.64
1.60
1.57
1.55
1.52
1.50
1.47
1.44
1.42
1.40
1.38
1.36
1.36
1.35
1.33
1.31
1.31
1.30
1.28
1.26
1.26
1.24
1.23
1.22
1.22
1.20
1.19
1.19
1.19
1.17
1.17
1.16
1.15
1.15
1.15
1.14
1.14
1.14
1.14
1.13
1.13
1.13
1.12
1.13
1.12
-50.893997 -35.818001 2.538102
