1 180
4.38
4.32
4.23
4.18
4.14
4.10
4.09
4.04
4.04
81.83
81.83
81.83
81.83
81.83
81.83
81.83
81.83
81.83
81.83
81.83
81.83
1.95
81.83
81.83
81.83
81.83
81.83
1.77
1.79
1.69
1.67
1.62
81.83
81.83
81.83
81.83
1.42
1.40
1.39
1.35
1.35
1.33
1.32
1.31
1.27
1.27
1.25
1.25
1.22
1.20
1.19
1.20
1.37
1.34
1.34
1.37
1.37
6.33
3.39
3.40
3.19
3.16
4.04
4.00
6.24
6.10
4.20
3.15
3.14
81.83
5.95
4.25
3.37
3.29
3.29
3.31
3.32
3.33
3.35
3.37
3.40
3.43
3.45
3.47
3.50
3.53
3.56
3.60
3.63
3.68
3.71
3.77
3.79
3.85
3.89
3.93
4.40
6.24
6.21
6.06
1.42
1.37
1.35
1.31
1.27
1.26
1.26
1.28
1.30
1.32
1.35
1.35
1.34
1.34
1.34
1.33
1.33
1.33
1.33
1.33
1.33
1.34
1.12
1.17
20.39
20.41
1.59
1.64
81.83
81.83
81.83
81.83
3.69
3.67
2.79
2.80
81.83
81.83
81.83
81.83
81.83
1.61
1.13
1.13
5.71
5.72
5.77
5.80
5.87
5.91
5.97
6.06
81.83
6.16
6.28
81.83
81.83
6.35
4.91
4.16
4.16
6.40
6.50
6.59
6.72
3.89
3.92
7.05
4.34
4.35
7.60
3.71
4.45
8.10
8.35
8.26
8.16
8.07
3.38
3.38
-0.211000 -2.199000 0.274090
