1 180
0.44
0.42
0.41
0.41
0.41
0.39
0.38
0.41
0.42
0.41
0.41
0.41
0.41
0.41
0.41
0.41
0.40
0.39
0.39
0.40
0.41
0.42
0.42
0.42
0.44
0.44
0.44
0.52
0.53
0.53
0.53
0.53
0.54
0.54
0.54
0.55
0.56
0.56
0.57
0.57
0.58
0.58
0.58
0.59
0.60
0.59
0.60
0.61
0.62
0.64
0.64
0.66
0.67
0.67
0.67
0.69
0.70
0.71
0.74
3.08
3.14
3.19
3.26
4.52
4.62
4.74
4.86
4.98
5.09
3.48
3.15
3.14
3.15
4.83
3.16
3.14
4.69
4.64
4.60
4.57
4.53
4.51
4.47
4.45
4.43
4.40
4.37
4.35
4.34
3.54
3.52
3.51
3.52
3.53
3.51
3.50
4.24
4.36
4.36
4.35
4.35
4.35
4.35
3.36
2.99
2.95
2.95
2.95
2.95
2.96
3.02
4.25
4.08
3.66
3.67
3.68
3.70
3.72
3.74
4.29
4.43
4.45
4.48
4.47
81.83
4.59
4.62
4.66
4.69
4.74
4.79
4.84
3.31
81.83
3.31
3.30
3.26
3.33
5.17
5.04
4.91
4.82
4.72
2.19
2.19
2.20
2.19
81.83
2.83
1.06
1.05
1.09
1.21
1.20
1.01
1.00
1.01
1.01
1.01
1.00
1.02
0.99
1.00
1.01
1.08
1.16
1.16
1.14
1.13
1.12
1.11
1.10
1.09
1.07
1.06
1.07
1.06
1.06
1.05
1.04
7.717000 -11.356999 -0.899705
