1 180
1.47
1.48
1.48
1.49
1.50
1.50
1.51
1.52
1.52
1.54
1.55
1.56
1.57
4.38
4.41
4.46
6.98
7.05
7.12
7.20
7.11
6.92
6.73
6.57
6.42
6.25
6.12
6.00
5.87
5.76
5.64
5.54
5.46
5.35
5.28
5.20
5.11
5.04
4.97
4.90
4.83
4.77
4.81
4.93
7.32
7.33
6.05
5.82
5.80
5.77
6.01
6.22
6.44
6.69
4.08
4.08
4.05
4.01
3.99
4.06
4.94
4.92
4.91
5.84
5.82
5.83
6.61
6.60
6.59
6.56
6.55
6.53
6.52
6.52
6.61
6.61
6.61
6.60
6.60
6.60
6.60
4.31
3.43
2.87
2.57
2.56
2.55
2.54
2.53
2.52
2.52
2.51
2.51
2.52
2.52
2.52
2.52
2.51
2.52
2.52
2.52
2.51
2.52
2.53
2.54
2.55
2.56
2.57
2.58
2.59
2.60
2.62
2.63
2.66
2.67
2.68
2.71
2.73
2.75
2.77
2.80
2.83
2.85
2.89
2.91
2.94
2.97
3.02
3.04
3.08
3.14
3.18
3.23
3.27
3.33
3.38
3.44
3.50
3.56
3.64
3.71
3.80
3.88
3.97
4.06
4.17
4.28
4.41
4.56
4.73
0.82
0.81
0.81
0.80
0.80
0.80
0.79
0.79
0.79
0.78
0.78
0.78
0.79
0.78
0.78
0.78
0.78
0.80
0.79
0.78
0.78
0.78
0.78
0.79
0.79
0.78
0.78
0.79
0.79
0.79
10.910999 -0.324000 1.972714
