1 180
0.62
0.62
0.61
0.62
0.63
0.64
0.64
0.64
0.64
0.58
0.58
0.58
0.59
0.59
0.59
0.58
0.59
0.59
0.58
0.58
0.58
0.58
0.58
0.58
0.58
0.59
0.59
0.60
0.60
0.61
0.61
0.61
0.61
0.62
0.63
0.63
0.64
0.64
0.65
0.66
0.66
0.67
0.68
0.68
0.69
0.70
0.71
0.71
0.72
0.73
0.74
0.75
0.77
0.79
0.80
0.81
0.82
0.84
0.85
0.87
0.88
0.91
0.94
0.96
0.97
1.00
1.03
1.05
2.64
2.81
3.00
3.22
1.96
3.43
3.42
3.40
3.39
3.39
3.37
3.37
3.37
3.37
3.37
3.37
3.37
3.37
3.37
3.37
3.37
3.37
3.37
3.38
3.39
3.40
3.41
3.43
1.68
1.70
1.71
3.47
3.49
3.51
3.52
3.54
3.52
3.58
3.62
2.79
3.66
3.69
3.71
3.75
3.26
3.81
3.61
3.14
3.04
2.86
3.07
3.11
3.15
3.20
3.24
3.54
3.22
3.19
3.83
81.83
81.83
2.29
3.70
3.65
3.59
3.53
3.48
3.42
3.37
3.32
3.09
3.24
3.21
3.17
3.13
3.10
3.07
3.03
3.01
0.38
0.35
0.35
0.34
0.33
0.33
0.33
0.32
0.32
0.31
0.30
0.30
0.29
0.30
0.29
0.30
0.29
0.29
0.29
0.30
0.29
0.30
0.30
0.29
0.30
0.29
0.29
0.29
0.30
0.30
0.30
0.29
10.99
3.821000 1.992000 -2.104228
