1 180
6.26
6.26
6.28
4.58
4.33
4.10
3.92
3.93
3.97
3.79
3.65
3.66
3.68
3.72
3.73
3.77
3.78
4.01
3.88
3.76
3.64
3.53
3.43
3.34
3.25
3.17
3.10
3.01
2.94
2.88
2.81
2.75
2.69
2.41
2.39
2.44
2.48
2.52
2.56
2.66
2.64
2.59
2.55
2.53
2.50
2.49
2.37
2.43
2.46
2.49
2.53
2.57
2.60
2.66
2.69
81.83
81.83
81.83
81.83
81.83
81.83
3.04
81.83
81.83
81.83
81.83
81.83
81.83
81.83
81.83
81.83
3.76
81.83
3.71
81.83
3.63
81.83
81.83
81.83
81.83
11.69
11.87
4.47
9.53
5.51
5.42
5.34
5.30
5.37
5.44
5.45
8.72
12.88
8.66
6.94
81.83
81.83
81.83
81.83
7.46
81.83
81.83
81.83
81.83
81.83
81.83
81.83
10.28
3.87
3.83
11.01
6.01
4.54
4.20
4.21
4.22
4.24
4.94
3.86
4.93
4.94
4.94
4.95
4.96
4.97
4.97
4.99
5.00
5.01
5.03
5.05
5.08
5.08
5.10
1.39
1.39
1.36
1.33
1.29
1.27
1.24
1.22
1.21
1.19
1.16
1.15
1.13
1.11
1.10
1.08
1.07
1.05
1.04
1.02
1.02
1.01
0.99
0.98
0.96
0.95
0.95
0.95
0.94
0.93
0.93
0.92
0.91
0.90
0.90
0.89
0.89
0.89
0.89
0.88
0.88
0.88
0.87
0.86
0.86
0.87
-37.049999 6.955000 -2.368485
