1 180
0.58
0.58
0.59
0.58
0.58
0.58
0.59
0.58
0.59
0.59
0.60
0.60
0.60
0.61
0.61
0.61
0.62
0.62
0.62
0.63
0.63
0.64
0.65
0.65
0.66
0.66
0.66
0.66
0.67
0.68
0.69
0.70
0.71
0.72
0.73
0.74
0.75
0.76
0.77
0.79
0.79
0.81
0.83
0.84
0.86
0.87
0.88
0.91
0.92
0.94
0.97
1.00
1.01
1.04
1.08
1.12
1.15
1.18
1.23
1.27
1.32
1.37
1.42
1.49
1.54
1.62
1.69
1.78
1.92
2.12
2.33
2.61
3.04
3.82
6.72
5.91
6.76
6.80
6.82
11.84
11.81
11.80
11.79
11.78
11.79
12.99
15.35
14.94
16.38
15.64
11.27
9.71
9.47
7.91
7.20
6.53
6.04
5.60
2.23
2.09
1.92
1.93
1.92
1.93
1.96
1.92
1.92
1.92
1.92
1.93
1.94
1.95
1.96
1.97
1.18
1.02
1.03
0.98
0.95
0.92
0.90
0.88
0.85
0.84
0.82
0.81
0.79
0.78
0.78
0.76
0.75
0.73
0.72
0.72
0.70
0.70
0.69
0.68
0.68
0.66
0.66
0.66
0.66
0.64
0.64
0.63
0.62
0.62
0.61
0.62
0.62
0.61
0.61
0.60
0.60
0.60
0.59
0.59
0.58
0.58
0.58
0.57
0.57
0.57
0.56
0.57
0.57
0.57
0.56
0.57
0.57
0.57
0.56
0.57
0.56
0.56
0.57
0.56
0.57
0.57
-43.035999 -20.174999 -0.303589
