1 180
0.84
0.84
0.84
0.83
0.83
0.83
0.82
0.83
0.82
0.82
0.82
0.82
0.82
0.82
0.82
0.82
0.82
0.82
0.82
0.83
0.83
0.83
0.83
0.83
0.84
0.84
0.84
0.85
0.85
0.86
0.87
0.87
0.88
0.88
0.89
0.89
0.90
0.91
0.92
0.93
0.94
0.95
0.96
0.97
0.98
0.99
1.00
1.02
1.03
1.04
1.05
1.07
1.09
1.11
1.13
1.15
1.16
1.18
1.20
1.22
1.26
1.28
1.31
1.34
1.37
1.41
1.43
1.46
1.51
1.56
1.18
1.64
1.69
1.75
1.81
1.88
1.95
2.01
2.10
2.18
2.28
2.38
2.49
2.62
2.76
2.72
2.57
3.26
3.24
3.23
3.22
3.21
3.38
3.79
4.31
5.00
5.92
9.61
9.63
10.87
10.88
10.89
10.94
81.83
81.83
13.32
13.00
6.20
5.15
4.49
4.03
3.64
3.32
3.06
2.84
2.65
2.48
2.32
2.20
2.08
1.99
1.88
1.80
1.72
1.66
1.59
1.52
1.47
1.43
1.36
1.32
1.29
1.24
1.20
1.17
1.13
1.10
1.08
1.05
1.03
1.00
0.98
0.95
0.94
0.92
0.91
0.90
0.88
0.86
0.85
0.84
0.83
0.82
0.81
0.80
0.80
0.78
0.76
0.75
0.74
0.76
0.79
0.80
0.80
0.83
0.86
4.43
4.35
2.66
4.34
4.30
4.28
4.25
4.23
4.20
4.19
4.17
4.15
4.13
4.12
5.464000 -0.965000 1.128319
