1 180
1.31
1.29
1.29
1.29
1.30
1.30
1.30
1.30
1.29
1.29
1.28
1.27
1.28
1.28
1.28
1.30
1.31
1.32
1.33
1.33
1.34
1.34
1.34
1.35
1.35
1.36
1.37
1.38
1.39
1.40
1.40
1.41
1.43
1.44
1.44
1.46
1.48
1.48
1.51
1.52
1.54
1.56
1.57
1.59
1.61
1.63
1.64
1.68
1.70
1.73
81.83
81.83
81.83
1.82
1.85
1.87
1.92
1.93
81.83
81.83
81.83
81.83
81.83
81.83
81.83
81.83
81.83
81.83
2.81
3.04
3.07
3.40
3.44
3.48
3.90
3.95
3.86
3.78
3.74
6.00
7.52
7.48
7.32
6.60
6.45
6.50
6.51
6.46
6.43
6.45
6.55
8.55
8.77
7.51
8.02
7.34
7.96
8.13
7.35
7.27
6.88
6.78
6.75
6.82
6.94
4.91
4.89
4.87
4.85
4.83
4.71
4.67
4.64
4.61
4.81
5.05
5.30
5.62
5.98
6.35
6.82
7.32
7.92
8.62
10.43
10.60
11.94
81.83
16.29
16.25
16.24
16.21
16.22
11.75
11.77
11.88
11.99
7.84
6.19
5.10
4.35
3.76
3.31
2.97
2.68
2.44
2.25
2.13
2.14
2.14
2.15
2.17
2.18
3.05
3.07
3.10
3.12
3.14
3.15
3.18
3.21
3.24
3.27
3.30
3.34
3.38
3.41
3.45
3.49
3.53
3.58
3.62
3.67
3.72
3.77
3.83
3.89
3.98
4.05
4.12
-42.202003 1.219000 -2.313176
