1 180
4.92
3.86
4.94
4.95
3.09
2.22
2.22
2.22
2.22
2.20
2.21
2.19
2.18
2.29
2.38
5.19
5.23
5.26
5.29
5.33
5.17
4.93
4.71
4.62
4.63
4.66
4.70
4.73
4.79
4.83
4.88
4.92
4.98
2.53
2.48
2.42
2.46
2.49
2.33
2.34
2.36
2.39
2.41
2.44
0.87
0.84
0.82
0.80
0.78
0.78
0.79
0.81
0.82
0.82
0.84
0.85
0.88
0.89
0.91
0.92
0.95
0.96
0.99
1.02
1.04
1.07
1.09
1.12
1.16
1.18
1.21
1.26
1.30
1.34
1.40
1.44
1.51
1.57
1.63
1.70
1.79
1.87
1.99
1.99
1.97
1.97
1.96
1.95
1.94
1.93
1.93
1.93
1.92
1.91
1.92
1.91
1.91
1.91
1.91
1.90
1.90
1.91
1.91
1.91
1.91
1.91
1.92
1.92
1.92
1.92
1.92
1.93
1.94
1.95
1.96
1.97
1.98
1.99
2.00
2.00
2.02
2.03
2.04
1.93
1.92
1.84
1.77
1.72
1.66
1.62
1.57
1.52
1.48
1.45
1.41
1.37
1.34
1.31
1.28
1.25
1.22
1.19
1.18
1.16
1.14
1.13
1.12
1.09
1.07
1.05
1.03
1.04
1.02
1.01
0.99
0.97
0.96
0.96
0.95
0.93
0.93
0.92
0.91
0.90
0.89
0.89
0.89
0.88
0.86
0.86
0.87
0.86
0.85
0.85
0.85
0.84
0.84
0.84
0.83
0.82
-41.468998 -11.877000 -1.250000
