1 180
0.65
0.66
0.66
0.66
0.66
0.66
0.67
0.66
0.67
0.66
0.67
0.67
0.67
0.67
0.67
0.68
0.68
0.68
0.68
0.68
0.68
0.68
0.69
0.69
0.70
0.70
0.71
0.71
0.72
0.71
0.72
0.74
0.74
0.74
0.75
0.76
0.78
0.80
0.79
0.80
0.81
0.83
0.84
0.85
0.86
0.88
0.88
0.91
0.92
0.93
0.96
0.98
1.01
1.01
1.04
1.07
1.09
1.13
1.15
1.19
1.26
1.27
1.30
1.35
1.40
1.45
1.50
1.56
1.62
1.68
1.75
1.84
1.93
2.02
2.14
2.27
3.59
3.56
3.54
3.52
3.49
3.74
4.10
4.56
5.08
5.95
6.83
8.22
9.50
9.50
9.52
9.50
9.51
19.02
21.23
21.54
21.58
12.75
9.86
9.06
8.49
8.01
7.66
7.32
7.05
6.78
6.14
4.89
4.79
4.67
4.57
4.49
4.40
4.32
4.24
4.17
4.09
4.03
3.96
3.90
3.86
3.85
3.87
3.95
4.04
4.14
4.26
4.39
4.34
4.29
4.25
4.21
4.17
4.13
4.10
4.08
4.05
4.02
3.99
3.96
3.94
3.92
3.90
3.88
3.88
3.86
3.85
3.84
3.83
3.81
3.81
3.80
3.79
3.79
3.79
3.79
3.79
3.79
3.80
3.80
3.81
3.82
6.68
6.64
6.61
7.00
7.42
7.91
8.46
9.12
9.88
10.80
11.87
13.20
18.06
18.01
81.83
81.83
81.83
16.50
1.867000 11.127000 -2.165683
