1 180
2.25
2.51
2.50
2.49
2.49
2.52
2.80
2.82
2.84
2.94
3.11
3.10
3.09
3.09
3.09
3.07
3.07
3.07
3.07
3.07
3.07
1.00
0.98
0.97
1.00
0.93
0.85
0.82
0.84
0.95
0.92
0.88
0.86
0.85
0.85
0.89
0.91
0.92
0.95
0.97
0.98
1.18
1.19
1.19
1.20
1.21
1.21
1.23
1.23
1.25
1.26
1.27
1.29
1.31
1.32
1.32
1.33
1.35
1.36
1.39
1.39
1.37
1.35
1.32
1.30
1.27
1.02
1.01
1.03
1.05
1.08
1.10
1.13
1.16
1.16
1.21
3.94
3.93
3.89
3.87
3.85
3.83
3.82
3.81
3.78
3.77
3.76
3.75
3.75
6.28
6.26
6.64
7.03
7.51
8.02
8.62
9.35
9.79
9.78
12.44
13.96
14.80
81.83
21.22
22.45
10.71
10.72
10.71
10.71
10.70
6.56
4.94
4.97
3.11
2.62
2.33
2.05
1.82
1.65
1.50
1.40
1.30
1.22
1.13
1.05
1.04
1.05
1.05
1.02
1.00
0.96
0.91
0.88
0.81
0.84
0.90
1.00
0.97
0.93
0.91
0.89
0.86
0.84
0.82
0.80
0.77
0.75
0.75
0.72
0.71
0.70
0.68
0.68
0.67
0.65
0.64
0.63
0.63
0.61
0.60
0.59
0.58
0.56
0.54
0.58
0.60
0.62
0.64
0.66
0.68
0.69
0.72
0.75
0.80
0.82
0.87
0.88
0.92
2.79
2.92
8.350000 -12.106999 2.040314
