1 180
1.24
1.24
1.24
1.24
1.24
1.23
1.24
1.24
1.24
1.24
1.24
1.25
1.25
1.26
1.26
1.27
1.28
1.29
1.30
1.30
1.31
1.32
1.32
1.33
1.34
1.35
1.36
1.37
1.38
1.39
1.39
1.32
1.29
1.25
1.22
1.19
1.16
1.15
1.16
1.53
1.56
1.58
1.61
1.61
1.64
1.66
1.70
1.73
1.75
1.79
1.82
1.85
1.90
1.93
1.98
2.00
1.97
1.94
1.92
1.89
1.87
1.85
1.85
2.47
2.44
2.40
2.39
2.36
2.33
2.40
2.54
2.59
2.61
2.59
2.58
2.58
2.56
2.55
2.53
2.53
2.52
2.51
2.50
2.49
2.49
2.48
2.47
2.47
2.46
2.42
2.49
2.54
2.53
2.54
2.53
2.55
2.54
2.51
2.53
2.54
2.54
2.56
2.57
2.59
2.59
2.62
2.64
2.65
2.65
2.66
2.60
2.56
2.58
2.59
2.61
2.63
2.66
2.68
2.70
2.71
5.07
5.08
5.12
1.20
1.16
1.13
1.10
1.07
1.05
1.03
1.00
0.98
0.96
0.94
0.92
0.91
0.90
0.88
0.87
0.85
0.84
0.82
0.81
0.80
0.79
0.77
0.77
0.75
0.75
0.74
0.72
0.72
0.71
0.70
0.69
0.69
0.68
0.68
0.68
0.67
0.66
0.66
0.66
0.65
0.64
0.64
0.64
0.63
0.62
0.62
0.62
0.61
0.61
0.61
0.62
0.61
0.61
0.61
0.61
0.60
-50.667004 -19.009001 -2.491396
