1 180
3.25
3.12
2.99
2.86
2.74
2.63
2.55
2.48
2.47
2.43
2.45
2.48
2.50
2.53
2.55
2.58
2.62
2.65
2.68
2.72
2.75
2.75
2.70
2.63
2.58
2.54
2.49
2.44
2.40
2.37
2.33
2.30
2.26
2.23
2.20
2.17
2.14
2.12
2.15
2.21
2.28
2.35
6.73
6.41
6.36
6.30
6.25
6.23
6.16
6.14
6.01
6.04
6.80
4.36
4.34
4.32
4.30
4.28
4.27
4.24
4.24
4.06
4.05
4.03
4.01
4.24
4.33
4.33
4.33
4.33
4.32
4.32
4.32
4.32
4.37
6.54
6.55
6.56
6.57
6.59
6.61
6.63
6.64
6.67
6.69
6.73
6.76
6.78
6.61
6.26
5.95
5.68
5.42
5.17
4.99
4.79
4.63
4.47
4.34
4.21
4.07
3.96
3.85
3.74
3.77
3.81
3.85
3.86
7.24
6.38
8.44
81.83
81.83
6.42
4.73
2.81
2.73
2.69
2.64
2.61
2.57
2.60
3.10
3.16
3.24
3.32
3.40
3.48
3.45
3.41
3.38
3.35
4.02
4.14
4.30
4.25
4.22
4.19
5.02
5.00
4.97
4.96
4.96
4.94
4.91
4.88
4.86
4.84
4.81
4.81
4.78
4.85
4.86
4.86
4.84
0.78
0.77
0.75
0.74
0.74
0.73
0.73
0.72
0.72
0.71
0.71
0.70
0.70
0.69
0.70
0.70
0.69
0.69
0.70
0.70
0.69
0.70
0.70
0.71
0.71
-11.450000 18.115999 2.599557
