1 180
1.10
1.10
1.10
1.10
1.09
1.09
1.09
1.09
1.09
1.09
1.10
1.10
1.10
1.10
1.11
1.11
1.11
1.11
1.12
1.12
1.12
1.12
1.12
1.12
1.13
1.13
1.14
1.15
1.16
1.16
1.18
1.18
1.20
1.20
1.22
1.22
1.24
1.26
1.27
1.28
1.30
1.32
1.33
1.33
1.35
1.37
1.39
1.41
1.43
1.46
1.47
1.50
1.53
1.55
1.58
1.62
1.64
1.68
1.70
1.74
1.78
1.82
1.86
1.92
1.97
2.02
2.07
2.13
2.19
2.27
2.34
2.42
2.51
2.60
2.63
2.60
2.59
2.58
2.55
2.54
2.55
3.28
3.96
4.23
4.55
4.90
5.28
5.79
6.37
7.10
7.51
7.51
7.81
81.83
13.92
14.18
15.17
15.19
17.60
17.60
8.47
6.13
4.72
3.78
3.50
3.51
3.52
3.53
3.55
3.55
3.56
3.57
3.59
3.61
3.63
3.65
3.67
3.70
3.72
3.74
3.78
3.79
3.82
3.85
3.88
3.92
3.96
2.31
2.24
2.17
2.10
2.05
1.99
1.93
1.89
1.85
1.80
1.76
1.71
1.68
1.65
1.62
1.60
1.59
1.53
1.51
1.48
1.47
1.44
1.42
1.39
1.37
1.36
1.35
1.33
1.32
1.30
1.28
1.28
1.26
1.25
1.24
1.24
1.23
1.22
1.22
1.20
1.19
1.19
1.18
1.18
1.18
1.17
1.17
1.16
1.15
1.15
1.14
1.15
1.14
-4.556000 -4.797000 0.759587
