1 180
3.06
3.31
3.59
3.93
4.34
4.83
5.02
4.98
5.02
6.17
6.14
6.12
6.09
6.07
6.05
6.04
6.44
4.28
4.47
3.83
3.69
3.32
2.71
4.17
2.22
2.23
1.54
4.26
4.28
4.31
4.33
6.57
6.78
4.50
3.03
1.75
1.72
1.71
1.69
1.69
1.71
1.73
1.75
1.77
1.77
1.79
1.80
1.83
1.86
1.91
1.95
1.60
1.46
3.89
3.81
3.74
3.68
3.61
3.54
3.48
2.19
3.37
3.33
3.28
3.23
3.18
3.15
3.10
3.07
3.03
2.99
2.96
2.93
2.90
2.86
2.84
2.81
2.78
2.76
2.75
2.72
2.70
2.69
2.67
2.65
2.63
2.62
2.61
2.60
2.58
2.58
2.57
2.55
2.54
2.54
2.53
2.52
2.52
2.51
2.51
2.51
2.50
2.50
2.50
2.50
2.50
2.50
2.51
2.51
2.51
2.52
2.52
2.53
2.54
2.55
2.56
2.42
2.25
2.09
1.96
1.86
1.77
1.67
1.59
1.52
1.44
1.39
1.33
1.29
1.24
1.20
1.16
1.11
1.08
1.05
1.02
0.99
0.96
0.94
0.91
0.89
0.87
0.85
0.83
0.81
0.81
0.79
0.78
0.76
0.74
0.73
0.72
0.71
0.70
0.69
0.68
0.67
0.66
0.65
0.65
0.64
0.63
0.62
0.61
0.61
0.60
0.60
0.47
0.43
0.43
0.43
0.43
0.42
0.41
0.41
0.41
0.41
0.41
0.41
0.41
4.045000 -0.558000 2.581121
