1 180
0.81
0.81
0.80
0.80
0.80
0.80
0.80
0.80
0.80
0.80
0.79
0.79
0.79
0.80
0.80
0.80
0.80
0.80
0.80
0.80
0.80
0.81
0.81
0.81
0.81
0.82
0.82
0.82
0.83
0.83
0.83
0.83
0.84
0.85
0.85
0.86
0.87
0.88
0.89
0.90
0.91
0.91
0.92
0.94
0.95
0.96
0.97
0.98
0.99
1.00
1.02
1.04
1.06
1.08
1.09
1.11
1.13
1.14
1.16
1.18
1.21
1.23
1.26
1.29
1.33
1.35
1.34
1.21
1.20
1.18
1.17
1.16
1.16
1.14
1.13
1.12
1.12
1.11
1.10
1.09
1.09
1.09
1.08
1.07
1.06
1.05
1.05
1.05
1.05
1.04
1.05
1.03
1.03
1.03
1.03
1.02
1.03
1.03
1.03
1.02
1.02
1.02
1.02
1.03
1.02
1.02
1.03
1.03
1.03
1.03
1.03
1.03
1.03
1.04
1.04
1.04
1.04
1.05
1.06
1.06
1.03
0.98
0.92
0.88
0.84
0.82
0.79
0.75
0.74
0.70
0.68
0.67
0.64
0.63
0.62
0.61
0.60
0.58
0.56
0.55
0.54
0.54
0.52
0.51
0.50
0.50
0.52
0.53
0.53
0.53
0.52
0.52
0.53
0.54
0.55
0.57
0.58
0.59
0.61
0.62
0.63
0.65
0.67
0.70
0.71
0.74
0.76
0.79
0.82
0.86
0.90
0.94
0.99
1.06
1.10
1.17
1.24
1.33
1.42
1.54
11.801000 -2.450000 0.188053
