1 180
5.40
5.40
5.40
5.42
5.44
5.45
5.48
5.49
5.40
4.29
4.27
5.08
4.41
4.36
4.39
4.84
4.90
4.93
5.70
4.60
4.59
4.47
4.45
4.51
5.77
5.87
4.83
5.94
6.00
6.27
6.27
5.15
1.94
1.91
1.89
1.87
1.84
1.82
1.81
1.78
1.76
1.74
1.60
1.57
1.56
1.53
1.50
1.47
1.44
1.42
1.44
1.48
1.53
1.57
1.61
1.67
1.71
1.76
1.83
1.90
1.96
2.05
2.12
2.22
2.31
2.42
2.55
2.69
2.84
3.00
3.19
3.41
3.71
3.95
4.28
4.67
5.16
5.73
7.18
7.59
8.96
10.99
13.08
13.06
13.06
13.05
13.06
13.06
13.06
8.75
8.62
8.66
8.76
8.86
8.95
7.73
7.75
6.15
5.69
5.29
4.93
4.62
4.35
4.11
3.90
3.72
3.54
3.39
3.26
3.14
3.01
2.91
2.82
2.72
2.65
2.57
2.49
2.42
2.35
2.29
2.23
2.17
2.13
2.08
2.04
2.00
1.95
1.91
1.88
1.84
1.81
1.78
1.75
1.73
1.70
1.68
1.65
1.63
1.61
1.58
1.56
1.55
1.54
1.52
1.50
1.49
1.47
1.45
1.44
1.43
1.41
1.40
1.40
1.39
1.38
1.37
1.37
1.36
1.35
1.34
1.33
1.32
1.32
1.31
1.31
1.31
1.30
1.30
1.30
1.30
1.29
1.29
1.29
1.29
1.29
1.29
1.28
1.29
1.29
1.29
-43.459999 -2.024000 -1.723205
