1 180
0.50
0.50
0.50
0.49
0.50
0.49
0.50
0.50
0.51
0.52
0.50
0.50
0.50
0.51
0.51
0.52
0.52
0.52
0.52
0.52
0.52
0.52
0.52
0.52
0.52
0.53
0.53
0.54
0.54
0.55
0.55
0.55
0.56
0.57
0.57
0.58
0.59
0.60
0.60
0.61
0.62
0.63
0.63
0.64
0.65
0.66
0.67
0.69
0.71
0.71
0.72
0.73
0.75
0.77
0.78
0.80
0.83
0.85
0.87
0.89
0.91
0.94
0.98
1.01
1.04
1.07
1.10
1.15
1.22
1.28
1.34
1.41
1.50
1.60
1.74
1.90
2.12
2.39
2.76
5.94
5.95
5.96
5.18
5.99
6.02
6.05
11.06
11.04
11.03
11.01
11.01
11.01
11.02
12.16
14.58
14.21
15.58
14.85
10.84
9.44
8.71
8.74
7.08
6.51
6.00
5.57
5.24
4.91
4.64
4.38
4.16
3.95
3.79
3.62
3.46
1.46
1.42
1.38
1.33
1.26
1.23
1.23
1.25
1.25
1.27
1.29
1.30
1.29
1.27
1.27
1.28
1.29
1.29
1.31
1.32
1.33
1.35
1.36
1.38
1.39
1.41
1.43
1.44
1.46
1.48
1.50
1.53
1.55
1.56
1.59
1.62
1.64
1.67
1.70
1.73
1.77
1.83
2.97
3.08
3.20
3.35
3.51
2.66
3.89
4.12
4.13
4.12
0.63
0.60
0.60
0.60
0.61
0.62
0.61
0.62
0.61
0.62
0.61
0.61
0.61
7.073000 -6.300000 -1.975172
