1 180
1.05
1.04
1.02
1.00
0.99
0.97
0.95
0.93
0.91
0.89
0.88
0.87
0.87
0.86
0.84
0.83
0.81
0.80
0.80
0.79
0.78
0.77
0.76
0.75
0.74
0.73
0.72
0.72
0.71
0.70
0.70
0.69
0.69
0.68
0.68
0.68
0.68
0.67
0.67
0.68
0.67
0.67
0.67
0.67
0.67
0.67
0.66
0.66
0.66
0.66
0.66
0.66
0.66
0.66
0.66
0.66
0.67
0.67
0.67
0.67
0.67
0.67
0.67
0.67
0.68
0.68
0.68
0.69
0.69
0.69
0.69
0.69
0.69
0.70
0.70
0.71
0.71
0.71
0.72
0.73
0.74
0.75
0.75
0.76
0.76
0.76
0.78
0.78
0.79
0.80
0.80
0.82
0.84
0.85
0.87
0.88
0.89
0.91
0.93
0.93
0.96
0.97
0.97
1.00
1.01
1.05
1.06
1.09
1.13
1.16
1.18
1.22
1.25
1.30
1.33
1.39
1.43
1.48
1.53
1.59
1.64
1.72
1.79
1.80
1.93
1.92
1.91
1.91
1.90
1.89
1.88
1.87
1.86
1.85
1.85
1.84
1.84
1.84
1.83
1.83
1.83
1.83
1.83
1.83
1.83
1.83
1.83
1.83
1.84
1.84
1.84
1.85
1.86
1.86
1.87
1.88
1.89
1.90
1.91
1.91
1.92
1.93
1.95
1.96
1.98
1.91
1.84
1.78
1.70
1.65
1.59
1.55
1.50
1.45
1.41
1.37
1.34
1.31
1.28
1.26
-42.186001 -10.350000 1.159046
