1 180
0.79
0.79
0.79
0.79
0.79
0.80
0.80
0.79
0.79
0.80
0.80
0.81
0.81
0.81
0.82
0.83
0.83
0.83
0.83
0.84
0.85
0.86
0.86
0.86
0.87
0.88
0.89
0.89
0.90
0.92
0.93
0.94
0.95
0.96
0.97
0.98
1.00
1.01
1.02
1.03
1.05
1.07
1.09
1.10
1.12
1.14
1.15
1.18
1.20
1.24
1.26
1.29
1.33
1.34
5.60
5.75
5.91
6.07
6.25
6.44
6.65
6.87
7.10
7.37
7.66
7.95
8.29
8.51
8.47
8.41
8.37
5.42
5.39
5.36
5.34
5.31
4.28
4.30
4.29
4.28
5.53
5.52
5.51
5.47
5.45
5.46
5.46
5.46
7.88
7.86
7.87
6.60
6.69
7.89
7.91
7.92
7.30
7.30
7.33
7.34
7.42
7.41
7.42
7.44
8.16
8.18
4.58
3.98
3.70
3.65
1.04
1.00
0.96
0.92
0.90
0.83
0.80
0.81
0.81
0.83
0.82
0.82
0.83
0.85
0.88
0.89
0.89
0.89
0.85
0.85
0.86
0.87
0.87
0.89
0.90
0.91
0.94
0.94
0.95
0.97
0.98
1.00
1.02
1.03
1.04
1.06
1.08
1.10
1.12
1.15
1.17
1.19
1.22
1.25
1.27
1.31
1.34
1.37
1.40
1.43
1.48
2.84
1.96
3.19
3.42
3.43
2.59
3.68
3.84
3.82
3.67
3.81
3.71
3.76
3.75
3.78
3.77
3.24
3.65
3.78
-0.568000 -5.349000 2.507374
