1 180
5.17
6.67
6.60
6.57
6.55
6.53
6.53
6.51
6.51
6.51
6.50
6.50
6.51
6.48
6.51
6.52
6.52
6.53
6.54
6.56
6.58
6.59
2.28
2.23
2.18
2.13
2.10
2.12
2.14
2.18
2.22
2.26
2.31
2.36
2.40
2.46
2.51
2.55
2.60
2.60
2.57
2.52
2.47
2.41
2.37
2.36
2.23
2.34
2.22
2.18
2.15
2.06
1.92
1.88
1.87
1.85
1.81
1.78
1.78
1.75
1.54
1.55
1.76
1.77
1.81
1.84
1.84
81.83
81.83
81.83
81.83
81.83
81.83
81.83
81.83
2.34
81.83
81.83
81.83
81.83
81.83
81.83
3.18
5.25
5.22
4.52
4.84
5.15
5.13
5.11
5.10
5.60
6.29
6.35
6.43
8.99
10.80
13.44
14.53
18.24
8.51
7.21
7.19
7.20
7.20
6.72
5.69
5.70
7.10
7.10
7.12
2.78
2.53
2.31
2.16
2.02
1.90
1.76
1.67
1.58
1.51
1.43
1.38
1.32
1.27
1.23
1.23
1.25
1.26
1.27
1.29
1.31
1.32
1.32
1.34
1.36
1.37
1.40
1.41
1.44
1.46
1.46
1.48
1.51
1.53
1.56
1.59
1.62
1.63
1.67
1.71
1.74
1.78
1.80
1.85
1.89
1.95
1.99
2.05
2.10
2.16
2.21
2.30
2.36
2.44
2.51
2.61
2.71
2.82
2.94
3.06
3.21
3.37
3.56
3.75
3.98
4.24
4.54
4.89
5.28
5.048000 6.924000 -3.099803
