1 180
5.03
6.45
6.45
6.45
6.44
6.43
6.42
6.43
6.43
15.94
18.16
18.30
18.49
18.53
20.81
8.77
7.41
6.76
6.34
5.99
5.70
5.43
5.21
4.99
4.82
4.66
4.53
4.39
4.28
4.17
4.07
3.97
3.90
3.82
3.74
3.65
3.20
3.53
3.48
3.41
3.37
3.32
2.76
3.23
3.18
2.22
2.17
2.13
2.11
2.09
2.08
2.06
2.04
2.02
2.02
2.01
1.99
1.98
1.97
1.96
1.95
1.94
1.94
1.94
1.92
1.92
1.92
1.91
1.91
1.90
1.89
1.89
1.89
1.89
1.88
1.88
1.88
1.88
1.89
1.89
1.89
1.89
1.89
1.90
1.90
1.91
1.92
1.92
1.93
1.98
1.99
2.70
2.71
2.73
2.75
2.77
2.78
2.81
2.82
2.85
2.87
2.90
2.93
2.95
2.99
3.01
3.05
3.09
3.12
3.17
3.21
3.26
3.31
3.36
3.41
3.43
3.51
3.59
3.66
3.72
3.80
3.88
3.97
4.04
7.13
7.21
7.52
7.60
6.20
6.03
5.86
5.71
5.57
5.43
5.32
5.20
5.09
4.99
4.88
4.79
4.70
4.60
4.53
4.46
4.38
4.33
4.26
4.19
4.13
4.06
4.01
3.95
3.90
3.86
3.80
3.75
3.73
3.69
3.65
3.61
3.59
3.56
3.52
3.49
3.46
3.43
3.41
3.40
3.37
3.35
3.33
3.31
3.30
3.28
3.27
3.26
3.26
3.25
3.37
3.78
1.163000 7.942000 -0.254425
