1 180
4.87
4.87
4.17
4.18
4.17
4.17
4.12
4.14
4.13
2.55
4.80
4.84
4.84
4.86
4.22
2.45
4.87
4.89
4.90
3.76
4.91
2.76
3.03
2.17
2.17
2.16
2.16
2.17
2.17
2.15
2.14
2.31
2.33
5.18
5.20
5.23
5.26
5.29
5.21
4.95
4.72
4.59
4.59
4.63
4.66
4.71
4.75
4.80
4.84
4.89
4.93
4.99
2.43
2.40
2.40
2.45
2.33
2.28
2.30
2.34
2.37
2.40
2.42
0.84
0.82
0.80
0.78
0.76
0.74
0.75
0.76
0.77
0.79
0.81
0.81
0.83
0.86
0.88
0.89
0.91
0.94
0.95
0.97
1.00
1.03
1.06
1.08
1.11
1.15
1.17
1.22
1.27
1.30
1.36
1.41
1.47
1.54
1.61
1.69
1.77
1.86
1.97
1.96
1.95
1.94
1.93
1.92
1.92
1.92
1.91
1.91
1.90
1.90
1.89
1.89
1.89
1.89
1.89
1.89
1.89
1.89
1.89
1.89
1.90
1.91
1.91
1.91
1.92
1.92
1.93
1.93
1.94
1.95
1.96
1.97
1.98
1.99
1.99
2.01
2.02
2.03
2.04
2.01
1.92
1.87
1.80
1.74
1.69
1.64
1.61
1.55
1.51
1.48
1.44
1.40
1.37
1.33
1.30
1.28
1.24
1.22
1.20
1.18
1.17
1.15
1.15
1.13
1.11
1.08
1.07
1.06
1.05
1.04
1.03
1.01
1.00
0.98
0.98
0.97
0.97
-41.466000 -11.894000 -1.612586
