1 180
5.96
2.11
2.12
1.98
1.96
2.01
2.04
2.04
81.83
81.83
81.83
81.83
81.83
81.83
81.83
81.83
81.83
81.83
2.38
2.41
2.45
2.45
81.83
2.48
81.83
81.83
81.83
81.83
81.83
81.83
81.83
81.83
81.83
81.83
3.22
81.83
81.83
81.83
81.83
81.83
4.03
4.03
4.03
4.03
4.03
4.04
4.06
4.10
4.13
2.60
4.16
3.05
4.21
4.17
4.26
4.28
4.31
2.52
2.51
2.29
2.23
2.29
2.98
4.52
4.56
4.60
4.44
4.46
3.34
1.95
4.53
4.47
3.19
3.98
4.56
3.00
2.30
2.27
1.65
4.84
2.80
3.23
5.19
2.37
5.45
5.58
5.60
2.03
6.09
2.83
6.31
6.23
2.57
5.76
6.04
81.83
1.25
5.80
5.76
5.68
5.66
5.60
5.55
5.51
2.16
1.53
5.43
0.79
5.31
1.63
1.57
1.45
5.20
1.96
2.05
3.79
3.31
3.62
3.93
3.83
3.76
2.45
3.59
2.14
2.13
1.10
1.13
3.53
2.10
3.65
3.72
3.81
4.04
2.46
1.20
1.19
0.99
3.85
2.16
2.19
1.87
3.66
1.91
1.84
1.92
2.07
3.48
3.44
1.43
3.40
1.59
3.35
3.32
3.31
3.29
3.27
2.19
3.24
0.83
0.82
3.19
3.18
1.75
3.14
1.31
3.15
3.14
3.13
3.13
3.12
3.11
3.11
3.11
3.11
3.10
3.11
3.15
3.30
3.31
3.32
-0.309000 -0.079000 1.490904
