1 180
2.74
2.76
2.79
2.80
2.82
2.85
2.87
2.89
2.91
2.95
2.97
2.99
3.03
3.07
3.10
3.15
1.78
1.70
1.63
1.58
1.58
1.60
1.61
1.63
1.63
1.66
1.68
1.70
1.71
1.73
1.75
1.77
1.79
1.82
1.84
1.86
1.89
1.92
1.94
1.98
2.02
2.05
2.09
2.13
2.17
2.22
2.27
2.31
2.37
2.42
2.48
2.54
2.61
2.69
2.77
2.85
2.95
3.04
3.15
3.29
3.42
3.59
3.78
4.01
4.27
4.61
5.00
5.53
6.38
15.02
15.04
15.06
15.08
15.08
15.09
15.12
15.21
11.97
10.62
9.54
9.29
7.96
7.35
6.82
6.37
5.99
5.65
5.35
5.07
4.83
4.62
4.40
4.21
4.05
3.89
3.76
3.63
3.54
3.62
3.65
3.68
6.56
6.38
6.21
6.07
5.98
6.04
6.12
6.20
5.92
6.38
5.72
6.38
6.57
7.87
7.99
8.15
6.63
8.04
7.89
7.81
7.71
7.61
7.52
7.43
7.33
6.40
6.33
6.25
5.49
6.50
6.72
6.86
6.83
6.52
6.71
6.65
6.61
6.54
6.49
6.46
6.41
6.38
5.79
5.68
5.69
5.18
5.17
3.79
3.76
3.38
3.37
3.37
1.67
1.63
1.63
1.64
1.64
1.63
1.63
1.62
1.61
1.63
4.23
3.42
2.81
2.43
2.08
1.27
1.27
1.26
1.25
1.25
1.24
1.25
1.24
1.23
1.22
1.22
1.21
3.982000 2.225000 -0.033186
