1 180
1.03
1.03
1.02
1.02
1.03
1.03
1.02
1.02
1.02
1.02
1.03
1.03
1.03
1.03
1.04
1.04
1.04
1.05
1.05
1.05
1.06
1.06
1.07
1.07
1.08
1.09
1.09
1.10
1.10
1.11
1.12
1.13
1.15
1.16
1.17
1.18
1.19
1.20
1.22
1.23
1.25
1.27
1.29
1.29
1.30
1.33
1.35
1.37
1.40
1.42
1.43
1.46
1.49
1.53
1.55
1.59
1.62
1.66
1.68
1.72
1.77
1.81
1.86
1.92
1.96
2.02
2.08
2.14
2.21
2.29
2.38
2.46
2.56
2.67
2.78
2.90
3.05
3.20
3.37
3.56
3.77
4.03
4.31
4.66
5.04
5.50
10.49
10.15
10.12
10.00
81.83
14.72
13.29
16.44
81.83
81.83
8.47
8.53
81.83
81.83
81.83
81.83
81.83
81.83
7.73
81.83
81.83
81.83
81.83
81.83
6.91
6.95
6.99
7.02
3.46
3.29
3.14
3.01
2.87
2.76
2.64
2.55
2.46
2.38
2.30
2.23
2.17
2.11
2.05
1.99
1.94
1.88
1.83
1.80
1.75
1.71
1.68
1.63
1.60
1.57
1.54
1.51
1.50
1.47
1.45
1.44
1.44
1.48
1.36
1.35
1.34
1.32
1.29
1.28
1.27
1.25
1.23
1.23
1.22
1.22
1.22
1.19
1.19
1.17
1.18
1.16
1.16
1.15
1.14
1.13
1.13
1.13
1.13
1.13
1.12
1.12
1.11
1.11
1.11
1.10
0.698000 -0.015000 -0.106932
