1 180
1.17
1.17
1.17
1.17
1.17
1.17
1.17
1.17
1.17
1.17
1.16
1.17
1.17
1.16
1.17
1.17
1.16
1.17
1.17
1.17
1.17
1.17
1.18
1.18
1.19
1.20
1.21
1.21
1.22
1.24
1.24
1.25
1.27
1.27
1.28
1.29
1.30
1.32
1.33
1.35
1.36
1.37
1.39
1.40
1.41
1.43
1.46
1.48
1.50
1.52
1.54
1.57
1.60
1.62
1.65
1.68
1.71
1.75
1.78
1.82
1.86
1.91
1.95
2.00
2.06
2.12
2.18
2.26
2.32
2.41
2.49
2.59
2.69
2.82
2.94
3.09
3.24
3.44
3.66
3.96
4.32
4.78
5.40
10.18
10.12
10.06
10.02
9.97
9.92
9.89
7.21
7.19
7.16
7.14
7.14
7.12
7.11
7.09
7.09
7.08
7.07
7.08
7.07
7.08
7.08
7.09
7.11
6.07
5.23
4.54
4.04
3.65
3.28
3.00
2.77
2.59
2.41
2.25
2.12
1.99
1.89
1.80
1.72
1.64
1.58
1.50
1.45
1.40
1.35
1.31
1.34
1.36
1.37
1.39
1.41
1.41
1.44
1.45
1.57
1.81
1.84
1.88
1.90
1.89
3.89
3.94
4.00
4.06
4.14
4.22
4.31
4.53
5.67
5.77
5.93
6.07
6.14
6.07
5.99
5.93
5.87
4.54
5.75
5.69
5.64
5.60
5.56
5.50
5.46
5.42
5.37
5.34
4.49
4.44
4.42
4.39
4.37
4.48
0.64
0.62
11.176999 -1.595000 -0.985742
