1 180
1.47
1.46
1.46
1.46
1.46
1.46
1.47
1.46
1.46
1.46
1.46
1.47
1.47
1.48
1.49
1.48
1.49
1.49
1.51
1.51
1.52
1.53
1.53
1.54
1.55
1.55
1.56
1.58
1.59
1.61
1.62
1.63
1.65
1.67
1.69
1.70
1.72
1.74
1.77
1.78
1.81
1.83
1.85
1.88
1.91
1.94
1.97
2.01
2.05
2.09
2.13
2.17
2.22
2.28
2.31
2.38
2.44
2.50
2.57
2.63
2.71
2.80
2.89
3.00
3.11
3.23
3.37
3.53
3.71
3.93
4.18
4.49
4.86
5.33
6.08
8.32
13.13
13.26
13.20
10.55
10.53
10.51
10.49
10.47
10.46
10.44
10.44
10.44
10.44
10.44
10.45
8.22
6.43
5.24
4.55
4.57
3.52
3.09
2.80
2.57
2.38
2.20
2.05
1.91
1.80
1.70
1.61
1.53
1.46
1.39
1.32
1.27
1.23
1.18
1.14
1.11
1.06
1.03
0.99
0.95
0.92
0.90
0.87
0.84
0.82
0.81
0.79
0.77
0.75
0.74
0.73
0.71
0.69
0.68
0.69
0.67
0.66
0.65
0.65
0.63
0.63
0.61
0.60
0.60
0.60
0.59
0.58
0.58
0.57
0.57
0.57
0.55
0.55
0.54
0.55
0.54
0.54
0.53
0.53
0.54
0.53
0.52
0.53
0.52
0.52
0.52
0.52
0.52
0.52
0.52
0.52
0.52
0.52
0.51
0.51
0.51
0.51
0.51
0.51
0.51
8.655000 0.795000 -0.586283
