1 180
5.15
6.69
6.66
6.57
6.53
6.52
6.50
6.48
6.47
6.45
6.45
6.44
6.44
6.41
6.44
6.44
6.44
6.45
6.45
2.16
2.10
2.05
1.98
1.98
2.00
2.03
2.07
2.09
2.12
2.15
2.18
2.23
2.26
2.31
2.36
2.38
2.42
2.43
2.40
2.38
2.37
2.31
2.26
2.09
2.06
2.14
2.06
2.05
1.97
1.91
1.81
1.64
1.62
1.58
1.55
1.53
1.53
1.46
1.30
1.48
1.52
1.55
1.58
1.60
1.62
1.65
1.66
1.67
81.83
81.83
81.83
81.83
81.83
81.83
81.83
81.83
81.83
2.08
81.83
81.83
81.83
81.83
81.83
81.83
81.83
5.00
4.98
4.95
4.25
4.54
4.89
4.87
4.85
4.84
5.07
6.03
6.40
6.09
6.89
9.97
12.29
14.08
17.98
17.76
8.24
6.93
6.92
6.93
6.95
6.30
5.43
5.43
6.84
6.86
6.88
6.91
2.62
2.44
2.28
2.12
2.02
1.90
1.80
1.72
1.63
1.56
1.49
1.43
1.38
1.32
1.27
1.22
1.19
1.15
1.11
1.08
1.05
1.04
1.04
1.06
1.07
1.08
1.10
1.12
1.12
1.14
1.16
1.18
1.20
1.21
1.23
1.26
1.29
1.31
1.34
1.36
1.39
1.43
1.45
1.49
1.52
1.57
1.61
1.65
1.71
1.76
1.81
1.87
1.93
2.00
2.07
2.15
2.25
2.34
2.45
2.57
2.70
2.85
3.02
3.21
4.760000 6.917000 3.128072
