1 180
1.94
1.88
1.82
1.76
1.71
1.66
1.62
1.57
1.54
1.50
1.48
1.48
1.50
1.53
1.55
1.57
1.60
1.62
1.65
1.67
5.82
3.73
3.66
3.61
3.56
3.51
3.47
3.42
3.37
3.33
3.31
3.27
3.23
3.20
3.18
3.14
3.11
3.09
3.06
3.05
3.03
3.00
2.98
2.96
2.94
2.93
2.91
2.89
2.88
2.87
2.86
2.85
2.84
2.83
2.82
2.81
2.80
2.79
2.79
2.79
2.79
2.79
2.79
2.79
2.81
2.95
3.15
3.38
3.66
3.98
4.43
5.14
81.83
81.83
81.83
14.63
10.50
9.59
8.90
8.36
7.90
7.46
7.11
6.77
6.47
6.18
5.93
5.71
5.50
5.30
5.09
5.11
5.16
7.87
7.95
8.03
4.25
4.16
4.05
4.07
4.12
4.19
4.24
4.30
4.36
4.43
4.49
4.58
4.65
4.74
4.83
4.93
5.01
5.11
5.21
5.33
5.45
5.58
5.70
5.84
6.00
6.16
6.34
3.36
3.34
2.19
2.18
2.16
2.15
2.14
2.11
2.23
2.73
2.86
2.99
3.16
3.36
3.34
3.33
3.31
3.30
3.29
3.27
3.26
3.24
3.23
3.21
3.20
3.20
3.22
5.61
5.60
5.59
4.53
81.83
4.44
4.34
4.30
4.38
5.63
5.64
5.65
5.64
5.05
5.06
5.09
5.10
5.11
5.68
5.18
5.18
5.22
5.23
5.38
5.99
6.03
6.06
6.11
6.16
6.21
10.588000 3.104000 -1.299164
