1 180
1.34
1.37
3.07
3.02
2.96
2.90
2.85
2.79
1.84
2.65
2.66
2.62
2.58
2.55
2.50
2.48
2.49
2.55
2.61
2.69
2.75
2.75
1.30
1.29
2.89
2.87
2.85
2.37
2.80
2.78
2.14
2.10
2.08
1.36
1.38
2.07
2.06
1.76
1.76
3.11
12.40
11.99
11.60
11.25
3.87
10.58
10.30
10.02
9.82
9.92
81.83
81.83
12.50
81.83
12.67
12.80
14.25
14.43
14.19
13.93
13.71
13.56
81.83
81.83
81.83
81.83
81.83
5.19
5.24
81.83
81.83
81.83
81.83
4.58
8.86
9.22
6.65
9.59
3.12
3.10
3.07
3.05
3.03
2.96
2.90
2.92
2.96
2.99
10.42
10.38
3.34
6.25
6.55
3.68
5.97
2.12
7.53
81.83
7.18
81.83
81.83
81.83
2.10
81.83
81.83
81.83
81.83
81.83
81.83
81.83
81.83
81.83
81.83
81.83
81.83
81.83
1.36
1.31
81.83
1.46
1.42
81.83
1.41
1.54
1.54
1.52
1.52
1.49
1.48
1.47
1.45
1.40
1.43
1.42
1.43
1.41
1.40
1.38
1.38
1.37
1.37
1.35
1.36
1.35
1.34
1.34
1.33
1.32
1.30
1.29
1.29
1.28
1.27
1.26
1.26
1.27
1.27
1.26
1.27
1.27
1.27
1.27
1.26
1.27
1.27
1.28
1.30
1.31
1.32
1.34
1.33
1.34
1.34
1.34
1.35
1.36
1.37
1.34
1.39
1.39
2.661000 -4.384000 2.267699
