1 180
0.70
0.71
0.71
0.71
0.71
0.70
0.71
0.70
0.71
0.70
0.71
0.71
0.70
0.71
0.71
0.72
0.72
0.73
0.73
0.73
0.73
0.74
0.74
0.75
0.75
0.75
0.76
0.76
0.77
0.78
0.78
0.79
0.80
0.81
0.82
0.83
0.83
0.84
0.85
0.86
0.88
0.90
0.91
0.92
0.94
0.95
0.97
0.97
0.99
1.01
1.04
1.06
1.08
1.10
1.13
1.15
1.18
1.21
1.24
1.28
1.32
1.35
1.39
1.43
1.48
1.52
1.58
1.62
1.69
1.75
1.82
1.89
1.98
2.06
2.17
2.28
2.41
2.56
2.72
2.93
3.16
7.39
7.37
7.35
7.32
6.34
6.32
6.32
7.57
7.54
7.53
7.54
7.54
9.94
9.96
8.73
9.96
9.97
9.99
9.38
9.38
9.41
2.85
2.85
2.85
2.87
2.80
1.90
1.78
1.69
1.60
1.51
1.44
1.38
1.31
1.25
1.20
1.15
1.10
1.05
1.01
0.97
0.94
0.92
0.89
0.87
0.85
0.82
0.80
0.77
0.75
0.72
0.72
0.71
0.70
0.68
0.66
0.65
0.65
0.64
0.63
0.62
0.61
0.60
0.60
0.59
0.59
0.57
0.57
0.56
0.56
0.56
0.56
0.55
0.55
0.54
0.54
0.53
0.53
0.53
0.53
0.52
0.52
0.52
0.51
0.51
0.51
0.51
0.51
0.50
0.50
0.51
0.50
0.50
0.50
0.49
0.49
0.49
0.49
0.48
7.387000 1.150000 0.679695
