1 180
0.99
1.01
5.02
5.39
5.64
4.36
8.12
8.37
4.48
3.75
4.23
7.26
7.26
7.99
7.81
4.03
7.79
7.72
4.10
4.33
6.00
3.10
3.71
4.21
4.44
6.10
5.88
7.35
4.37
81.83
3.29
81.83
81.83
81.83
4.63
2.90
4.01
3.75
3.59
4.08
5.80
3.23
5.61
5.51
4.06
3.63
5.28
5.21
5.15
5.08
2.29
4.97
4.91
4.86
2.72
4.77
4.70
1.53
4.63
4.59
2.09
2.09
1.89
4.68
81.83
81.83
2.74
81.83
81.83
81.83
3.21
81.83
4.44
4.43
4.41
1.41
1.78
1.81
2.70
4.40
1.97
1.92
1.83
2.90
4.33
2.34
2.41
4.16
4.17
4.17
3.26
4.19
4.20
4.21
1.83
1.79
4.24
4.26
4.26
4.28
4.30
4.33
4.35
4.37
4.39
4.42
4.46
4.48
4.52
4.54
4.59
4.63
2.59
4.72
2.83
3.37
2.15
4.89
4.96
5.01
2.74
5.14
2.79
3.50
3.09
2.29
2.38
2.41
3.49
5.46
4.21
4.58
1.76
2.07
5.89
4.00
3.98
2.09
4.63
5.95
5.96
4.12
6.01
4.91
6.04
6.07
6.11
6.14
1.63
6.22
2.01
4.06
6.33
1.98
6.42
6.48
3.92
6.58
4.63
6.41
3.69
1.95
2.19
3.34
81.83
3.00
2.38
5.26
5.26
3.16
81.83
5.21
1.78
81.83
81.83
2.64
2.23
4.69
4.61
4.51
0.495000 -2.171000 3.134218
