1 180
1.03
1.04
1.04
1.04
1.04
1.05
1.05
1.05
1.05
1.06
1.06
1.06
1.06
1.07
1.08
1.08
1.09
1.09
1.10
1.11
1.13
1.13
1.13
1.15
1.17
1.18
1.18
1.19
1.31
1.28
1.26
1.26
1.28
1.29
1.30
1.33
1.35
1.37
1.40
1.43
1.45
1.48
1.51
1.54
1.58
1.60
1.64
1.68
1.72
1.76
1.81
1.85
1.91
1.96
2.02
2.09
2.16
2.22
2.32
2.39
2.48
2.58
2.69
2.80
2.92
3.07
3.25
4.48
4.39
4.37
4.33
4.47
4.82
5.24
5.72
6.30
7.06
8.01
10.24
10.18
10.17
10.16
10.15
10.14
10.14
10.14
10.15
10.15
5.90
5.75
5.71
5.77
5.83
5.91
5.98
6.05
6.02
6.01
4.84
4.87
4.94
4.97
5.02
5.06
3.22
3.09
2.96
2.83
2.72
2.62
2.53
2.44
2.36
2.29
2.21
2.15
2.09
2.02
1.98
1.93
1.88
1.84
1.79
1.76
1.72
1.69
1.66
1.63
1.59
1.56
1.54
1.51
1.48
1.46
1.44
1.42
1.40
1.38
1.38
1.36
1.34
1.32
1.30
1.29
1.27
1.27
1.26
1.25
1.24
1.23
1.22
1.21
1.20
1.19
1.18
1.17
1.18
1.16
1.16
1.16
1.15
1.15
1.14
1.14
1.13
1.13
1.13
1.13
1.13
1.13
1.12
1.12
1.12
1.12
1.12
1.12
1.12
1.12
1.12
1.12
-44.262997 -4.973000 -1.913717
