1 180
1.27
1.27
1.27
1.27
1.27
1.27
1.27
1.27
1.27
1.27
1.26
1.26
1.27
1.27
1.28
1.29
1.29
1.30
1.31
1.31
1.32
1.33
1.33
1.35
1.36
1.37
1.38
1.39
1.40
1.40
1.41
1.42
1.44
1.45
1.47
1.49
1.50
1.53
1.54
1.56
1.58
1.61
1.63
1.65
1.68
1.71
1.73
1.76
1.79
1.83
1.86
1.90
1.94
1.98
2.03
2.07
2.12
2.18
2.25
2.31
2.38
2.46
2.54
2.62
2.72
2.83
2.95
3.07
3.21
3.40
3.61
3.85
4.12
4.47
4.90
5.57
6.56
10.97
10.92
10.82
10.82
10.78
8.10
8.07
8.04
8.02
8.00
7.98
7.96
7.97
7.96
7.96
7.95
7.95
7.95
7.96
7.96
7.97
6.02
4.99
4.28
3.73
3.33
2.98
2.69
2.47
2.29
2.14
2.09
2.11
2.13
2.14
2.16
2.18
2.20
2.48
2.49
2.51
2.54
2.56
2.58
1.07
1.04
1.00
0.96
0.94
0.91
0.89
0.86
0.84
0.81
0.79
0.78
0.76
0.74
0.72
0.72
0.70
0.70
0.69
0.68
0.67
0.66
0.65
0.63
0.63
0.63
0.62
0.60
0.60
0.60
0.59
0.58
0.57
0.56
0.57
0.55
0.55
0.54
0.54
0.54
0.53
0.53
0.53
0.52
0.53
0.52
0.52
0.52
0.52
0.52
0.52
0.52
0.51
0.50
0.51
0.51
0.51
0.51
0.52
10.612000 -0.886000 -0.832104
