1 180
1.06
1.06
1.06
1.06
1.05
1.06
1.06
1.06
1.06
1.06
1.06
1.06
1.06
1.06
1.07
1.07
1.07
1.08
1.08
1.09
1.09
1.09
1.09
1.10
1.10
1.11
1.12
1.12
1.13
1.14
1.14
1.15
1.17
1.18
1.18
1.19
1.21
1.22
1.24
1.25
1.27
1.28
1.29
1.31
1.32
1.34
1.36
1.38
1.41
1.43
1.45
1.46
1.49
1.52
1.55
1.57
1.61
1.65
1.68
1.71
1.74
1.79
1.84
1.88
1.94
1.98
2.03
2.10
2.17
2.24
2.31
2.39
2.48
2.57
2.68
2.80
2.91
3.05
3.20
3.37
3.54
3.77
4.01
4.27
4.61
4.99
5.42
17.46
10.10
10.08
9.98
10.08
10.87
13.32
9.26
81.83
81.83
81.83
8.49
81.83
81.83
81.83
81.83
81.83
81.83
81.83
81.83
81.83
81.83
81.83
81.83
6.88
6.91
6.93
6.96
3.46
3.28
3.12
2.97
2.84
2.72
2.61
2.51
2.43
2.34
2.28
2.20
2.14
2.07
2.02
1.96
1.90
1.85
1.81
1.77
1.72
1.68
1.63
1.61
1.57
1.56
1.52
1.49
1.46
1.45
1.42
1.40
1.39
1.39
1.41
1.33
1.31
1.29
1.28
1.26
1.24
1.23
1.23
1.21
1.20
1.19
1.19
1.17
1.16
1.16
1.15
1.13
1.12
1.12
1.12
1.12
1.11
1.10
1.10
1.10
1.08
1.09
1.09
1.08
1.08
8.889000 -3.645000 -2.645034
