1 180
1.21
1.19
1.19
1.19
1.18
1.17
1.18
1.17
1.17
1.18
1.20
1.20
1.23
1.24
1.24
1.25
1.25
1.26
1.26
1.26
1.27
1.29
1.29
1.30
1.30
1.32
1.31
1.33
1.34
1.34
1.36
3.77
5.28
5.30
2.41
1.86
1.86
1.87
1.87
1.86
1.85
1.86
1.87
2.20
2.21
2.22
2.22
2.23
2.25
2.26
2.27
2.63
2.63
2.27
2.36
2.55
2.63
2.54
2.47
4.54
4.47
4.41
4.45
4.55
4.65
6.17
6.14
6.21
6.14
6.00
5.24
5.11
5.11
5.26
5.17
5.10
5.10
5.12
5.15
7.06
7.18
7.31
6.10
7.47
6.62
6.08
6.56
6.71
6.92
5.97
5.91
5.83
5.48
5.42
5.39
5.46
5.58
5.76
5.94
3.57
3.56
3.52
3.50
3.49
3.47
3.49
3.43
3.40
3.38
3.36
3.32
3.46
3.74
4.07
4.50
4.98
5.67
6.41
7.45
9.25
81.83
15.16
15.15
15.14
15.14
15.15
15.15
10.89
10.70
10.77
10.88
11.02
9.83
8.16
7.41
6.75
6.25
5.80
5.40
5.06
4.75
4.49
4.25
4.04
3.84
3.67
3.53
3.39
3.25
3.14
3.03
2.93
2.83
2.75
2.67
2.59
2.51
2.45
2.40
2.33
2.28
2.22
2.17
2.14
2.09
2.05
2.01
1.97
1.93
1.91
1.87
1.85
1.81
1.78
1.76
1.74
1.72
1.70
1.74
1.78
-43.146000 0.152000 -2.251720
