1 180
1.66
1.66
1.67
1.69
1.71
1.71
1.74
1.46
1.43
1.78
1.81
1.81
1.84
1.86
1.89
1.92
1.95
1.97
2.00
2.04
2.08
2.11
2.14
2.18
1.97
1.68
2.13
2.11
2.09
2.07
2.04
2.03
2.01
1.99
1.97
1.95
1.93
1.92
1.91
1.90
1.88
1.87
1.86
1.92
1.92
2.00
2.14
2.29
2.46
2.68
2.90
3.18
7.38
7.31
7.24
7.18
7.10
7.06
7.01
6.99
6.92
6.86
6.82
6.77
6.73
6.69
6.66
6.63
6.59
6.57
6.55
6.51
6.50
6.49
6.47
6.44
6.43
6.41
6.41
6.41
7.54
7.57
9.94
9.96
9.56
10.96
10.96
10.21
10.22
6.18
5.42
4.82
4.33
4.07
4.08
4.11
4.13
4.36
2.91
2.73
2.58
2.45
2.33
2.23
2.13
2.03
1.96
1.88
1.79
1.74
1.69
1.63
1.56
1.53
1.48
1.43
1.39
1.37
1.33
1.29
1.26
1.23
1.21
1.18
1.14
1.12
1.12
1.10
1.08
1.06
1.04
1.03
1.01
0.99
1.00
0.98
0.97
0.96
0.94
0.93
0.92
0.92
0.92
0.90
0.90
0.90
0.88
0.88
0.91
0.94
0.87
0.84
0.84
0.84
0.84
0.83
0.83
0.82
0.82
0.82
0.82
0.81
0.81
0.80
0.80
0.81
0.80
0.80
0.80
0.79
0.80
0.80
0.79
0.80
0.79
0.79
0.79
0.80
0.80
0.80
1.988000 4.693000 1.923550
