1 180
5.10
5.14
3.72
3.56
3.43
3.31
3.19
3.10
2.99
2.89
2.80
2.73
2.65
2.59
2.53
2.52
2.50
2.52
2.54
2.59
2.63
2.65
2.71
2.74
2.78
2.83
2.89
2.84
2.79
2.75
2.71
2.67
2.62
2.59
2.55
2.52
2.49
2.46
2.43
2.41
2.39
2.37
2.35
2.33
2.34
2.45
2.55
6.51
6.48
6.43
6.39
6.32
6.27
81.83
7.02
4.61
4.58
4.56
4.54
4.53
4.53
4.55
4.55
4.31
4.29
4.31
4.33
4.63
4.62
4.62
4.62
4.62
4.62
4.62
4.63
4.70
6.86
6.87
6.89
6.90
6.92
6.95
6.98
7.00
7.01
7.05
7.09
7.12
6.78
6.44
6.13
5.84
5.58
5.37
5.16
4.98
4.82
4.66
4.51
4.37
4.24
4.11
4.07
4.10
4.15
4.20
8.42
8.53
8.65
81.83
81.83
81.83
3.08
3.02
2.96
2.91
2.86
2.88
3.34
3.40
3.48
3.55
3.64
3.71
3.72
3.68
3.63
3.61
4.21
4.32
4.44
4.51
4.47
4.43
4.43
5.26
5.23
0.95
0.94
0.91
0.90
0.89
0.88
0.88
0.87
0.86
0.84
0.83
0.82
0.81
0.80
0.79
0.79
0.79
0.78
0.77
0.76
0.77
0.76
0.76
0.75
0.75
0.74
0.74
0.73
0.73
0.72
0.72
0.71
0.71
0.71
0.71
0.71
0.70
0.71
0.70
0.71
0.71
0.72
0.71
-11.151999 17.944000 2.636431
