1 180
2.22
2.21
2.22
2.22
2.22
2.22
2.24
2.39
2.62
2.89
3.24
3.84
81.83
81.83
14.00
9.98
9.96
8.81
8.30
7.86
7.47
7.13
6.81
6.53
6.25
6.01
5.79
5.58
5.40
5.22
5.06
4.91
4.78
4.68
4.71
7.56
7.65
7.74
7.83
7.95
3.89
3.83
3.75
3.71
3.74
3.81
3.87
3.94
4.02
4.10
4.17
4.27
4.36
4.45
4.56
4.66
4.78
4.89
5.02
5.16
5.31
5.46
5.64
5.82
6.01
6.22
6.42
6.37
6.31
6.27
6.23
3.28
3.26
3.24
3.22
3.20
3.19
3.18
2.13
2.11
2.12
2.10
2.09
2.08
2.09
3.35
3.37
3.38
3.37
3.37
3.37
3.36
3.36
3.37
3.37
3.36
3.35
5.79
5.80
5.82
4.69
5.84
5.87
5.89
5.91
5.81
5.35
5.34
5.37
5.40
5.43
5.72
5.52
5.54
5.57
5.60
6.36
6.40
6.47
6.52
6.59
6.65
6.72
6.80
5.17
6.96
7.03
7.06
6.89
6.66
2.95
2.89
2.84
2.79
2.75
2.72
2.68
2.64
2.35
2.33
2.29
2.24
2.18
2.18
2.24
2.29
2.35
2.41
2.42
2.39
2.37
2.35
2.32
2.30
2.28
2.26
2.24
2.23
2.22
2.20
2.19
2.17
2.17
2.21
2.24
2.37
2.53
2.69
2.88
3.11
3.37
4.31
4.30
4.29
4.28
4.27
4.28
4.27
4.27
4.27
5.655000 1.891000 0.292527
