1 180
22.02
8.25
6.68
5.81
5.14
4.63
4.19
3.84
3.53
3.28
3.06
2.87
2.63
2.61
2.61
2.64
2.68
5.19
5.23
5.27
5.31
1.71
1.71
1.66
1.61
1.55
1.49
1.50
1.52
1.54
1.56
1.58
1.60
1.62
1.64
1.66
1.69
1.72
1.75
1.78
1.81
1.83
1.88
1.90
1.95
1.98
2.02
2.07
2.11
2.16
2.22
2.28
2.34
2.39
2.47
2.54
2.61
2.69
2.78
2.87
2.98
3.10
3.22
3.34
3.48
3.63
3.82
4.00
4.22
4.31
4.29
4.28
4.26
4.24
4.23
4.21
4.20
4.19
4.17
4.17
4.16
4.15
4.15
4.14
4.15
4.15
4.15
4.15
4.14
4.15
4.15
2.64
2.31
2.03
1.80
1.61
1.47
1.44
1.41
1.39
1.40
1.41
1.41
1.42
1.43
1.44
1.45
1.47
1.47
1.48
1.49
1.50
1.51
1.52
1.54
1.56
1.57
1.59
1.61
1.63
1.64
1.64
1.60
1.56
1.53
1.49
1.46
1.43
1.39
1.37
1.35
1.32
1.29
1.27
1.25
1.24
1.22
1.21
1.19
1.17
1.15
1.14
1.14
1.11
1.11
1.10
1.09
1.07
1.07
1.06
1.05
1.04
1.04
1.03
1.03
1.06
1.14
1.21
1.26
5.08
5.01
4.96
5.02
5.75
5.73
5.72
3.34
3.34
3.33
3.33
3.33
3.33
3.33
3.35
3.35
3.34
3.33
3.88
3.17
3.17
10.483001 0.878000 -0.998034
