1 180
0.88
0.89
0.89
0.90
0.91
0.92
0.92
0.93
0.94
0.94
0.96
0.96
0.96
0.96
0.97
0.99
1.00
1.01
1.02
1.04
1.05
1.05
1.06
1.08
1.09
1.10
1.13
1.15
1.17
1.17
1.20
1.23
1.25
1.27
1.30
1.33
1.36
1.40
1.43
1.45
1.49
1.54
1.57
1.61
1.67
1.72
1.77
1.83
1.91
1.97
2.05
2.15
1.45
2.33
2.50
2.66
2.37
2.35
2.35
2.34
1.93
2.33
2.33
2.33
2.33
2.33
2.33
2.33
2.33
2.33
2.33
2.34
2.40
7.47
7.43
7.40
7.37
7.34
7.32
7.29
7.28
7.27
7.25
7.23
7.23
7.22
7.21
7.22
7.21
7.22
8.36
10.75
10.53
11.79
11.81
11.10
11.10
11.11
7.33
6.67
6.13
5.64
5.24
4.96
5.00
5.03
5.07
5.30
3.85
3.66
3.50
3.35
3.22
3.10
3.00
2.90
2.79
2.70
2.61
2.53
2.46
2.39
2.33
2.27
2.22
2.16
2.11
2.07
2.02
1.98
1.94
1.90
1.86
1.83
1.79
1.77
1.78
1.82
1.69
1.67
1.64
1.61
1.59
1.58
1.55
1.54
1.53
1.51
1.49
1.47
1.46
1.45
1.44
1.42
1.41
1.39
1.39
1.38
1.37
1.36
1.37
1.36
1.35
1.35
1.34
1.33
1.33
1.33
1.32
1.32
1.32
1.31
1.31
1.31
1.32
1.31
1.31
1.30
1.31
1.31
5.319000 -9.779000 -2.147247
