1 180
1.17
1.17
1.16
1.16
1.15
1.15
1.15
1.16
1.16
1.16
1.17
1.16
1.16
1.16
1.16
1.15
1.15
1.15
1.16
1.16
1.16
1.17
1.17
1.18
1.18
1.18
1.19
1.20
1.21
1.22
1.23
1.24
1.25
1.26
1.27
1.28
1.29
1.30
1.31
1.33
1.34
1.36
1.37
1.38
1.40
1.42
1.44
1.46
1.48
1.51
1.52
1.55
1.58
1.60
1.63
1.67
1.69
1.74
1.77
1.81
1.85
1.89
1.94
1.99
2.04
2.11
2.17
2.25
2.31
2.38
2.48
2.56
2.68
2.77
2.91
3.07
3.23
3.43
3.70
4.01
4.38
4.93
10.31
10.35
15.41
15.40
15.38
15.38
15.39
18.93
18.56
19.87
19.23
5.46
4.45
3.82
3.39
3.04
2.77
2.54
2.34
2.18
2.03
1.92
1.79
1.69
1.61
1.54
1.46
1.39
1.33
1.27
1.22
1.17
1.12
1.08
1.03
1.01
0.96
0.94
0.91
0.90
0.86
0.84
0.83
0.80
0.80
0.78
0.76
0.74
0.73
0.72
0.70
0.70
0.68
0.68
0.67
0.66
0.64
0.64
0.63
0.63
0.62
0.61
0.61
0.60
0.60
0.59
0.58
0.58
0.58
0.57
0.57
0.57
0.56
0.56
0.56
0.56
0.55
0.55
0.54
0.55
0.54
0.54
0.53
0.54
0.53
0.53
0.52
0.53
0.52
0.52
0.52
0.52
0.52
0.52
0.52
0.52
0.52
0.52
8.116000 -1.952000 -1.631022
