1 180
1.74
1.71
1.68
1.64
1.19
1.22
1.78
1.82
2.78
2.87
2.93
2.97
3.02
3.08
3.13
3.20
3.27
3.33
3.40
1.72
1.74
3.64
3.74
3.83
3.93
4.05
4.06
4.07
4.08
4.10
4.12
4.14
4.16
4.18
4.18
4.21
4.24
4.27
4.29
4.23
4.34
4.38
4.00
4.45
4.49
4.53
4.58
4.61
4.66
4.54
4.40
4.28
3.72
3.86
2.96
2.89
2.82
2.63
2.58
2.53
2.49
2.52
2.55
2.60
2.64
2.69
2.75
2.81
2.86
2.93
2.98
3.06
3.13
3.20
3.29
3.37
3.46
3.56
3.66
5.44
5.39
5.34
5.29
5.26
5.22
5.18
5.16
5.12
5.09
5.06
5.03
2.45
2.43
2.40
2.38
2.36
2.34
2.43
2.51
2.60
2.70
2.79
2.92
3.03
3.17
3.33
3.53
3.78
4.03
4.38
4.82
5.50
16.37
16.38
16.43
16.46
16.51
81.83
12.99
11.87
10.90
10.72
9.45
8.86
8.33
7.85
7.48
7.10
6.77
6.47
6.21
5.95
5.72
5.50
5.32
5.13
5.05
5.12
5.17
8.02
7.80
7.61
7.45
7.53
7.62
7.72
81.83
7.91
7.86
8.16
9.33
8.09
8.03
8.06
9.32
9.18
9.06
8.92
8.80
7.76
7.68
6.78
7.72
7.93
8.15
8.15
2.80
2.78
2.75
2.29
2.23
2.19
2.14
2.12
2.09
2.05
2.02
1.99
1.95
1.93
3.399000 -0.057000 0.095870
