1 180
16.08
13.45
13.42
13.41
13.41
13.39
13.38
13.39
13.39
13.39
9.85
7.48
5.86
4.86
4.20
3.69
3.26
2.95
2.69
2.44
2.26
2.10
1.95
1.84
1.74
1.65
1.58
1.59
1.61
1.61
1.62
1.65
1.65
1.68
1.68
2.58
4.48
4.54
4.52
4.39
4.28
4.16
4.06
3.96
3.97
4.03
4.08
4.14
4.19
4.26
3.80
4.41
3.76
3.75
4.39
4.57
5.98
6.12
6.24
6.23
6.15
4.71
5.97
4.71
5.86
5.81
5.74
5.69
5.64
5.59
5.52
5.47
5.44
4.63
4.59
4.56
4.53
4.51
4.71
4.94
3.74
5.22
5.20
5.18
4.93
5.14
5.12
5.10
5.09
5.00
4.99
4.97
4.96
4.96
4.94
4.95
4.94
4.93
4.36
4.38
4.38
4.49
4.96
4.98
4.98
4.27
4.00
5.01
5.02
5.04
5.07
5.08
5.06
3.36
3.17
3.04
2.91
2.74
2.73
2.75
2.78
2.74
2.65
2.57
2.50
2.51
2.54
2.56
2.59
2.62
2.64
2.67
2.71
2.89
2.81
2.74
2.68
2.61
2.57
2.52
2.46
2.41
2.37
2.32
2.30
2.25
2.22
2.18
2.16
2.13
2.09
2.06
2.04
2.01
1.98
1.96
1.94
1.91
1.90
1.88
1.87
1.85
1.83
1.81
1.80
1.80
1.78
1.68
1.57
1.66
1.75
1.84
1.96
1.93
1.93
1.92
1.91
1.90
1.89
1.88
8.454000 1.610000 0.771878
