1 180
3.68
4.55
81.83
81.83
10.46
10.41
9.30
8.76
8.31
7.90
7.53
7.19
6.89
6.61
6.36
6.11
5.91
5.70
5.52
5.35
5.15
5.10
5.15
7.95
8.05
8.15
8.26
4.29
4.22
4.11
4.12
4.18
4.25
4.32
4.39
4.46
4.55
4.63
4.72
4.82
4.91
5.02
5.13
5.24
5.35
5.50
5.63
5.77
5.93
6.11
6.29
6.49
6.71
6.66
3.56
3.53
3.50
3.47
2.39
2.37
2.37
2.36
2.35
2.30
3.06
3.27
3.49
3.59
3.57
3.56
3.55
3.54
3.52
3.50
3.48
3.51
3.49
3.49
3.49
5.88
5.87
81.83
5.90
4.82
4.78
4.69
4.68
5.93
5.95
5.96
5.76
5.37
5.38
5.40
5.42
6.03
5.48
5.50
5.53
5.54
5.57
6.30
6.35
6.40
6.44
6.50
6.54
6.60
6.66
5.06
6.78
2.77
2.71
2.64
2.58
2.53
2.47
2.14
2.11
2.05
2.00
1.95
1.97
2.01
2.04
2.08
2.12
2.16
2.16
2.12
2.08
2.05
2.03
2.01
1.98
1.96
1.93
1.91
1.89
1.86
1.85
1.83
1.81
1.82
1.85
1.86
1.92
1.99
2.09
2.16
2.28
2.38
2.51
2.64
2.80
2.99
3.19
3.91
3.90
3.89
3.88
3.86
3.85
3.85
3.84
3.84
3.83
3.82
3.82
3.82
3.82
3.82
3.82
3.83
3.83
3.84
3.84
3.85
3.86
3.86
10.766000 2.911000 0.397001
