1 180
1.21
1.20
1.20
1.20
1.21
1.20
1.20
1.20
1.20
1.21
1.21
1.21
1.22
1.22
1.22
1.23
1.23
1.23
1.23
1.23
1.23
1.24
1.24
1.25
1.26
1.27
1.28
1.29
1.30
1.31
1.33
1.33
1.34
1.35
1.37
1.39
1.40
1.41
1.43
1.45
1.47
1.48
1.49
1.51
1.54
1.57
1.58
1.61
1.63
1.65
1.69
1.72
1.75
1.79
1.81
1.86
1.88
1.93
1.97
2.03
2.08
2.12
2.18
2.24
2.31
2.38
2.45
2.52
2.61
2.71
2.78
2.75
2.73
2.72
2.70
2.68
2.67
2.65
2.64
2.63
2.61
2.60
2.59
2.58
2.57
2.56
2.55
2.54
2.54
2.54
2.54
2.53
2.53
2.53
2.53
2.52
2.52
2.52
2.53
2.53
2.54
2.54
2.54
2.55
2.54
2.55
2.57
2.57
2.59
2.60
2.60
1.30
1.21
1.15
1.08
1.03
0.98
0.95
0.90
0.85
0.83
0.81
0.79
0.75
0.74
0.71
0.69
0.67
0.66
0.64
0.62
0.61
0.60
0.59
0.58
0.57
0.55
0.54
0.53
0.53
0.51
0.50
0.50
0.49
0.48
0.48
0.47
0.47
0.46
0.46
0.45
0.45
0.44
0.44
0.43
0.43
0.42
0.43
0.43
0.42
0.41
0.41
0.42
0.41
0.41
0.41
0.40
0.39
0.40
0.39
0.39
0.38
0.39
0.38
0.39
0.38
0.38
0.38
0.39
0.38
11.193001 -0.672000 -1.262291
