1 180
0.73
0.73
0.73
0.73
0.73
0.73
0.72
0.72
0.72
0.72
0.72
0.73
0.73
0.73
0.73
0.74
0.74
0.75
0.75
0.75
0.76
0.76
0.77
0.77
0.78
0.78
0.78
0.79
0.80
0.81
0.82
0.83
0.84
0.85
0.85
0.86
0.88
0.89
0.90
0.92
0.93
0.94
0.96
0.98
0.99
1.00
1.01
1.03
1.05
1.07
1.09
1.12
1.14
1.15
1.19
1.21
1.25
1.28
1.32
1.36
1.39
1.43
1.47
1.51
1.56
1.62
1.68
1.74
1.80
1.88
1.95
2.03
2.14
2.24
2.37
2.49
2.65
2.83
3.04
3.29
7.49
7.45
7.45
7.43
6.44
6.43
6.56
7.67
7.64
7.64
7.64
7.64
10.06
8.81
8.83
10.06
10.08
10.10
9.47
9.50
2.95
2.95
2.94
2.96
2.01
1.95
1.82
1.69
1.60
1.51
1.43
1.36
1.30
1.24
1.18
1.13
1.09
1.03
1.00
0.96
0.94
0.90
0.88
0.85
0.81
0.80
0.77
0.75
0.73
0.71
0.70
0.68
0.67
0.66
0.65
0.64
0.63
0.61
0.61
0.60
0.60
0.58
0.58
0.57
0.56
0.55
0.55
0.55
0.53
0.53
0.53
0.52
0.52
0.51
0.52
0.51
0.50
0.51
0.50
0.50
0.50
0.49
0.50
0.50
0.49
0.48
0.48
0.48
0.48
0.48
0.47
0.47
0.47
0.46
0.47
0.47
0.47
0.47
0.46
0.46
1.449000 -6.469000 2.661012
