1 180
1.62
1.21
1.16
1.56
1.54
1.51
1.51
1.49
1.51
1.55
1.60
1.65
1.71
1.76
1.83
1.90
1.97
2.06
2.16
2.29
2.42
2.57
2.74
2.90
7.16
5.81
5.80
5.81
81.83
3.16
3.17
12.47
11.95
11.48
11.05
10.64
10.28
9.95
9.62
9.34
9.06
9.05
81.83
81.83
11.41
81.83
81.83
12.01
11.96
13.18
13.37
13.57
13.31
13.06
81.83
81.83
81.83
81.83
81.83
81.83
4.38
4.29
81.83
4.40
81.83
81.83
81.83
3.58
6.06
6.19
8.27
5.67
8.70
2.18
2.15
2.13
2.12
2.10
2.09
2.07
2.04
1.99
1.95
1.96
1.99
2.01
2.04
2.08
6.26
6.42
2.42
5.75
6.11
81.83
2.77
6.32
6.27
81.83
81.83
8.19
6.02
5.52
5.65
7.73
1.22
1.24
5.68
7.34
7.24
7.16
7.07
1.15
6.93
6.85
6.78
1.28
81.83
81.83
1.36
81.83
81.83
81.83
81.83
81.83
81.83
81.83
81.83
1.15
1.15
1.14
1.13
1.12
1.12
1.11
1.12
1.11
1.10
1.10
1.10
1.09
1.09
1.10
1.07
1.08
1.04
1.04
0.98
0.88
0.98
1.00
1.07
1.08
1.08
1.05
1.09
1.10
0.95
0.85
0.81
0.96
1.10
1.10
1.08
0.93
1.13
1.14
1.15
1.15
1.13
1.17
1.17
1.18
1.18
1.19
1.19
1.20
1.22
1.22
1.22
1.23
8.197001 -3.522000 -0.801377
