1 180
0.52
0.53
0.53
0.52
0.51
0.52
0.53
0.54
0.54
0.54
0.54
0.54
0.54
0.55
0.55
0.55
0.55
0.56
0.57
0.56
0.57
0.76
0.82
0.78
0.74
0.72
0.68
0.65
0.64
0.64
0.65
0.65
0.66
0.66
0.66
0.67
0.67
0.68
0.70
0.70
0.71
0.73
0.73
0.75
0.76
0.77
0.78
0.79
0.81
0.83
0.85
0.85
0.86
0.89
0.91
0.92
0.95
0.96
1.27
1.22
1.21
1.22
1.20
1.21
1.21
1.20
1.19
1.18
1.15
1.16
4.57
3.82
3.81
3.77
3.74
3.63
3.60
3.68
3.67
3.65
3.61
3.61
3.62
3.64
3.54
3.51
3.50
3.54
3.58
3.12
4.21
4.32
3.66
4.50
4.55
3.74
4.42
3.85
3.83
3.83
3.82
3.85
3.87
3.85
3.80
3.78
3.82
4.39
4.45
4.51
4.56
4.68
4.83
4.87
4.91
4.95
4.85
4.73
4.77
4.85
4.90
4.96
5.31
3.17
3.18
5.05
4.87
4.85
4.75
3.52
3.46
3.42
3.34
3.29
3.23
3.18
3.14
3.11
1.10
1.09
1.07
1.06
1.05
1.04
1.03
1.01
0.99
0.99
0.99
0.98
0.96
0.96
0.95
0.95
0.94
0.93
0.82
0.72
0.72
0.71
0.72
0.70
0.70
0.70
0.68
0.68
0.67
0.67
0.66
0.66
0.66
0.65
0.66
0.66
0.65
0.67
0.67
0.62
0.60
0.61
2.070000 11.074000 1.263520
