1 180
1.14
1.14
1.14
1.15
1.15
1.15
1.15
1.15
1.15
1.15
1.16
1.17
1.16
1.18
1.19
1.18
1.19
1.21
1.21
1.22
1.24
1.32
1.27
1.27
1.28
1.29
1.31
1.33
1.34
1.36
1.38
1.38
1.41
1.42
1.45
1.46
1.49
1.52
1.54
1.57
1.59
1.63
1.66
1.70
1.73
1.77
1.81
1.85
1.90
1.95
2.01
2.06
2.14
2.17
2.25
2.32
2.39
2.47
2.56
2.65
2.75
2.87
2.98
3.13
3.25
6.60
6.57
6.53
6.50
6.45
6.44
6.41
6.38
6.17
6.37
6.51
6.49
6.47
81.83
81.83
81.83
81.83
81.83
81.83
81.83
8.13
8.01
81.83
81.83
8.92
9.91
9.71
9.77
9.89
13.14
13.05
81.83
81.83
81.83
11.82
81.83
8.12
4.80
3.84
3.27
2.93
2.64
2.42
2.26
2.10
1.99
1.90
1.80
1.73
1.66
1.60
1.53
1.48
1.44
1.38
1.35
1.31
1.26
1.23
1.19
1.16
1.14
1.11
1.09
1.07
1.05
1.02
1.00
0.99
0.97
0.95
0.93
0.92
0.90
0.89
0.87
0.86
0.85
0.84
0.83
0.82
0.81
0.80
0.79
0.78
0.77
0.76
0.76
0.75
0.74
0.74
0.74
0.73
0.73
0.72
0.72
0.71
0.71
0.70
0.70
0.69
0.70
0.70
0.69
0.69
0.69
0.68
0.68
0.68
0.67
0.68
0.68
0.68
0.68
0.68
-34.152000 10.509000 -2.184120
