1 180
2.22
81.83
2.34
2.34
2.42
2.45
2.43
81.83
81.83
81.83
81.83
81.83
81.83
81.83
81.83
81.83
81.83
81.83
81.83
3.20
3.20
81.83
81.83
81.83
81.83
4.01
4.00
4.03
4.02
4.02
4.02
4.03
4.05
2.57
2.58
4.12
4.14
4.16
4.20
4.21
4.26
4.27
2.50
2.48
2.26
2.25
2.25
2.96
2.95
4.50
4.57
4.42
4.41
4.45
4.42
4.42
4.48
3.15
3.15
4.56
2.97
2.25
2.25
2.20
2.21
4.91
3.11
3.13
2.34
2.34
5.41
5.56
2.02
2.03
5.98
5.98
6.23
6.17
5.99
1.77
1.21
1.20
5.79
5.75
5.68
5.67
5.58
5.53
5.49
5.43
1.49
1.48
0.76
0.77
3.74
1.57
1.44
1.42
5.13
5.12
4.04
5.08
3.28
3.57
3.86
3.77
3.68
2.64
2.66
2.09
2.08
1.02
1.03
2.07
2.06
3.57
3.64
3.74
3.96
3.97
1.15
1.14
0.97
0.97
2.13
2.13
1.85
1.84
3.58
1.79
1.80
3.47
3.45
3.42
1.39
1.39
1.53
1.53
3.30
3.27
3.25
3.23
2.15
2.16
3.18
3.17
0.80
0.79
3.12
1.71
1.72
1.27
1.27
3.09
3.09
3.09
3.08
3.08
3.08
3.08
3.08
3.08
3.08
3.13
3.28
3.29
3.30
3.31
3.31
3.31
3.31
3.31
3.33
3.36
3.38
3.39
3.41
3.43
3.44
3.47
-0.308000 -0.056000 1.849803
