1 180
2.76
2.74
2.74
2.74
2.72
0.80
0.69
0.61
0.53
0.49
0.44
0.43
0.42
0.44
0.45
0.46
0.46
0.46
0.47
0.46
0.46
0.47
0.47
0.47
0.47
0.48
0.48
0.48
0.49
0.50
0.50
0.50
0.51
0.51
0.52
0.53
0.53
0.54
0.54
0.55
0.56
0.58
0.58
0.59
0.59
0.60
0.61
0.63
0.64
0.66
0.66
0.68
0.69
0.71
0.73
0.75
0.77
0.78
0.92
0.96
0.94
0.93
0.92
0.91
0.90
0.90
0.87
0.87
0.86
0.62
0.61
0.62
0.66
0.68
0.72
0.74
0.77
0.80
0.82
0.86
3.26
3.24
3.18
3.16
3.13
3.13
81.83
9.23
81.83
81.83
6.53
6.87
6.85
6.90
8.08
8.15
16.20
20.07
19.96
10.47
9.34
9.04
9.05
9.05
7.87
7.52
8.96
8.98
4.64
4.21
3.86
3.52
3.26
3.05
3.07
3.08
3.10
3.11
3.13
3.15
3.17
3.19
3.22
3.25
3.28
3.30
3.33
3.35
3.38
3.42
3.46
3.49
3.53
3.57
3.61
3.66
3.70
3.75
3.81
3.86
1.12
1.09
1.07
1.06
1.04
1.03
1.01
1.00
0.98
0.96
0.95
0.92
1.22
1.30
1.34
1.36
1.40
1.44
1.49
1.10
1.10
1.09
1.07
1.06
1.06
1.05
1.04
1.03
1.02
1.01
1.00
1.00
0.99
0.98
0.97
0.97
0.97
0.96
0.95
0.94
6.827000 7.736000 -2.946165
