1 180
0.94
0.94
0.93
0.94
0.95
0.94
0.95
0.95
0.95
0.95
0.95
0.96
0.96
0.97
0.98
0.99
0.99
1.00
1.01
1.01
1.01
1.02
1.02
1.03
1.04
1.05
1.06
1.07
1.08
1.10
1.10
1.12
1.13
1.14
1.15
1.16
1.19
1.21
1.23
1.25
1.25
1.28
1.31
1.33
1.36
1.38
1.41
1.44
1.48
1.51
1.55
1.59
1.63
1.67
1.72
1.77
1.83
1.90
1.95
2.03
2.10
2.19
2.29
2.38
2.49
2.66
2.79
2.96
3.16
7.92
7.87
7.79
7.74
7.68
7.62
7.58
7.53
7.49
7.04
7.40
7.36
7.33
4.64
4.63
4.61
4.59
4.58
4.56
4.56
4.55
4.54
4.53
4.52
4.53
4.52
4.51
4.52
4.52
4.52
4.53
4.53
4.55
4.55
4.57
4.58
4.59
4.60
4.63
4.64
4.74
4.78
3.90
3.53
3.32
3.15
3.01
2.86
2.75
2.62
2.52
2.42
2.33
2.25
2.16
2.11
2.03
1.97
1.92
1.87
1.81
1.78
1.72
1.69
1.64
1.62
1.57
1.55
1.53
1.53
1.45
1.43
1.41
1.38
1.35
1.33
1.31
1.30
1.27
1.26
1.25
1.23
1.21
1.20
1.18
1.17
1.17
1.15
1.15
1.13
1.12
1.11
1.10
1.10
1.09
1.09
1.07
1.07
1.07
1.06
1.06
1.07
1.06
1.04
1.05
1.04
1.05
1.04
1.04
1.03
1.04
8.802000 -6.581000 -1.975172
