1 180
1.01
1.02
1.03
1.03
1.08
1.13
1.15
1.13
1.17
1.91
1.92
1.92
1.93
1.93
1.93
1.90
1.07
1.08
1.95
1.96
1.96
1.98
1.98
1.99
2.01
2.02
1.92
1.83
1.76
1.69
1.63
1.57
1.52
1.47
1.42
0.79
0.79
0.84
0.85
0.86
0.87
0.89
0.89
0.91
0.93
0.92
0.94
0.96
0.97
1.00
0.99
1.03
1.06
1.05
1.03
1.01
1.04
1.05
1.08
1.11
1.14
1.17
1.20
2.50
2.54
2.58
2.62
2.70
10.71
10.63
10.56
9.69
9.61
9.57
8.81
10.28
10.24
10.17
10.11
10.02
9.98
9.94
9.90
9.26
9.25
9.79
9.77
7.32
6.95
6.93
5.20
5.18
5.20
5.63
4.84
4.79
4.79
4.75
4.72
4.69
4.67
4.65
4.63
4.62
4.59
4.57
4.56
4.53
4.51
4.49
4.47
4.46
4.45
4.44
4.42
4.39
4.38
4.12
4.38
4.37
2.65
2.62
2.57
2.61
2.73
2.74
2.78
2.77
4.30
7.19
7.07
7.58
2.11
2.09
2.11
9.27
1.46
1.44
9.45
9.44
7.46
7.00
9.45
4.27
1.92
1.85
1.79
1.73
1.71
1.72
1.74
1.75
1.76
1.77
1.80
1.82
1.84
1.87
1.90
1.92
1.95
1.98
2.01
2.04
2.06
2.09
2.11
2.05
2.01
1.96
1.91
1.87
1.83
1.79
1.76
1.72
1.69
1.66
1.63
1.61
5.497000 -2.622000 1.776057
