1 180
1.16
1.17
1.17
1.17
1.17
1.17
1.18
1.18
1.18
1.19
1.19
1.18
1.19
1.19
1.20
1.20
1.21
1.21
1.22
1.23
1.24
1.24
1.24
1.25
1.26
1.27
1.29
1.30
1.31
1.33
1.34
1.35
1.36
1.38
1.40
1.41
1.43
1.45
1.47
1.49
1.49
1.52
1.54
1.57
1.59
1.62
1.65
1.68
1.71
1.74
1.78
1.82
1.85
1.89
1.95
1.98
2.04
2.09
2.11
2.08
2.06
2.03
2.01
1.99
1.98
1.96
1.94
1.93
1.91
1.89
1.89
1.87
1.86
1.84
1.84
1.82
1.82
1.81
1.81
1.80
1.79
1.78
1.78
1.78
1.77
1.77
1.77
1.77
1.77
1.77
1.76
1.76
1.77
1.77
1.77
1.77
1.77
1.77
1.78
1.79
1.78
1.79
1.79
1.80
1.81
1.82
1.82
1.83
1.84
1.85
1.86
1.87
1.89
1.89
1.91
1.93
1.95
1.97
1.98
2.00
2.02
2.04
2.06
2.09
2.11
1.94
0.72
0.66
0.65
0.63
0.62
0.61
0.60
0.59
0.57
0.56
0.55
0.54
0.53
0.53
0.52
0.51
0.51
0.50
0.49
0.49
0.48
0.48
0.47
0.46
0.46
0.46
0.45
0.44
0.44
0.44
0.44
0.44
0.44
0.44
0.44
0.43
0.43
0.42
0.42
0.42
0.42
0.42
0.41
0.41
0.41
0.41
0.41
0.41
0.41
0.40
0.40
0.40
0.40
0.40
11.460999 -1.433000 -1.237709
