1 180
3.34
3.33
3.31
3.30
3.28
3.27
2.61
3.12
3.24
2.27
2.38
2.38
2.38
2.24
2.50
3.19
3.19
3.18
3.18
2.50
3.19
3.19
3.19
3.20
3.21
3.22
3.23
3.22
3.23
3.20
3.00
2.75
2.52
2.56
2.58
2.59
2.60
2.62
2.63
2.66
2.65
2.68
2.66
2.55
2.47
2.38
2.31
2.24
2.18
2.10
2.05
1.99
1.94
1.89
1.86
1.81
1.77
1.73
1.70
1.66
1.63
1.60
1.57
1.54
1.53
1.51
1.48
1.46
1.44
1.41
1.39
1.37
1.35
1.34
1.33
1.31
1.29
1.27
1.26
1.24
1.23
1.23
1.21
1.20
1.19
1.17
1.17
1.16
1.16
0.66
0.66
1.06
1.12
1.12
1.11
1.10
1.10
1.09
1.09
1.09
1.09
1.09
1.09
1.09
1.09
1.09
1.09
1.08
1.08
1.08
1.08
1.08
1.08
1.09
1.09
1.09
1.09
1.09
1.10
1.10
1.10
1.11
1.12
1.12
1.13
1.14
1.15
1.16
1.16
1.17
1.18
1.19
1.20
1.22
1.22
1.23
1.24
1.25
1.24
81.83
0.88
1.08
1.07
1.04
1.04
1.03
1.02
1.03
1.04
1.06
1.07
1.09
1.11
1.12
1.15
1.17
1.18
1.68
1.72
1.75
1.78
1.83
1.87
1.93
1.97
2.03
2.08
2.14
2.21
2.28
2.34
2.40
2.31
2.34
2.32
2.28
2.29
2.28
2.25
2.23
4.200000 -9.447001 -3.056784
