1 180
6.26
4.22
3.85
3.90
3.90
3.73
3.59
3.59
3.61
3.64
3.66
3.67
3.69
3.71
3.81
3.65
3.51
3.38
3.26
3.14
3.04
2.94
2.85
2.76
2.68
2.61
2.53
2.18
2.19
2.22
2.25
2.25
2.30
81.83
81.83
81.83
2.33
81.83
81.83
2.23
81.83
2.10
2.15
2.17
2.20
2.23
2.23
2.25
2.30
2.32
2.35
2.37
2.41
2.45
81.83
81.83
81.83
81.83
81.83
2.70
81.83
81.83
81.83
81.83
81.83
81.83
81.83
81.83
81.83
81.83
81.83
3.33
81.83
3.27
3.37
3.25
81.83
81.83
81.83
81.83
11.05
81.83
11.33
4.12
9.57
9.13
5.12
4.99
4.96
4.91
4.97
5.05
5.05
5.48
12.49
12.55
11.05
81.83
81.83
81.83
81.83
7.19
7.15
81.83
81.83
81.83
81.83
81.83
81.83
81.83
10.21
10.45
10.68
3.48
5.65
5.31
4.31
3.84
3.86
3.88
3.89
4.00
4.61
3.70
3.64
4.62
4.63
4.64
4.65
4.66
4.67
4.69
4.71
4.73
4.74
4.76
4.79
4.81
4.84
4.87
4.89
4.92
4.95
4.98
5.03
5.06
5.09
5.09
5.06
2.64
1.41
1.16
1.14
1.13
1.12
1.11
1.10
1.08
1.07
1.06
1.04
1.04
1.03
1.02
1.02
1.01
0.99
0.99
0.98
0.98
0.97
0.96
0.96
0.95
0.95
0.95
0.95
0.94
0.94
0.93
-37.348999 6.677000 -2.417650
