1 180
3.52
3.51
3.49
3.47
3.46
3.45
3.44
3.41
3.40
3.37
3.31
3.18
3.17
3.16
3.13
3.10
3.39
3.45
3.44
3.44
3.43
3.43
3.42
3.42
3.42
3.42
3.42
3.44
5.64
5.64
5.66
5.67
5.69
5.70
5.71
5.73
5.76
5.78
5.81
5.83
5.86
5.89
5.93
5.72
5.46
5.23
5.00
4.82
4.64
4.48
4.32
4.19
4.05
3.93
3.83
3.72
3.61
3.53
3.44
3.35
3.28
3.20
3.14
3.07
3.02
3.01
3.04
3.09
3.16
81.83
5.85
5.78
5.36
5.33
4.20
4.11
3.99
3.95
3.93
3.97
4.09
4.21
4.33
4.46
2.19
2.17
2.15
2.13
2.11
2.10
2.09
2.07
2.06
2.95
3.03
3.01
2.99
2.97
2.96
3.08
3.90
3.89
3.89
4.69
4.69
4.71
4.70
4.69
4.68
4.67
4.67
4.66
4.66
4.66
4.66
4.76
4.76
4.77
4.77
4.77
4.79
4.80
4.81
4.83
4.85
4.76
4.76
3.29
3.07
2.90
2.72
2.57
2.45
2.35
2.24
2.15
2.07
1.99
1.91
1.85
1.78
1.74
1.68
1.63
1.58
1.55
1.51
1.47
1.43
1.40
1.38
1.34
1.31
1.28
1.26
1.24
1.21
1.19
1.17
1.15
1.13
1.12
1.12
1.11
1.12
1.13
1.13
1.15
1.16
1.18
1.20
1.22
1.24
1.26
1.28
1.30
1.32
1.34
1.36
1.39
-49.500999 -19.956999 -1.882989
