1 180
0.77
2.24
0.92
0.91
2.95
1.30
2.97
3.01
2.58
2.52
2.45
2.36
2.37
2.38
2.39
2.42
2.48
2.49
2.47
2.50
2.53
2.58
3.48
3.51
3.11
3.61
3.66
2.92
3.75
3.81
3.88
3.93
4.00
2.65
3.83
3.72
3.63
3.53
2.75
3.36
3.15
3.20
3.13
3.07
3.00
2.94
2.88
2.83
2.79
2.73
2.69
2.64
2.48
2.56
2.53
2.50
1.78
1.63
2.40
2.37
2.35
2.32
1.87
2.27
2.24
2.22
2.20
2.18
2.16
2.14
2.12
2.10
2.09
2.08
2.11
2.23
2.30
5.44
3.26
3.27
3.24
3.24
3.44
3.31
3.30
3.50
3.95
5.71
6.63
7.91
9.68
11.29
15.04
15.13
14.96
5.46
5.45
4.39
4.15
4.18
4.18
4.19
4.19
4.20
4.17
3.82
3.50
3.23
3.00
2.79
2.71
2.73
2.74
4.23
4.26
4.29
4.32
4.34
4.37
4.41
4.44
4.48
4.51
4.56
4.49
4.39
4.27
4.15
4.04
3.93
3.85
3.75
3.68
3.59
3.52
3.45
3.39
3.33
3.27
3.21
3.14
3.09
3.05
3.00
2.96
2.91
2.87
2.84
2.80
2.76
2.73
2.70
2.67
2.64
2.62
2.59
2.56
2.55
2.53
2.50
2.49
2.47
2.45
2.43
2.42
2.40
2.38
2.37
2.36
2.34
2.33
2.33
2.33
2.32
2.32
2.31
2.30
2.29
2.28
2.28
-44.003998 -10.538000 -0.856686
