1 180
0.83
0.83
0.84
0.84
0.84
0.84
0.83
0.84
0.84
0.84
0.84
0.84
0.84
0.84
0.83
0.84
0.84
0.85
0.85
0.86
0.86
0.87
0.87
0.88
0.89
0.89
0.90
0.90
0.92
0.92
0.93
0.94
0.95
0.97
0.98
0.98
1.00
1.02
1.03
1.05
1.07
1.08
1.09
1.11
1.12
1.14
1.16
1.18
1.21
1.23
1.25
1.29
1.31
1.33
1.37
1.41
1.44
1.47
1.51
1.56
1.59
1.65
1.71
1.77
1.84
1.91
1.99
2.07
2.16
2.26
2.39
2.54
2.71
2.93
3.21
3.54
4.01
4.86
12.87
12.84
10.21
10.18
10.17
10.17
10.16
10.16
10.16
10.16
10.17
10.16
10.18
10.19
10.22
8.61
7.61
6.86
6.16
5.63
5.17
4.79
4.49
4.42
4.43
4.47
4.69
3.37
3.21
3.06
2.92
2.81
2.69
2.58
2.49
2.42
2.35
2.25
2.20
2.13
2.07
1.99
1.96
1.91
1.85
1.81
1.76
1.72
1.69
1.65
1.62
1.59
1.55
1.52
1.51
1.48
1.46
1.43
1.41
1.39
1.38
1.36
1.34
1.33
1.34
1.31
1.28
1.27
1.25
1.24
1.24
1.23
1.22
1.20
1.20
1.18
1.17
1.17
1.16
1.15
1.15
1.15
1.15
1.15
1.14
1.14
1.12
1.13
1.12
1.12
1.12
1.11
1.11
1.11
1.11
1.12
1.11
1.11
1.11
1.11
1.11
1.12
8.680000 -1.066000 -1.237709
