1 180
1.69
1.69
1.68
1.68
1.68
1.66
1.66
1.67
1.68
1.68
1.70
1.69
1.68
1.67
1.66
1.67
2.44
2.45
2.46
2.47
2.48
2.49
2.49
2.50
2.52
2.54
2.56
1.30
1.25
1.26
1.27
1.28
1.29
1.35
2.71
2.74
81.83
1.15
1.16
2.87
2.88
2.93
2.96
3.00
3.03
3.08
3.12
3.10
3.03
2.96
2.91
2.85
2.80
2.76
2.71
2.67
2.63
2.59
2.55
2.51
2.48
2.45
2.42
2.39
2.36
2.36
2.32
2.29
2.27
2.24
2.23
2.21
2.20
2.19
2.17
2.16
2.14
2.13
2.11
1.35
1.30
1.28
1.27
1.25
1.26
1.27
1.28
1.28
1.27
1.25
1.26
1.26
1.26
1.26
1.25
1.27
1.28
2.03
2.13
2.13
2.13
2.13
2.13
2.14
2.15
2.15
2.16
2.17
2.17
2.18
2.18
2.19
2.20
2.22
2.23
1.91
2.28
2.28
2.29
2.30
2.32
2.34
2.35
2.27
2.24
1.08
1.03
0.99
0.97
0.94
0.91
0.90
0.89
0.93
0.96
0.96
0.97
0.99
1.00
1.02
1.04
1.06
1.08
1.09
1.41
2.84
3.07
3.14
3.20
3.28
3.36
3.45
3.54
3.63
3.72
3.83
3.93
3.95
3.91
3.87
3.84
3.80
3.78
3.71
2.31
2.48
3.65
2.31
2.25
2.23
2.26
2.26
2.23
2.27
2.26
2.65
3.49
3.49
3.48
3.48
9.059000 -13.201000 -0.881268
