1 180
0.83
0.83
0.83
0.84
0.84
0.84
0.85
0.85
0.85
0.85
0.85
0.85
0.85
0.85
0.86
0.85
0.86
0.86
0.87
0.87
0.88
0.88
0.90
0.89
0.90
0.91
0.90
0.91
0.93
0.94
0.95
0.95
0.97
0.97
0.97
0.99
1.01
1.02
1.04
1.05
1.06
1.08
1.09
1.11
1.13
1.15
1.18
1.20
1.22
1.25
1.28
1.31
1.34
1.36
1.41
2.49
2.46
2.42
2.39
2.36
2.33
2.30
2.27
2.26
2.27
2.28
2.24
2.24
2.23
2.27
2.45
4.35
4.57
4.81
4.78
4.76
4.74
4.71
4.69
4.67
4.66
4.65
4.63
4.62
4.62
6.97
6.99
6.97
6.97
7.00
6.83
6.82
6.84
7.14
7.14
7.16
7.16
7.17
7.28
9.47
9.49
9.51
9.57
9.61
9.64
9.67
9.72
9.14
8.69
8.24
7.86
7.49
7.18
6.88
6.62
6.61
6.67
3.09
2.80
2.54
2.35
2.18
2.04
1.92
1.82
1.74
1.66
1.59
1.55
1.49
1.44
1.39
1.34
1.28
1.27
1.22
1.19
1.15
1.13
1.10
1.08
1.05
1.03
1.01
0.99
0.97
0.96
0.94
0.91
0.91
0.89
0.88
0.87
0.85
0.84
0.82
0.81
0.80
0.79
0.78
0.78
0.77
0.76
0.75
0.74
0.73
0.72
0.72
0.72
0.70
0.70
0.69
0.69
0.68
0.68
0.67
0.67
0.67
0.67
0.67
-45.556000 -19.202000 2.617994
