1 180
1.56
1.57
1.58
1.59
1.61
1.63
1.64
1.65
1.66
1.68
1.69
1.71
1.72
1.74
1.76
1.79
1.81
1.46
1.51
1.89
1.93
1.96
1.99
2.03
2.06
2.10
2.14
2.19
2.23
2.28
2.34
2.39
1.75
2.20
2.22
2.19
2.17
2.15
2.14
2.13
2.12
2.10
2.08
2.07
2.06
2.05
2.03
2.02
2.04
2.09
2.17
2.35
2.60
2.92
3.25
7.49
7.43
7.36
7.31
7.24
7.19
7.15
7.10
7.04
7.00
6.96
6.92
6.89
6.86
6.83
6.80
6.78
6.75
6.73
6.71
6.69
6.69
6.67
6.66
6.65
6.65
7.61
7.75
10.17
10.18
9.80
11.19
11.16
10.46
10.44
6.22
5.49
4.88
4.41
4.28
4.32
4.34
4.36
3.15
2.95
2.78
2.63
2.50
2.39
2.28
2.19
2.09
2.01
1.93
1.85
1.78
1.71
1.67
1.62
1.56
1.53
1.48
1.44
1.39
1.37
1.34
1.30
1.27
1.24
1.22
1.19
1.16
1.15
1.13
1.12
1.10
1.08
1.07
1.06
1.04
1.03
1.02
1.02
1.05
1.00
0.97
0.96
0.95
0.94
0.93
0.92
0.91
0.91
0.90
0.90
0.88
0.88
0.87
0.87
0.87
0.86
0.85
0.85
0.84
0.85
0.85
0.84
0.84
0.84
0.83
0.83
0.83
0.83
0.82
0.82
0.82
0.82
0.82
0.82
0.82
0.82
0.82
0.83
0.82
0.83
2.069000 4.478000 1.923550
