1 180
5.23
5.28
5.09
4.97
4.90
4.19
4.11
3.73
3.54
3.48
3.41
3.25
3.19
3.15
3.19
3.26
3.31
3.39
3.46
3.53
3.62
3.71
3.79
3.88
3.99
4.11
4.22
4.36
6.10
6.05
5.99
5.95
5.90
5.86
5.83
5.79
5.75
3.14
3.10
3.07
3.03
3.02
3.11
3.20
3.30
3.41
3.51
3.63
3.77
3.91
4.09
4.30
4.52
4.78
5.10
5.50
6.01
6.83
16.95
16.97
16.97
17.01
17.03
17.07
81.83
81.83
11.80
11.24
9.87
9.15
8.49
7.93
7.48
7.04
6.69
6.31
6.01
5.75
5.51
5.50
5.54
6.45
8.34
8.42
8.28
8.00
7.79
7.87
7.94
8.03
8.10
8.25
8.14
8.28
9.50
9.64
9.80
9.87
9.67
9.47
9.32
81.83
81.83
81.83
81.83
81.83
81.83
81.83
81.83
81.83
81.83
81.83
81.83
1.63
81.83
81.83
81.83
81.83
81.83
81.83
81.83
81.83
81.83
81.83
81.83
81.83
81.83
81.83
81.83
81.83
81.83
81.83
81.83
1.08
1.06
1.03
0.88
0.80
0.71
0.66
0.63
0.77
0.93
0.86
81.83
0.77
0.76
81.83
81.83
81.83
81.83
0.89
81.83
81.83
0.90
0.86
0.85
0.83
0.82
0.82
0.82
0.80
0.82
0.80
0.80
0.80
0.79
0.78
0.79
0.79
0.79
0.78
0.78
0.77
0.77
0.75
0.76
0.74
0.73
0.58
8.197001 -7.337000 -1.987463
