1 180
0.82
0.84
0.86
0.87
6.66
4.12
7.10
5.23
5.42
5.09
5.44
1.44
5.00
4.50
0.81
7.65
4.98
4.97
3.88
4.63
8.02
7.97
7.88
4.20
7.82
6.11
4.59
4.78
1.13
6.48
4.11
4.55
6.15
81.83
4.95
4.66
3.59
4.59
81.83
3.48
6.43
6.56
4.64
6.37
6.25
3.36
6.07
5.99
5.90
3.61
4.56
3.98
5.61
5.54
5.49
5.43
5.37
5.32
2.69
5.22
3.17
5.14
5.10
5.05
5.02
5.05
5.17
2.55
81.83
2.34
81.83
3.22
81.83
3.32
3.70
4.94
4.92
4.90
4.91
4.89
1.90
3.24
4.84
4.82
2.42
2.34
4.84
2.83
2.95
4.67
4.68
3.59
4.70
4.70
2.42
2.32
4.72
4.74
4.76
4.78
4.80
4.82
4.83
4.85
4.88
4.91
4.95
4.97
5.01
5.05
3.08
3.26
2.61
3.83
5.25
5.29
5.35
3.17
3.22
3.70
2.73
2.78
2.81
5.79
2.15
5.87
2.47
4.37
5.85
2.45
6.23
6.25
4.33
4.36
6.24
4.94
6.26
4.43
6.27
6.29
2.27
6.33
6.34
2.23
6.38
6.40
6.43
4.31
6.50
2.17
6.60
2.43
2.40
6.69
4.81
3.87
6.72
2.52
2.81
3.10
5.71
5.67
5.55
5.46
5.35
2.33
2.68
81.83
81.83
81.83
81.83
81.83
81.83
81.83
4.54
81.83
4.46
4.37
4.28
4.21
1.017000 -2.175000 3.134218
