1 180
10.20
10.15
10.10
81.83
10.96
81.83
81.83
81.83
81.83
8.55
81.83
81.83
81.83
81.83
81.83
81.83
7.76
81.83
81.83
81.83
81.83
81.83
6.92
6.95
6.98
3.43
3.23
3.05
2.89
2.75
2.62
2.52
2.41
2.32
2.24
2.15
2.08
2.00
1.94
1.88
1.82
1.76
1.71
1.66
1.61
1.58
1.54
1.50
1.47
1.44
1.41
1.38
1.36
1.34
1.34
1.39
1.26
1.24
1.22
1.21
1.19
1.18
1.15
1.14
1.14
1.11
1.11
1.09
1.08
1.06
1.07
1.05
1.04
1.04
1.02
1.02
1.00
0.99
1.00
0.99
0.98
0.97
0.97
0.96
0.97
0.96
0.95
0.95
0.95
0.94
0.93
0.94
0.93
0.92
0.93
0.93
0.93
0.93
0.93
0.92
0.93
0.92
0.92
0.93
0.93
0.93
0.93
0.93
0.93
0.94
0.94
0.94
0.95
0.95
0.95
0.96
0.96
0.97
0.96
0.99
1.00
1.00
0.99
1.00
1.01
1.02
1.03
1.05
1.06
1.06
1.07
1.08
1.10
1.10
1.11
1.13
1.14
1.15
1.17
1.19
1.19
1.22
1.24
1.26
1.28
1.31
1.33
1.35
1.38
1.40
1.44
1.48
1.51
1.53
1.58
1.62
1.67
1.72
1.79
3.17
3.14
3.13
3.11
3.07
3.07
2.83
2.79
2.77
2.74
2.71
2.83
2.96
3.12
3.30
3.51
3.76
4.02
4.31
4.67
5.15
0.739000 0.044000 1.257375
