1 180
0.75
0.75
0.75
0.75
0.75
0.75
0.75
0.75
0.76
0.76
0.76
0.76
0.76
0.76
0.77
0.77
0.78
0.78
0.79
0.79
0.80
0.80
0.81
0.81
0.82
0.82
0.82
0.83
0.84
0.84
0.85
0.86
0.87
0.89
0.82
0.76
0.74
0.74
0.75
0.76
0.77
0.78
0.79
0.80
0.82
0.83
0.82
0.84
0.85
0.87
0.89
0.91
0.93
0.95
0.97
0.99
1.02
1.05
1.07
1.10
1.12
1.15
1.18
1.22
1.25
1.29
1.33
1.37
1.42
1.61
3.19
3.16
3.14
3.12
3.11
3.09
3.07
3.06
3.06
3.04
3.03
3.02
3.01
3.00
2.99
2.78
2.98
2.98
2.97
2.97
2.97
2.97
2.97
2.97
2.97
2.97
2.98
2.99
2.99
3.00
3.01
3.01
1.72
1.42
1.36
1.37
1.38
1.38
1.39
1.40
1.41
1.42
1.43
1.44
1.45
1.46
1.48
1.48
1.49
1.50
1.52
1.54
1.56
1.57
1.59
1.61
1.63
1.64
1.67
1.69
1.72
1.74
1.76
1.79
1.82
1.85
1.88
1.91
1.95
1.98
2.02
2.06
2.10
2.14
2.20
2.24
2.31
2.36
2.42
2.49
2.56
2.63
2.72
2.80
2.88
2.99
3.10
3.21
3.34
3.48
3.63
3.81
3.98
4.20
4.41
4.67
4.97
4.90
4.88
1.31
6.08
6.04
6.00
5.96
5.92
5.89
1.97
2.50
3.08
3.56
3.337000 -0.028000 -0.567847
