1 180
1.27
1.26
1.23
1.21
1.19
1.18
1.16
1.15
1.14
1.13
1.12
1.10
1.09
1.08
1.07
1.06
1.05
1.03
1.02
1.01
1.01
1.01
0.99
0.98
0.97
0.96
0.96
0.96
0.96
0.95
0.95
0.94
0.94
0.93
0.92
0.92
0.93
0.92
0.92
0.92
0.92
0.93
0.93
0.92
0.92
0.92
0.92
0.92
0.92
0.92
0.93
0.93
0.93
0.94
0.95
0.95
0.95
0.95
0.97
0.97
0.97
0.98
0.99
1.00
1.00
1.01
1.01
1.01
1.03
1.04
1.06
1.07
1.08
1.09
1.10
1.12
1.13
1.14
1.16
1.18
1.19
1.21
1.23
1.25
1.27
1.29
1.31
1.34
1.37
1.39
1.41
1.44
1.48
1.51
1.55
1.59
1.64
1.69
1.74
1.79
1.84
1.90
1.97
2.05
2.13
2.22
2.31
2.41
2.54
2.68
2.85
3.05
3.29
3.63
4.04
4.64
16.07
16.07
16.07
16.08
19.37
19.28
19.95
19.93
13.77
6.21
6.21
5.14
4.69
4.31
3.99
3.72
3.49
3.26
3.09
2.93
2.80
2.64
2.53
2.42
2.33
2.23
2.16
2.07
2.00
1.93
1.87
1.81
1.75
1.70
1.66
1.62
1.57
1.54
1.50
1.46
1.44
1.41
1.38
1.35
1.32
1.29
1.27
1.26
1.23
1.21
1.19
1.18
1.16
1.14
1.13
1.12
1.11
1.09
1.09
1.07
1.06
1.06
1.05
1.04
9.516000 0.635000 2.507374
