1 180
2.79
1.51
1.51
2.78
2.81
2.81
2.81
2.81
2.82
2.80
2.80
2.80
2.80
2.80
2.81
2.81
2.82
2.83
2.84
2.85
2.86
2.88
2.88
2.89
2.91
2.93
2.94
2.97
2.99
3.01
3.03
3.06
2.96
1.70
1.66
1.62
1.59
1.59
1.39
1.27
1.24
1.20
1.18
1.15
1.11
1.09
1.07
1.04
1.02
1.01
0.97
1.00
1.03
1.04
1.06
1.08
1.10
1.13
1.16
1.19
1.21
1.24
1.27
1.31
1.30
1.26
1.33
1.37
1.42
1.47
1.50
6.46
6.72
6.98
7.26
7.58
8.83
8.77
8.77
9.21
9.75
10.34
11.04
11.79
12.71
16.73
16.66
16.75
4.88
3.63
3.17
2.93
2.94
2.94
2.95
2.96
2.98
3.60
3.60
3.60
3.57
3.58
3.70
3.71
3.72
3.73
3.74
3.76
3.77
3.79
3.80
3.82
3.84
3.86
3.88
3.91
3.92
3.94
3.97
4.00
4.03
4.05
4.09
4.12
4.16
4.20
4.24
4.17
4.18
4.23
4.30
4.35
4.39
4.45
4.51
4.57
1.77
1.74
1.71
1.66
1.64
1.61
1.61
1.62
1.59
1.58
1.55
1.52
1.50
1.49
1.47
1.45
1.43
1.41
1.39
1.38
1.37
1.36
1.34
1.31
1.36
1.43
1.45
1.46
1.53
1.56
3.45
3.43
3.41
3.38
3.36
3.34
3.33
3.32
3.31
3.30
3.29
3.29
2.97
3.25
4.176000 -9.477000 0.403147
