1 180
0.74
0.74
0.74
0.74
0.74
0.74
0.75
0.75
0.75
0.75
0.76
0.76
0.77
0.77
0.77
0.78
0.78
0.79
0.79
0.80
0.80
0.80
0.81
0.81
0.82
0.83
0.83
0.85
0.85
0.86
0.87
0.87
0.88
0.90
0.92
0.92
0.93
0.94
0.95
0.97
0.99
1.01
1.02
1.04
1.06
1.08
1.10
1.13
1.15
1.16
1.19
1.22
1.25
1.28
1.32
1.35
1.38
1.42
1.46
1.51
1.56
1.61
1.67
1.72
1.78
1.86
1.93
2.00
2.10
2.19
2.30
2.42
2.55
2.70
2.87
2.91
2.90
2.89
2.88
2.87
2.86
2.85
2.84
2.84
2.83
2.83
2.83
2.83
2.83
2.83
2.83
2.83
2.83
2.83
2.83
2.84
2.85
2.86
2.86
2.87
2.88
2.89
2.91
2.91
2.92
2.93
2.95
2.97
2.98
3.00
3.02
3.04
3.06
3.09
3.11
3.14
3.16
2.28
3.23
3.27
3.29
3.32
3.36
2.98
3.44
3.48
3.40
3.35
3.30
1.97
3.14
3.14
3.18
1.23
1.20
1.17
1.14
1.14
1.12
1.10
1.08
1.06
1.05
1.03
1.01
0.81
0.81
0.81
0.79
0.78
0.78
0.77
0.76
0.75
0.75
0.74
0.73
0.73
0.72
0.71
0.72
0.72
0.70
0.74
0.80
0.85
0.90
0.98
1.06
1.16
1.29
1.45
1.68
1.91
2.25
2.83
3.58
6.80
12.82
13.48
4.056000 -2.253000 -3.075221
