1 180
1.11
1.11
1.10
1.10
1.09
1.08
1.08
1.08
1.08
1.08
1.07
1.07
1.07
1.07
1.05
0.79
0.79
1.05
1.06
1.06
1.06
1.07
1.08
1.08
1.08
1.08
1.09
1.10
1.10
1.10
1.10
1.10
1.11
1.12
1.12
1.12
1.14
1.15
1.15
1.17
1.17
1.18
1.20
1.21
1.19
1.15
1.12
1.09
1.05
1.02
0.99
0.97
0.97
0.98
1.01
3.14
3.07
3.00
2.95
2.89
2.84
2.79
2.73
2.74
2.76
2.75
2.70
2.67
2.63
2.60
2.56
2.53
2.50
2.47
2.44
2.41
2.39
2.37
2.35
2.33
2.32
2.17
2.18
2.16
2.15
2.14
2.12
2.11
2.10
2.09
2.08
2.06
2.07
2.20
2.20
2.23
2.42
2.65
2.97
4.58
4.07
4.07
4.06
4.05
4.05
4.05
4.05
4.55
4.55
3.97
3.89
4.01
4.02
4.02
4.04
4.04
4.06
2.07
2.04
2.05
2.06
2.06
2.08
2.09
2.10
2.12
2.14
2.15
2.11
2.01
1.94
1.87
1.78
1.75
1.76
1.77
1.78
1.82
2.08
2.02
1.97
1.92
1.88
1.84
1.79
1.76
1.77
1.79
1.82
1.85
1.88
1.92
1.94
1.98
0.97
0.93
0.89
0.86
0.84
0.81
0.79
0.77
0.74
0.72
0.70
0.67
0.65
0.64
0.62
0.62
0.60
0.59
0.58
0.57
0.56
0.55
0.54
0.53
0.52
0.51
-47.570999 -22.270000 -1.348328
