1 180
1.76
1.71
1.67
1.63
1.60
1.57
1.53
1.51
1.49
1.47
1.45
1.43
1.41
1.39
1.37
1.35
1.33
1.31
1.30
1.28
1.26
1.25
1.24
1.23
1.23
1.22
1.21
1.20
1.19
1.18
1.17
1.16
1.15
1.15
1.14
1.13
1.14
1.13
1.12
1.12
1.11
1.11
1.10
1.09
1.10
1.10
1.10
1.11
1.11
1.11
1.11
1.10
1.10
1.10
1.10
1.10
1.11
1.11
1.12
1.12
1.13
1.13
1.13
1.14
1.15
1.16
1.17
1.17
1.17
1.18
1.19
1.20
1.21
1.22
1.23
1.24
1.25
1.27
1.28
1.30
1.32
1.33
1.35
1.37
1.37
1.40
1.41
1.43
1.46
1.47
1.50
1.53
1.56
1.60
1.62
1.65
1.69
1.73
1.78
1.81
1.88
1.93
1.97
2.03
2.09
2.16
2.23
2.31
2.40
2.50
2.59
2.70
2.83
2.98
3.16
3.39
3.65
3.98
4.41
4.05
4.06
4.06
4.04
4.06
4.06
4.06
4.06
4.07
4.13
9.21
9.17
9.14
9.10
9.06
9.04
9.01
8.98
8.96
8.94
8.92
8.91
8.91
8.90
9.78
12.49
12.44
12.05
13.44
12.88
12.72
7.73
6.54
6.52
5.34
4.77
4.33
3.93
3.62
3.37
3.17
2.96
2.81
2.64
2.51
2.39
2.27
2.17
2.08
1.99
1.92
1.86
1.78
1.74
1.68
1.63
1.58
1.52
1.49
1.44
1.39
2.726000 2.265000 1.017699
