1 180
1.49
1.49
1.49
1.49
1.50
1.49
1.50
1.49
1.49
1.49
1.49
1.50
1.51
1.51
1.51
1.52
1.53
1.54
1.55
1.55
1.56
1.57
1.58
1.59
1.59
1.61
1.62
1.64
1.65
1.66
1.68
1.70
1.71
1.72
1.74
1.77
1.79
1.81
1.83
1.86
1.89
1.91
1.93
1.97
2.00
2.03
2.07
2.11
2.15
2.20
2.24
2.29
2.35
2.39
2.45
2.52
2.58
2.65
2.73
2.81
2.90
3.00
3.11
3.23
3.37
3.51
3.67
3.89
4.15
4.43
4.79
5.25
5.87
14.17
14.35
14.32
11.67
11.63
11.62
11.59
11.59
11.59
11.57
11.57
11.57
11.58
11.58
9.69
7.72
6.40
5.69
5.74
4.30
3.86
3.54
3.23
2.98
2.75
2.57
2.42
2.27
2.18
2.06
1.95
1.87
1.77
1.69
1.62
1.56
1.50
1.44
1.40
1.35
1.31
1.27
1.24
1.20
1.16
1.13
1.12
1.09
1.05
1.02
1.00
0.98
0.96
0.94
0.91
0.91
0.89
0.88
0.87
0.86
0.84
0.82
0.82
0.81
0.80
0.80
0.79
0.77
0.75
0.76
0.76
0.75
0.75
0.73
0.73
0.72
0.72
0.71
0.71
0.70
0.70
0.70
0.70
0.69
0.68
0.68
0.68
0.68
0.68
0.67
0.66
0.67
0.67
0.66
0.67
0.66
0.66
0.66
0.66
0.66
0.66
0.66
0.66
0.66
0.66
0.66
0.66
3.611000 -10.716000 -2.823254
