1 180
1.09
1.12
1.14
1.19
1.21
1.25
1.29
1.34
1.38
1.44
1.49
1.55
1.61
1.68
1.75
1.84
1.95
2.06
3.74
3.72
3.71
3.69
3.68
3.67
3.66
3.65
3.65
3.64
3.63
3.62
3.63
3.62
3.62
3.61
3.62
3.62
3.62
3.63
3.64
3.64
3.65
3.65
3.67
3.68
3.69
3.70
3.71
3.23
3.01
2.84
2.67
2.53
2.41
2.32
1.92
1.70
1.38
1.26
1.26
1.26
1.27
1.28
1.28
1.28
1.29
1.30
1.31
1.32
1.32
6.14
6.00
5.87
5.76
5.62
5.51
5.39
5.29
5.20
5.11
5.02
4.95
4.87
4.92
5.04
7.78
7.96
7.51
8.11
9.79
9.68
8.24
9.46
9.37
9.27
9.19
9.12
9.03
8.15
8.07
8.04
7.26
8.68
8.70
8.38
8.58
8.53
8.48
8.40
8.36
8.32
8.27
7.64
7.61
8.18
7.14
5.72
5.70
5.34
5.33
3.61
3.61
3.61
3.60
3.58
8.08
3.23
3.22
3.21
3.20
3.17
3.16
3.14
3.13
3.13
3.11
3.10
3.09
3.08
3.08
3.06
3.05
3.03
3.05
3.05
3.04
3.03
3.00
3.00
2.99
2.98
2.98
2.97
2.98
2.98
2.99
2.99
3.01
3.01
3.02
2.97
3.00
2.80
3.05
3.07
3.07
3.09
3.09
3.10
3.12
3.13
3.14
3.17
3.19
81.83
81.83
3.24
81.83
81.83
81.83
81.83
5.285000 -0.967000 1.122173
