1 180
3.60
3.54
3.49
3.43
3.29
3.24
3.19
3.19
3.24
3.32
3.40
3.50
3.59
3.70
3.81
3.92
4.05
4.18
4.34
4.52
6.13
6.10
6.05
6.01
5.99
5.95
5.93
5.89
5.87
5.86
3.31
3.28
3.24
3.22
3.21
3.34
3.46
3.61
3.77
3.92
4.13
4.35
4.63
4.95
5.35
5.89
6.78
17.25
17.27
17.30
17.33
17.42
81.83
12.98
11.83
11.57
10.08
9.40
8.78
8.27
7.81
7.38
7.04
6.70
6.39
6.12
5.89
5.82
5.88
6.17
8.73
8.73
8.46
8.22
8.17
8.28
8.36
8.41
7.86
8.53
8.66
9.86
10.00
8.66
10.21
10.01
9.83
9.66
81.83
81.83
81.83
81.83
81.83
81.83
81.83
81.83
81.83
81.83
1.99
81.83
81.83
81.83
81.83
81.83
81.83
81.83
81.83
81.83
81.83
81.83
81.83
81.83
0.96
0.98
1.06
81.83
81.83
1.21
1.08
1.10
81.83
81.83
81.83
81.83
1.20
81.83
81.83
81.83
81.83
81.83
81.83
81.83
81.83
81.83
81.83
81.83
81.83
81.83
81.83
81.83
81.83
81.83
81.83
81.83
0.95
0.92
0.93
0.91
0.92
0.91
0.91
0.89
0.89
0.88
0.89
0.88
0.89
0.88
0.87
0.86
0.85
0.84
0.85
0.83
0.83
0.66
0.66
0.67
0.73
0.92
1.10
3.60
4.07
5.89
5.88
5.86
3.01
3.03
3.07
0.69
8.236000 -6.973000 -1.667896
