1 180
1.52
1.52
1.52
1.53
1.53
1.53
1.53
1.53
1.54
1.55
1.55
1.55
1.56
1.56
1.57
1.59
1.59
1.60
1.61
1.62
1.63
1.64
1.65
1.66
1.67
1.69
1.70
1.71
1.73
1.75
1.77
1.79
1.81
1.83
1.84
1.88
1.91
1.93
1.95
1.97
2.00
2.04
2.08
2.11
2.15
2.18
2.21
2.26
2.31
2.36
2.41
2.46
2.53
2.58
2.65
2.72
2.80
2.87
2.95
3.04
3.13
3.24
3.34
3.46
3.58
3.72
3.87
4.05
4.24
4.43
4.66
4.92
5.19
5.51
5.89
6.28
8.81
18.53
11.14
11.10
11.00
11.10
81.83
81.83
81.83
81.83
9.43
81.83
81.83
81.83
81.83
81.83
81.83
81.83
81.83
81.83
81.83
4.16
3.70
3.36
3.09
2.84
2.63
2.45
2.31
2.17
2.05
1.95
1.88
1.77
1.68
1.60
1.55
1.48
1.42
1.37
1.32
1.28
1.23
1.19
1.17
1.13
1.08
1.06
1.03
0.99
0.98
0.95
0.94
0.91
0.90
0.88
0.87
0.84
0.84
0.82
0.82
0.82
0.78
0.78
0.77
0.76
0.74
0.74
0.73
0.72
0.70
0.70
0.70
0.70
0.69
0.68
0.67
0.67
0.66
0.66
0.66
0.64
0.64
0.65
0.64
0.64
0.63
0.63
0.63
0.62
0.61
0.62
0.62
0.61
0.61
0.61
0.60
0.61
0.61
0.61
0.60
0.60
0.60
0.60
-1.715000 -8.594000 1.923550
