1 180
1.96
2.31
2.92
3.75
5.22
8.83
8.81
8.83
81.83
81.83
10.66
81.83
10.53
81.83
12.45
12.46
12.24
12.39
19.80
15.46
81.83
81.83
14.40
81.83
10.67
7.38
6.00
5.36
4.92
4.58
4.30
4.04
3.83
3.64
3.49
3.35
3.24
3.13
3.03
2.93
2.84
2.77
2.69
2.62
2.56
2.50
2.44
2.39
2.35
2.29
2.25
2.20
2.16
2.12
2.09
2.06
2.03
2.00
1.97
1.95
1.92
1.89
1.87
1.85
1.82
1.81
1.79
1.77
1.76
1.75
1.74
1.72
1.70
1.69
1.67
1.67
1.66
1.65
1.63
1.63
1.62
1.61
1.60
1.59
1.59
1.58
1.57
1.57
1.56
1.56
1.56
1.57
1.58
1.58
1.58
1.58
1.57
1.56
1.57
1.57
1.57
1.57
1.58
1.59
1.59
1.60
1.61
1.62
1.63
1.64
1.65
1.66
1.67
1.67
1.69
1.71
1.72
1.74
1.75
1.76
1.77
1.79
1.82
1.83
1.85
1.88
1.90
1.92
1.95
1.98
2.00
2.02
2.06
2.09
2.13
2.16
2.20
2.24
2.29
2.34
2.39
2.44
2.49
2.56
2.61
2.68
2.75
2.83
2.91
2.99
3.09
3.19
3.30
3.42
3.55
3.73
3.91
4.14
4.39
4.68
5.00
5.37
9.88
9.80
9.74
9.66
9.60
9.53
9.15
9.42
6.69
6.66
6.62
6.60
6.57
6.55
6.53
6.49
6.50
6.48
10.185000 -4.887000 2.900688
