1 180
5.92
5.98
6.13
6.29
6.50
6.67
6.87
2.12
2.15
8.96
2.01
81.83
81.83
81.83
81.83
81.83
81.83
81.83
81.83
81.83
81.83
81.83
81.83
2.53
2.54
81.83
81.83
2.61
81.83
81.83
81.83
81.83
81.83
81.83
81.83
81.83
3.37
81.83
81.83
81.83
81.83
4.21
4.20
4.21
4.23
4.26
4.29
4.32
4.35
4.36
2.81
2.99
3.41
4.46
4.47
4.53
4.55
4.58
4.63
2.74
2.56
2.49
2.54
3.25
4.83
4.84
4.72
4.76
3.72
4.74
2.19
4.81
3.46
4.84
3.26
3.30
2.53
2.58
1.91
3.09
3.43
5.34
2.63
5.86
5.87
5.96
2.33
6.30
6.58
6.51
2.86
6.13
2.08
1.52
6.14
6.07
6.02
5.57
5.91
5.85
2.45
1.06
3.93
2.60
5.63
1.87
1.74
5.52
5.47
2.25
2.56
4.08
3.59
3.90
5.32
4.14
81.83
1.31
2.36
2.41
3.67
3.67
2.35
3.77
1.42
1.23
1.44
2.68
4.25
4.24
4.18
2.37
2.05
4.00
2.05
2.03
3.81
1.62
3.76
3.71
1.70
0.98
0.98
3.57
3.55
3.51
3.48
3.43
3.39
3.40
3.38
1.41
1.86
3.31
3.29
3.27
3.26
3.25
3.23
3.22
3.21
3.20
3.19
3.18
3.17
3.16
3.16
3.15
3.15
3.20
3.34
3.35
3.34
3.34
3.35
3.33
3.33
3.34
3.35
3.38
-0.327000 -0.358000 1.521632
