1 180
81.83
5.11
5.06
6.27
6.30
6.31
6.36
4.56
4.35
4.10
3.97
3.99
4.00
3.90
3.72
3.71
3.75
3.79
3.81
3.84
3.87
4.09
3.95
3.86
3.76
3.66
3.56
3.48
3.41
3.33
3.26
3.20
3.12
3.07
3.01
2.96
2.91
2.85
2.76
2.53
2.62
2.66
2.67
2.87
81.83
2.81
2.78
2.73
2.72
2.69
2.66
2.62
2.69
2.73
2.77
2.81
2.86
81.83
81.83
81.83
81.83
81.83
81.83
81.83
81.83
81.83
81.83
81.83
81.83
81.83
81.83
81.83
4.01
81.83
4.00
81.83
3.92
81.83
81.83
81.83
11.89
81.83
6.39
9.81
5.80
6.27
5.62
5.57
5.63
5.72
5.73
9.00
13.16
8.91
13.28
81.83
81.83
81.83
7.82
7.81
81.83
81.83
81.83
81.83
81.83
81.83
10.54
4.10
4.12
11.25
6.27
4.47
4.47
4.48
4.49
5.21
4.11
4.58
5.20
5.20
5.20
5.21
5.21
5.22
5.22
5.23
5.24
1.61
1.57
1.53
1.50
1.46
1.42
1.39
1.36
1.32
1.29
1.27
1.24
1.22
1.20
1.17
1.15
1.12
1.10
1.09
1.09
1.08
1.06
1.05
1.04
1.02
1.01
0.99
0.98
0.97
0.96
0.95
0.94
0.93
0.93
0.91
0.91
0.90
0.89
0.88
0.88
0.87
0.86
0.86
0.86
0.86
0.86
0.86
0.85
0.85
0.84
0.84
0.84
0.84
-36.845001 7.160000 -2.350049
