1 180
6.93
4.15
4.86
4.42
3.64
2.30
7.27
5.19
7.43
1.18
3.56
3.42
1.68
7.84
7.94
8.04
8.15
3.44
8.07
8.01
5.77
3.17
7.55
7.31
5.49
7.22
3.67
7.10
3.74
3.34
4.22
4.08
3.79
81.83
81.83
81.83
4.62
81.83
3.79
6.32
81.83
81.83
81.83
81.83
81.83
81.83
81.83
81.83
81.83
81.83
81.83
3.63
3.62
81.83
81.83
81.83
81.83
2.96
3.03
3.01
3.02
3.00
81.83
20.77
20.75
20.73
20.72
16.27
16.35
16.50
1.28
6.60
6.96
7.39
2.05
2.05
2.03
2.01
1.86
1.75
1.75
1.76
1.76
1.76
1.78
1.79
1.80
1.80
1.81
1.83
1.72
1.82
1.26
1.82
1.93
4.20
4.21
4.21
4.21
4.21
4.22
4.22
4.23
4.25
4.26
4.27
4.30
7.40
7.53
4.66
7.77
4.01
7.79
7.64
7.61
6.92
6.93
6.35
6.24
6.03
5.95
2.09
6.10
6.25
2.15
2.11
6.76
2.00
81.83
81.83
81.83
81.83
81.83
81.83
81.83
81.83
81.83
81.83
81.83
81.83
2.43
2.42
2.48
2.50
81.83
2.56
2.57
81.83
81.83
81.83
81.83
81.83
81.83
81.83
81.83
81.83
3.28
81.83
81.83
81.83
81.83
4.12
4.11
4.11
4.10
4.11
4.13
4.18
4.21
4.23
2.71
2.87
3.15
4.32
4.31
4.37
4.40
4.43
4.45
2.62
-0.412000 -0.100000 -0.469518
