1 180
0.45
0.46
0.46
0.46
0.45
0.46
0.46
0.47
0.47
0.47
0.47
0.47
0.47
0.48
0.48
0.48
0.49
0.49
0.50
0.50
0.50
0.51
0.51
0.52
0.51
0.51
0.51
0.51
0.53
0.53
0.54
0.54
0.55
0.55
0.56
0.57
0.58
0.58
0.60
0.61
0.62
0.62
0.63
0.65
0.66
0.67
0.69
0.71
0.72
0.74
0.76
0.78
0.80
0.81
0.84
0.87
0.90
0.93
0.97
1.00
1.03
1.06
1.12
1.16
1.22
1.27
1.33
1.40
1.48
1.59
1.70
1.87
2.10
2.38
2.79
4.10
4.72
4.71
4.72
3.81
4.68
4.77
4.78
4.80
4.84
9.84
9.82
9.80
9.79
9.78
9.79
9.78
9.78
10.92
13.33
13.02
14.37
13.63
13.63
9.59
8.52
7.66
7.49
7.51
6.12
5.70
5.36
4.99
4.71
4.46
4.25
4.05
3.87
3.71
3.54
3.41
3.28
3.15
3.06
2.95
2.84
2.78
2.69
2.62
2.54
2.48
2.42
2.35
2.30
2.24
2.19
2.14
2.10
2.06
2.01
1.98
1.93
1.90
1.87
1.86
1.90
1.94
1.99
2.04
2.16
2.26
2.31
2.37
2.43
2.48
2.53
4.62
4.58
4.53
4.49
4.29
4.12
4.09
4.06
4.03
4.00
3.97
3.95
3.93
3.93
4.08
4.15
4.14
4.12
4.11
0.64
0.65
0.65
0.65
0.64
0.64
0.64
0.64
0.64
0.64
6.538000 -7.464000 -2.048918
