1 180
1.66
1.61
1.55
1.52
1.47
1.46
1.47
1.49
1.51
1.53
1.56
1.58
1.58
1.61
1.64
8.39
8.23
8.08
3.71
3.65
3.58
3.53
3.47
3.43
3.38
3.33
3.30
3.26
3.22
3.18
3.15
3.12
3.09
3.06
3.03
3.00
2.98
2.96
2.94
2.91
2.89
2.87
2.85
2.84
2.83
2.80
2.80
2.78
2.77
2.76
2.75
2.74
2.73
2.72
2.72
2.72
2.71
2.70
2.69
2.69
2.69
2.70
2.72
2.88
3.05
3.25
3.50
3.81
4.20
4.69
5.55
81.83
81.83
81.83
10.54
10.40
9.19
8.58
8.09
7.63
7.23
6.87
6.57
6.27
5.99
5.75
5.54
5.33
5.15
4.99
5.00
5.07
7.77
7.86
7.95
4.15
4.06
3.94
3.96
4.02
4.08
4.13
4.20
4.26
4.32
4.38
4.46
4.54
4.62
4.71
4.80
4.90
4.99
5.09
5.20
5.31
5.44
5.57
5.70
5.85
6.02
6.19
6.38
3.27
3.24
2.12
2.10
2.08
2.06
2.04
2.05
2.02
2.62
2.75
2.90
3.06
3.26
3.28
3.26
3.24
3.23
3.22
3.21
3.20
3.18
3.15
3.15
3.16
3.17
3.16
3.41
5.55
5.54
4.50
4.41
4.39
4.29
4.24
4.36
5.60
5.61
5.62
5.57
5.02
5.03
5.06
5.07
5.09
5.58
5.16
5.18
5.21
5.23
5.43
5.98
6.03
6.07
6.12
6.17
6.21
10.619000 2.992000 -1.299164
