1 180
0.76
0.77
0.77
0.77
0.79
0.78
0.78
0.78
0.79
0.79
0.79
0.79
0.79
0.80
0.80
0.80
0.81
0.82
0.83
0.83
0.84
0.84
0.86
0.86
0.87
0.88
0.88
0.88
0.89
0.90
0.92
0.93
0.94
0.96
0.97
0.98
1.01
1.01
1.02
1.04
1.07
1.08
1.11
1.13
1.15
1.17
1.19
1.22
1.25
1.27
1.31
1.36
1.40
1.44
1.49
1.54
1.60
1.66
1.73
1.79
1.87
1.96
2.08
2.20
2.36
2.54
2.77
3.03
3.44
4.21
6.03
6.05
5.64
5.74
6.10
6.13
6.15
11.17
11.15
11.13
11.11
11.09
11.08
11.08
11.08
14.70
14.62
14.49
15.64
14.91
10.89
9.15
8.73
7.28
6.56
5.90
5.42
5.00
1.43
1.33
1.19
1.17
1.17
1.18
1.18
1.18
1.21
1.21
1.22
1.17
1.17
1.17
1.17
1.17
1.18
1.19
1.19
1.20
1.21
1.21
1.22
1.23
1.24
1.25
1.25
1.27
1.28
1.30
1.30
1.32
1.33
1.34
1.36
1.38
1.40
1.41
1.42
1.44
1.46
1.49
1.51
1.53
0.46
0.39
0.38
0.37
0.37
0.37
0.39
0.37
0.36
0.36
0.35
0.34
0.34
0.34
0.33
0.34
0.33
0.34
0.32
0.33
0.33
0.33
0.33
0.33
0.33
0.34
0.34
0.34
0.34
0.34
0.34
0.34
0.34
0.34
0.33
0.34
0.34
0.34
4.506000 1.927000 2.697886
