1 180
3.97
3.97
3.97
3.97
3.97
3.97
3.98
3.99
3.99
4.00
4.00
4.01
4.01
3.09
2.57
2.40
2.24
2.10
1.99
1.87
1.78
1.69
1.59
1.54
1.47
1.42
1.38
1.37
1.33
1.32
1.33
1.34
1.36
1.38
1.39
1.41
1.43
1.44
1.46
1.48
1.50
1.51
1.54
1.56
1.59
1.62
1.63
1.67
1.70
1.68
1.64
1.63
1.60
1.57
1.55
1.53
1.52
1.50
1.47
1.47
1.44
1.43
1.41
1.41
1.39
1.38
1.37
1.36
1.36
1.35
1.33
1.33
1.31
1.31
1.29
1.29
1.29
1.28
1.28
1.27
1.27
1.27
1.26
1.25
1.40
5.93
3.60
3.60
3.60
3.61
3.61
3.61
3.61
3.61
3.62
3.64
4.12
3.45
3.45
3.47
3.49
3.62
3.82
3.83
3.85
3.86
3.88
3.90
3.91
3.93
3.98
6.30
6.33
6.38
6.43
6.46
6.50
6.57
6.61
6.44
6.22
6.02
5.84
5.68
5.53
5.37
5.24
5.13
5.00
4.89
4.79
4.68
4.59
4.49
4.42
4.32
4.26
4.18
4.11
4.03
3.99
3.97
4.05
4.14
6.74
6.35
6.57
5.15
5.06
4.96
4.92
5.03
5.17
5.35
5.51
5.71
3.21
3.19
3.17
3.15
3.12
3.12
3.98
4.07
4.04
4.02
4.03
4.96
4.94
4.93
5.73
5.72
5.73
5.72
5.70
5.69
5.67
5.67
5.66
5.66
-48.222000 -16.943001 2.452065
