1 180
1.28
1.22
1.27
4.94
4.17
4.11
4.07
4.10
4.20
3.61
3.56
3.53
3.48
3.37
3.32
3.30
3.28
3.33
3.44
3.57
3.71
3.86
4.03
4.22
4.44
4.67
6.28
6.25
6.22
6.19
6.17
6.15
6.12
6.11
6.10
6.08
6.07
3.60
3.58
3.54
3.52
3.51
3.65
3.86
4.11
4.38
4.69
5.11
5.66
17.65
17.67
17.70
17.74
81.83
14.27
13.10
12.03
11.99
10.45
9.84
9.23
8.76
8.32
7.89
7.56
7.21
6.92
6.64
6.39
6.30
6.34
6.62
9.24
9.04
8.80
8.65
8.72
8.82
81.83
9.18
9.01
9.16
10.37
10.53
10.68
10.63
10.42
10.24
3.29
81.83
81.83
81.83
81.83
81.83
81.83
81.83
81.83
2.49
81.83
81.83
81.83
81.83
81.83
81.83
81.83
1.48
1.46
81.83
81.83
1.56
1.54
81.83
81.83
81.83
81.83
81.83
81.83
81.83
81.83
81.83
81.83
81.83
81.83
81.83
81.83
81.83
81.83
81.83
81.83
81.83
81.83
81.83
81.83
81.83
81.83
81.83
0.98
81.83
81.83
1.13
1.12
3.31
5.92
6.90
81.83
6.01
4.96
5.88
5.83
5.84
4.33
3.92
6.54
3.79
6.43
4.62
6.34
6.30
6.26
3.33
3.67
4.68
3.86
4.77
6.04
4.15
6.01
5.16
5.97
5.95
5.93
5.92
5.91
5.90
5.89
5.88
5.87
5.93
6.06
6.09
8.282001 -6.450000 -1.637168
