1 180
1.55
1.55
1.56
1.56
1.56
1.56
1.56
1.56
1.56
1.56
1.57
1.58
1.58
1.59
1.61
1.61
1.62
1.63
1.64
1.64
1.65
1.66
1.67
1.69
1.70
1.71
1.73
1.74
1.76
1.78
1.80
1.82
1.84
1.86
1.88
1.90
1.93
1.96
1.98
2.01
2.03
2.07
2.10
2.14
2.19
2.22
2.26
2.29
2.34
2.39
2.44
2.49
2.56
2.61
2.66
2.74
2.80
2.88
2.96
3.05
3.14
3.24
3.35
3.45
3.57
3.71
3.85
4.01
4.18
4.38
4.60
4.84
5.11
7.17
7.39
16.81
13.39
9.69
9.66
9.56
9.62
13.52
10.40
81.83
81.83
81.83
7.96
8.07
81.83
81.83
81.83
81.83
81.83
81.83
81.83
81.83
81.83
81.83
81.83
81.83
6.27
2.84
2.61
2.42
2.26
2.12
1.99
1.89
1.80
1.71
1.65
1.57
1.50
1.44
1.38
1.33
1.28
1.24
1.19
1.16
1.12
1.07
1.05
1.02
0.99
0.96
0.94
0.92
0.90
0.88
0.86
0.85
0.83
0.82
0.80
0.79
0.79
0.78
0.76
0.75
0.75
0.73
0.73
0.72
0.71
0.71
0.70
0.69
0.72
0.71
0.74
0.72
0.67
0.63
0.65
0.65
0.64
0.63
0.62
0.62
0.61
0.61
0.61
0.60
0.60
0.60
0.60
0.59
0.59
0.59
0.59
0.59
0.59
0.59
0.59
0.59
0.59
0.59
0.59
0.59
-2.156000 -7.122000 1.819075
