1 180
1.14
1.04
1.14
1.14
1.14
1.14
1.14
1.14
1.14
1.14
1.14
1.15
1.15
1.15
1.16
1.16
1.15
1.16
1.16
1.16
1.17
1.18
1.18
1.19
1.20
1.20
1.21
1.22
1.23
1.23
1.25
1.26
1.27
1.28
1.30
1.31
1.32
1.34
1.35
1.36
1.37
1.39
1.41
1.44
1.46
1.48
1.46
1.43
1.40
1.37
1.35
1.34
1.31
1.28
1.29
1.32
1.35
1.37
1.41
1.45
1.49
1.51
1.56
1.60
1.66
1.70
1.75
1.81
1.88
1.94
2.01
2.10
2.17
2.26
2.38
2.49
2.60
2.74
2.90
3.08
3.30
3.54
3.80
4.15
8.53
8.50
8.48
7.50
7.50
7.70
8.74
8.70
8.70
8.70
11.11
11.10
9.98
11.10
11.13
4.17
3.98
3.02
2.65
2.36
2.11
1.93
1.73
1.60
1.48
1.39
1.28
1.21
1.14
1.08
1.02
0.97
0.92
0.88
0.85
0.81
0.77
0.74
0.72
0.69
0.67
0.64
0.63
0.61
0.59
0.57
0.56
0.55
0.53
0.53
0.51
0.50
0.49
0.49
0.47
0.47
0.46
0.45
0.44
0.44
0.43
0.43
0.42
0.42
0.41
0.40
0.40
0.39
0.38
0.38
0.38
0.37
0.37
0.37
0.37
0.36
0.36
0.35
0.35
0.35
0.35
0.35
0.35
0.35
0.35
0.35
0.35
0.34
0.34
0.34
0.34
0.35
0.36
0.35
0.35
0.36
2.403000 -7.040000 2.605703
