1 180
0.73
0.73
0.72
0.72
0.73
0.73
0.73
0.73
0.73
0.73
0.73
0.74
0.74
0.75
0.75
0.76
0.76
0.77
0.77
0.78
0.78
0.78
0.77
0.78
0.78
0.79
0.80
0.81
0.82
0.82
0.84
0.85
0.86
0.87
0.87
0.88
0.89
0.91
0.92
0.94
0.95
0.96
0.97
0.99
1.01
1.02
1.05
1.07
1.10
4.14
4.08
4.02
3.98
4.01
8.00
5.58
7.82
7.72
7.64
7.56
6.47
7.40
7.32
7.25
3.47
3.41
3.38
3.37
3.34
3.37
3.53
3.70
3.88
4.10
4.33
4.61
4.91
5.28
5.75
6.21
6.56
6.54
6.52
6.51
6.50
6.48
6.49
6.48
6.47
6.47
6.47
6.47
6.47
6.47
4.84
3.81
3.72
3.72
3.73
3.74
3.75
3.77
3.78
3.80
3.80
3.83
3.72
3.49
3.30
3.13
2.98
2.87
2.91
2.94
2.98
2.99
6.74
6.48
6.47
6.53
6.59
6.79
6.73
6.80
6.86
7.72
7.82
7.91
8.01
8.12
8.24
8.35
6.57
8.36
8.20
8.05
7.93
7.78
6.65
6.54
4.41
4.34
4.30
4.26
4.22
4.17
3.89
3.85
3.80
3.75
3.87
3.99
4.00
3.97
3.93
3.90
3.87
3.84
3.80
3.78
3.76
3.80
3.96
4.17
4.38
4.65
4.95
5.88
5.85
5.83
5.82
5.80
5.79
5.77
5.76
5.74
5.74
5.73
5.73
5.72
-49.293999 -21.732000 1.659292
