1 180
2.38
1.78
1.47
1.47
2.25
2.23
2.21
2.18
2.16
2.16
2.20
2.26
2.33
2.41
2.49
2.27
2.24
2.63
2.61
2.59
2.58
2.55
2.31
2.10
1.01
1.00
1.01
1.86
1.85
1.84
1.85
1.84
1.84
1.84
1.84
1.85
1.16
1.15
1.20
9.80
81.83
12.36
81.83
12.55
13.97
12.81
14.33
12.82
13.86
13.63
13.45
11.47
81.83
81.83
81.83
81.83
81.83
81.83
81.83
5.21
5.19
81.83
81.83
81.83
81.83
81.83
4.57
6.67
10.38
6.57
10.96
7.86
3.50
3.19
3.17
3.15
3.14
3.11
3.05
3.02
3.04
3.09
3.13
8.96
3.50
81.83
3.84
81.83
7.34
6.23
9.40
7.33
2.29
8.96
8.82
8.69
81.83
8.46
2.33
81.83
81.83
81.83
81.83
81.83
81.83
81.83
81.83
81.83
81.83
81.83
81.83
81.83
81.83
81.83
1.63
1.65
1.75
81.83
1.73
1.88
1.86
1.85
1.84
1.83
1.81
1.78
1.80
1.79
1.77
1.77
1.76
1.75
1.74
1.74
1.72
1.71
1.70
1.68
1.68
1.67
1.67
1.67
1.67
1.67
1.67
1.66
1.68
1.68
1.67
1.67
1.66
1.67
1.67
1.68
1.70
1.71
1.72
1.73
1.75
1.75
1.76
1.71
1.77
1.77
1.78
1.79
1.81
1.81
1.81
1.83
1.85
1.86
1.87
1.89
1.91
1.92
1.93
1.96
1.96
1.98
7.309000 -2.897000 -0.555556
