1 180
1.38
1.38
1.38
1.39
1.39
1.39
1.40
1.40
1.40
1.41
1.41
1.42
1.42
1.43
1.44
1.45
1.46
1.47
1.47
1.48
1.49
1.50
1.51
1.52
1.54
1.56
1.57
1.59
1.60
1.63
1.65
1.66
1.68
1.71
1.73
1.75
1.79
1.81
1.84
1.87
1.90
1.94
1.98
2.00
2.04
2.09
2.12
2.18
2.23
2.28
2.33
2.39
2.44
2.51
2.58
2.65
2.73
2.82
2.91
3.01
3.11
3.23
3.35
3.48
3.45
3.42
3.40
3.38
3.82
4.09
4.98
5.31
5.69
5.22
6.63
6.19
7.97
7.59
8.33
9.01
15.77
14.77
14.91
16.00
15.97
18.40
10.27
4.27
4.29
4.29
4.29
4.29
4.30
4.31
4.32
4.33
4.34
4.36
4.38
4.39
4.41
4.43
4.46
2.87
2.71
2.57
2.45
2.34
2.25
2.16
2.08
2.00
1.93
1.86
1.80
1.75
1.69
1.63
1.60
1.55
1.49
1.46
1.43
1.39
1.36
1.33
1.30
1.27
1.25
1.23
1.21
1.18
1.16
1.14
1.12
1.11
1.10
1.10
1.11
1.05
1.03
1.02
1.01
1.01
1.00
0.99
0.97
0.97
0.96
0.95
0.94
0.94
0.92
0.92
0.92
0.90
0.91
0.90
0.90
0.90
0.89
0.89
0.89
0.88
0.88
0.88
0.87
0.87
0.87
0.87
0.86
0.86
0.86
0.86
0.86
0.86
0.86
0.85
0.85
0.86
9.782001 -8.516000 -2.995329
