1 180
0.36
0.36
0.36
0.36
0.37
0.37
0.37
0.38
0.38
0.38
0.38
0.38
0.38
0.38
0.38
0.39
0.39
0.40
0.40
0.41
0.41
0.41
0.41
0.41
0.42
0.43
0.43
0.44
0.44
0.45
0.46
0.47
0.47
0.48
0.48
0.49
0.50
0.51
0.52
0.53
0.54
0.55
0.56
0.56
0.58
0.60
0.61
0.63
0.65
0.67
0.69
0.72
0.73
0.76
0.80
0.81
0.85
0.89
0.93
0.97
1.02
1.07
1.13
1.19
1.26
1.34
1.45
1.45
1.41
1.39
1.40
1.47
1.58
3.44
3.15
3.13
5.33
5.32
5.30
5.29
5.30
5.31
5.31
5.04
5.33
5.32
5.33
5.35
5.36
5.38
5.39
5.41
5.14
4.82
4.49
4.37
4.29
4.02
3.81
3.37
3.22
1.35
1.27
1.22
1.18
1.12
1.07
1.06
1.01
0.97
0.97
0.94
0.96
0.87
0.85
0.83
0.80
0.83
0.88
0.90
0.91
0.91
0.86
0.84
0.83
0.82
0.80
0.79
0.78
0.76
0.75
0.75
0.74
0.73
0.72
0.71
0.70
0.70
0.69
0.68
0.68
0.70
0.68
0.67
0.67
0.66
0.66
0.65
0.64
0.63
0.63
0.62
0.62
0.61
0.61
0.61
0.60
0.60
0.59
0.59
0.59
0.59
0.59
0.59
0.59
0.59
0.59
0.59
0.59
0.59
0.67
0.88
0.80
0.80
0.80
0.80
0.77
0.68
0.63
0.58
-45.256001 -20.795000 -1.938299
