1 180
0.85
0.84
0.82
0.81
0.79
0.77
0.77
0.76
0.74
0.73
0.72
0.71
0.69
0.68
0.68
0.67
0.66
0.66
0.65
0.64
0.63
0.62
0.62
0.61
0.60
0.60
0.60
0.59
0.59
0.58
0.57
0.57
0.57
0.57
0.56
0.56
0.56
0.55
0.55
0.55
0.55
0.54
0.54
0.54
0.54
0.54
0.53
0.54
0.55
0.55
0.55
0.54
0.54
0.54
0.54
0.54
0.54
0.54
0.54
0.54
0.55
0.55
0.55
0.55
0.56
0.56
0.56
0.56
0.57
0.57
0.58
0.58
0.59
0.59
0.60
0.60
0.61
0.61
0.62
0.62
0.63
0.63
0.64
0.65
0.65
0.66
0.67
0.67
0.68
0.68
0.69
0.70
0.71
0.72
0.74
0.76
0.78
9.42
9.60
9.80
9.65
5.18
5.13
5.07
5.06
5.08
5.21
5.34
5.49
5.64
5.79
5.97
6.17
6.38
6.59
6.83
7.10
7.39
7.70
7.91
7.86
7.81
7.76
4.92
4.81
4.80
4.77
4.76
4.74
3.72
3.72
3.72
3.70
3.70
4.94
4.92
4.91
4.91
4.93
4.92
4.92
4.92
5.00
7.32
6.11
6.10
6.20
7.38
7.40
7.43
6.81
6.81
6.83
6.84
7.54
6.94
6.95
6.96
6.99
7.73
7.77
7.82
6.35
4.12
3.99
3.49
3.36
3.26
3.27
3.29
3.33
3.36
3.34
3.26
3.17
3.09
3.01
2.95
2.89
2.89
9.361000 2.437000 -0.530973
