1 180
1.22
1.23
1.23
1.23
1.23
1.23
1.23
1.25
1.25
1.26
1.26
1.28
1.28
1.28
1.29
1.29
1.31
1.32
1.33
1.33
1.35
1.35
1.37
1.38
1.40
1.42
1.44
1.46
1.48
1.53
1.57
1.56
1.57
1.59
1.61
1.65
1.67
1.70
1.73
1.77
1.81
1.84
1.88
1.92
1.97
2.01
2.06
2.10
2.17
2.23
2.30
2.36
2.45
2.56
2.61
2.70
2.80
2.91
3.01
3.15
3.27
3.42
3.60
4.80
4.79
4.77
4.74
4.72
4.70
4.68
4.66
4.65
4.63
4.62
4.61
4.59
4.60
5.80
7.06
9.67
14.06
14.07
16.43
16.25
16.31
16.61
16.63
6.88
5.41
4.76
4.38
4.07
3.82
3.62
3.45
3.29
3.16
3.05
2.94
2.85
2.76
2.68
2.60
2.54
2.47
2.42
2.35
2.30
2.25
2.20
2.15
2.11
2.07
2.02
2.00
1.96
1.92
1.90
1.88
1.85
1.82
1.80
1.78
1.76
1.75
1.72
1.65
1.33
1.67
1.65
1.63
1.62
1.62
1.60
1.59
1.58
1.56
1.56
1.55
1.54
1.53
1.53
1.52
1.51
1.50
1.50
1.49
1.49
1.33
1.07
1.47
1.47
1.46
1.46
1.46
1.47
1.47
1.46
1.46
1.46
1.46
1.47
1.48
1.49
1.49
1.50
1.38
1.26
1.20
1.13
1.08
1.04
1.00
0.94
0.92
0.89
0.86
0.83
0.80
0.78
-0.009000 12.564000 3.134218
