1 180
0.59
0.59
0.59
0.59
0.59
0.60
0.60
0.59
0.59
0.59
0.59
0.59
0.60
0.60
0.60
0.60
0.60
0.60
0.61
0.61
0.62
3.91
3.92
3.95
3.98
4.00
4.03
3.92
3.65
3.52
3.41
3.28
3.19
3.09
3.00
2.92
2.84
2.76
2.82
2.67
2.43
2.37
2.27
2.16
2.07
2.01
1.93
1.87
1.81
1.79
1.82
1.84
1.86
1.87
1.90
1.93
5.54
5.69
8.59
10.46
10.45
10.34
8.99
10.13
10.04
9.95
9.86
9.77
8.92
8.83
8.78
81.83
9.46
9.43
9.36
9.33
9.27
9.18
9.13
9.10
9.06
8.41
8.40
8.97
7.90
6.49
6.15
6.11
4.41
4.36
4.36
4.37
4.43
4.01
3.99
3.96
3.94
3.91
3.91
3.88
3.86
3.84
3.83
3.81
3.80
3.78
3.71
3.76
3.75
3.73
3.71
3.71
3.69
3.67
3.67
3.65
3.63
3.63
3.62
3.61
3.56
3.63
3.39
3.64
3.64
3.59
3.45
3.58
3.64
3.66
3.67
3.68
3.67
3.69
3.71
3.70
8.72
6.37
8.69
8.69
8.75
8.91
8.95
81.83
13.97
6.51
8.97
81.83
81.83
6.59
7.66
3.83
1.58
1.58
3.85
3.81
3.77
3.78
3.86
4.03
4.06
9.42
9.49
9.58
9.62
9.73
7.95
7.74
8.26
1.03
1.04
1.43
1.49
1.47
1.46
1.44
1.43
1.46
1.49
1.53
5.353000 -1.755000 1.708456
