1 180
1.01
1.01
1.01
1.01
1.01
1.02
1.02
1.02
1.02
1.02
1.03
1.03
1.04
1.04
1.05
1.06
1.06
1.06
1.07
1.06
1.06
1.07
1.08
1.09
1.10
1.10
1.12
1.12
1.14
1.14
1.15
1.16
1.17
1.18
1.19
1.21
1.22
1.24
1.25
1.27
1.29
1.31
1.32
1.35
1.37
1.40
1.42
1.45
1.47
1.49
1.53
1.56
1.60
1.63
1.66
1.70
1.74
1.79
1.83
1.89
1.93
1.99
2.06
2.12
2.19
2.27
2.36
2.45
2.55
2.66
2.77
2.91
3.03
3.19
3.36
3.58
3.81
4.07
4.37
4.74
5.13
5.62
6.21
11.30
11.21
11.12
11.23
81.83
81.83
81.83
81.83
81.83
9.60
81.83
81.83
81.83
81.83
81.83
81.83
81.83
81.83
81.83
81.83
81.83
8.02
4.63
4.33
4.05
3.82
3.61
3.41
3.27
3.11
2.97
2.85
2.75
2.63
2.53
2.45
2.38
2.31
2.24
2.18
2.11
2.04
2.00
1.94
1.89
1.84
1.80
1.76
1.72
1.68
1.65
1.62
1.59
1.55
1.52
1.50
1.48
1.45
1.43
1.40
1.39
1.37
1.37
1.35
1.35
1.34
1.30
1.28
1.27
1.26
1.25
1.24
1.23
1.22
1.22
1.21
1.19
1.18
1.17
1.17
1.17
1.16
1.16
1.14
1.14
1.13
1.13
1.14
1.13
1.13
1.12
1.12
1.12
1.12
1.12
1.12
1.12
-50.796001 -35.884998 2.544248
