1 180
1.26
1.26
1.26
1.27
1.27
1.25
1.27
1.27
1.27
1.27
1.28
1.28
1.28
1.28
1.29
1.29
1.30
1.30
1.31
1.32
1.32
1.33
1.33
1.34
1.35
1.36
1.37
1.38
1.39
1.40
1.42
1.43
1.45
1.46
1.47
1.49
1.50
1.52
1.54
1.56
1.58
1.60
1.62
1.64
1.66
1.69
1.71
1.74
1.77
1.80
1.84
1.87
1.90
1.95
1.97
2.02
2.08
2.12
2.17
2.23
2.29
2.35
2.41
2.49
2.55
2.64
2.73
2.82
2.92
3.04
3.14
3.17
3.14
3.13
3.11
3.08
3.06
3.05
3.03
3.02
3.01
2.99
2.99
2.99
2.98
2.97
2.96
2.95
2.94
2.94
2.93
2.93
2.93
2.93
2.93
2.93
2.93
2.93
2.94
2.95
2.95
2.96
2.97
2.97
1.62
1.47
1.37
1.27
1.19
1.10
1.04
0.99
0.94
0.88
0.83
0.80
0.77
0.73
0.71
0.69
0.66
0.64
0.62
0.60
0.59
0.58
0.56
0.54
0.52
0.51
0.51
0.49
0.48
0.47
0.47
0.45
0.45
0.44
0.43
0.43
0.42
0.41
0.41
0.40
0.41
0.40
0.39
0.39
0.38
0.38
0.37
0.38
0.40
0.40
0.39
0.40
0.39
0.38
0.38
0.37
0.37
0.39
0.39
0.40
0.42
0.45
0.46
0.50
0.53
0.57
0.60
0.64
0.71
0.76
0.84
0.96
1.00
1.00
1.00
1.00
11.063001 -0.255000 -1.225418
