1 180
0.57
0.57
0.56
0.58
0.58
0.58
0.58
0.57
0.58
0.58
0.59
0.59
0.60
0.60
0.60
0.61
0.62
0.62
0.63
0.63
0.63
0.63
0.64
0.64
0.65
0.66
0.67
0.67
0.68
0.69
0.70
0.72
0.72
0.73
0.74
0.75
0.77
0.78
0.80
0.81
0.83
0.85
0.86
0.89
0.91
0.92
0.96
1.16
6.02
5.95
5.88
5.83
5.77
5.72
5.66
5.71
5.86
6.89
6.80
6.74
6.90
7.21
7.55
7.93
8.34
8.81
5.14
5.11
5.08
5.07
6.00
5.99
6.92
6.91
7.73
7.72
7.71
7.70
7.68
7.68
7.68
7.78
7.78
7.78
7.78
7.79
7.80
5.21
4.43
3.81
3.76
3.75
3.73
3.72
3.71
3.70
3.69
3.68
3.69
3.70
3.70
3.69
3.69
3.68
3.69
3.70
3.71
3.73
3.74
3.76
3.76
3.77
3.79
3.82
3.83
3.85
3.88
1.74
1.69
1.65
1.61
1.58
1.55
1.51
1.49
1.46
1.43
1.41
1.38
1.36
1.35
1.32
1.30
1.28
1.26
1.25
1.23
1.22
1.20
1.19
1.17
1.16
1.14
1.13
1.12
1.11
1.10
1.09
1.09
1.08
1.07
1.06
1.05
1.05
1.04
1.03
1.02
1.02
1.02
1.01
1.01
1.00
1.00
0.99
0.99
0.99
0.99
0.99
0.99
0.99
0.98
0.99
1.00
0.99
0.98
0.98
0.99
0.99
0.99
0.99
11.362000 -1.453000 1.960423
