1 180
4.81
4.75
4.90
4.95
4.40
5.04
5.09
5.15
5.22
5.27
5.06
4.94
4.86
4.12
4.06
3.60
3.53
3.46
3.27
3.23
3.18
3.14
3.17
3.23
3.30
3.37
3.44
3.52
3.59
3.68
3.78
3.88
3.98
4.09
4.20
4.33
6.09
6.02
5.99
5.94
5.90
5.85
5.82
5.78
5.74
3.13
3.09
3.06
3.02
3.01
3.09
3.18
3.28
3.38
3.49
3.59
3.74
3.88
4.05
4.25
4.48
4.74
5.06
5.45
5.93
6.68
16.93
16.96
16.97
16.99
17.01
17.06
81.83
13.54
11.67
11.23
9.79
9.09
8.43
7.89
7.42
6.98
6.65
6.28
5.99
5.73
5.50
5.49
5.53
6.42
8.33
8.41
8.25
7.97
7.79
7.85
7.92
7.96
8.11
8.20
8.13
8.29
9.50
9.63
8.30
9.85
9.65
9.47
9.31
2.41
81.83
81.83
81.83
81.83
81.83
81.83
81.83
81.83
81.83
81.83
81.83
81.83
1.61
81.83
81.83
81.83
81.83
81.83
81.83
81.83
81.83
81.83
81.83
81.83
81.83
81.83
81.83
81.83
1.13
1.12
81.83
1.07
1.06
1.04
0.98
0.82
0.81
0.70
0.67
0.66
0.93
0.93
81.83
0.82
0.79
0.81
81.83
81.83
81.83
0.93
81.83
81.83
0.92
0.87
0.86
0.84
0.83
0.83
0.84
0.82
0.82
0.82
0.82
0.81
0.80
0.80
0.80
0.81
0.80
0.79
8.195000 -7.340000 -2.085792
