1 180
5.99
2.11
1.97
1.98
2.00
2.04
2.04
81.83
81.83
81.83
81.83
81.83
81.83
81.83
81.83
81.83
81.83
2.34
2.39
2.43
2.43
81.83
2.47
2.47
81.83
81.83
81.83
81.83
81.83
81.83
81.83
81.83
81.83
81.83
3.18
81.83
81.83
81.83
81.83
81.83
3.99
4.01
4.01
4.01
4.00
4.01
4.04
4.07
2.56
4.10
4.11
3.05
4.17
4.11
4.24
4.26
4.27
2.45
2.96
2.25
2.22
2.98
2.96
4.49
4.53
4.58
4.41
4.43
3.31
1.89
4.48
4.43
3.14
3.54
4.52
2.97
2.24
2.22
1.60
4.82
2.79
3.14
5.14
2.34
2.35
5.53
5.56
1.99
5.78
6.00
6.12
6.21
2.53
5.67
6.00
1.78
1.21
5.79
5.74
5.31
5.48
5.58
5.53
5.49
2.11
5.38
1.49
2.31
0.75
0.77
1.58
1.44
1.40
5.15
1.92
2.02
3.29
3.59
5.05
3.86
3.76
3.68
2.37
3.53
2.11
2.09
3.42
1.07
81.83
2.07
3.63
3.73
3.81
4.06
2.44
1.18
1.17
1.17
0.97
2.13
2.19
1.88
3.61
3.59
1.82
1.82
3.49
2.01
3.44
1.40
1.40
1.55
1.57
3.31
3.29
3.27
3.25
2.46
3.21
3.20
3.19
0.83
0.80
3.15
1.77
3.14
1.29
3.12
3.12
3.11
3.11
3.10
3.10
3.10
3.11
3.09
3.10
3.14
3.29
3.30
-0.307000 -0.059000 1.533923
