1 180
1.52
1.42
1.55
3.02
3.03
3.03
3.02
1.57
1.58
3.06
3.07
1.31
1.23
1.17
1.20
1.09
1.08
1.12
1.12
1.13
1.14
1.14
1.15
1.15
1.17
1.17
1.18
1.20
1.21
1.21
1.23
1.24
1.26
1.27
1.29
1.29
1.31
1.30
1.17
1.19
1.21
1.22
1.25
1.27
1.29
1.32
1.33
4.24
4.17
4.11
4.06
4.01
3.97
3.91
3.87
3.83
3.79
3.75
3.72
3.68
3.65
3.62
3.58
3.56
3.54
3.51
3.48
3.46
3.44
3.42
3.40
3.38
3.37
3.35
3.34
3.32
3.31
2.99
3.08
3.29
3.28
3.27
3.27
3.26
3.26
3.26
3.13
3.26
3.26
3.26
3.26
3.27
3.27
3.27
3.28
3.29
3.30
3.30
3.31
3.32
3.34
3.35
3.37
3.38
1.88
1.78
1.69
1.60
1.53
1.47
1.40
1.36
1.31
1.26
1.21
1.17
1.13
1.11
1.07
1.04
1.01
0.99
0.96
0.94
0.91
0.89
0.87
0.85
0.84
0.82
0.81
0.80
0.79
0.77
0.76
0.74
0.73
0.72
0.71
0.71
0.70
0.69
0.68
0.68
0.67
0.66
0.65
0.65
0.64
0.63
0.62
0.62
0.62
0.61
0.60
0.60
0.60
0.59
0.59
0.58
0.58
0.58
0.57
0.57
0.57
0.57
0.57
0.57
0.57
0.57
0.57
0.56
0.57
0.56
0.56
0.56
0.56
0.55
0.55
0.56
2.586000 -2.032000 0.046706
