1 180
3.87
3.92
3.93
3.97
4.02
4.05
4.10
4.15
4.20
4.25
4.31
4.36
4.43
4.50
4.56
4.67
4.70
4.78
4.86
4.93
5.02
5.11
5.21
5.32
1.54
1.52
1.50
1.49
1.48
1.46
1.46
1.44
1.44
1.43
1.44
1.51
1.60
1.72
1.84
2.02
2.01
2.00
1.99
1.98
1.96
1.95
1.94
1.93
1.91
1.88
1.88
1.86
1.90
1.98
1.97
1.97
1.96
1.95
1.95
1.94
1.94
1.94
1.94
1.95
1.94
1.94
1.94
1.94
1.95
1.95
1.95
1.96
1.97
1.97
1.98
1.99
1.99
2.00
2.01
2.01
2.01
2.03
2.04
2.05
2.06
2.08
2.09
2.11
2.13
2.14
2.16
2.18
2.20
2.22
2.24
2.27
2.30
2.32
2.35
2.38
2.40
2.38
2.33
2.33
2.37
2.43
2.47
2.51
2.55
2.59
2.64
2.68
2.73
2.79
2.85
2.91
2.97
3.03
3.11
3.18
3.26
3.35
3.43
3.53
3.63
3.74
3.86
3.99
4.12
4.27
4.44
4.62
4.81
5.04
5.30
5.42
5.39
5.36
6.55
6.98
7.47
7.32
8.65
8.46
10.27
10.26
10.76
81.83
16.91
16.72
17.96
6.20
6.19
6.19
6.20
6.19
6.20
6.20
6.20
4.29
3.62
3.09
2.74
2.45
2.19
2.00
1.83
1.70
1.58
1.49
1.42
1.30
1.23
1.16
1.10
1.04
0.99
0.96
0.91
0.87
5.556000 -8.075000 0.796460
