1 180
4.66
4.68
4.68
4.69
4.72
4.74
4.76
2.57
81.83
81.83
81.83
81.83
81.83
81.83
81.83
1.74
81.83
81.83
81.83
81.83
81.83
81.83
81.83
81.83
81.83
81.83
81.83
1.13
1.09
1.08
1.04
1.03
1.00
0.98
0.98
0.96
0.95
0.88
2.14
2.12
2.10
2.10
1.99
2.04
0.96
1.19
2.05
2.04
2.04
2.02
2.03
2.22
2.56
2.83
2.84
2.83
2.83
1.28
2.82
2.83
2.82
2.82
2.83
2.83
2.83
2.21
2.83
2.83
2.81
2.83
2.84
2.84
2.86
2.87
2.44
2.31
2.22
2.21
2.22
2.24
2.25
2.25
2.29
2.24
2.29
2.31
2.32
2.34
3.11
3.13
3.16
3.18
3.18
2.99
3.27
2.56
3.32
3.37
3.41
3.43
3.48
2.24
3.56
3.60
3.65
3.58
3.43
2.38
2.54
3.08
2.97
2.59
2.38
2.30
2.21
2.17
2.19
2.21
2.23
2.25
2.26
2.21
2.16
1.18
1.09
2.03
2.00
1.96
1.93
1.89
1.87
1.83
1.81
1.31
1.55
1.73
1.71
1.69
1.67
1.65
1.62
1.61
1.59
1.57
1.56
1.55
1.54
1.53
1.51
1.50
1.50
1.56
1.63
1.71
1.71
4.88
4.85
2.67
2.66
2.64
2.64
2.80
3.07
2.68
2.68
3.01
3.46
5.49
6.63
8.22
10.71
14.48
14.47
14.42
14.36
6.05
4.86
4.87
4.44
3.82
-43.610001 -11.040999 -2.331612
