1 180
1.37
1.33
1.27
1.22
1.18
1.15
1.12
1.07
1.08
1.45
1.46
1.48
1.50
1.52
1.54
1.56
1.58
1.60
1.62
1.64
1.68
1.71
1.74
1.76
1.79
1.83
1.86
1.91
1.90
1.87
1.85
1.82
1.80
1.78
1.76
1.77
2.37
2.45
2.52
2.60
2.70
2.69
2.66
2.65
2.62
2.61
2.61
3.45
3.42
3.41
3.39
3.39
3.41
3.40
3.39
3.37
3.36
3.35
3.34
3.33
3.32
3.31
3.31
3.30
3.29
3.26
3.37
3.39
3.38
3.38
3.38
3.38
3.38
3.38
3.40
3.40
3.42
3.42
3.44
3.45
3.46
3.36
3.40
3.42
3.44
2.00
1.90
1.82
1.74
1.67
1.61
1.54
1.48
1.44
1.39
1.35
1.30
1.26
1.22
1.18
1.16
1.13
1.10
1.07
1.05
1.02
0.99
0.97
0.96
0.94
0.91
0.89
0.88
0.87
0.85
0.84
0.82
0.82
0.81
0.79
0.78
0.76
0.76
0.75
0.74
0.72
0.72
0.72
0.71
0.71
0.70
0.69
0.68
0.68
0.68
0.67
0.67
0.66
0.66
0.66
0.65
0.65
0.65
0.64
0.64
0.63
0.63
0.63
0.63
0.63
0.63
0.63
0.63
0.63
0.64
0.64
0.64
0.64
0.64
0.64
0.63
0.63
0.63
0.63
0.63
0.63
0.63
0.63
0.64
0.64
0.64
0.64
0.65
0.65
0.65
0.66
0.66
0.67
0.67
0.68
9.224000 2.624000 2.648721
