1 180
2.98
2.94
2.90
2.84
2.82
2.82
2.88
2.93
1.63
1.62
1.64
3.24
3.23
3.20
3.16
2.91
3.09
2.22
1.68
2.33
2.37
2.35
2.12
2.01
2.50
2.87
3.11
3.62
13.71
13.18
12.70
4.15
4.14
11.44
11.10
10.75
10.44
10.15
10.06
10.19
81.83
81.83
81.83
81.83
12.91
13.07
14.41
14.61
14.33
14.08
81.83
81.83
81.83
81.83
5.30
5.46
5.36
5.46
81.83
4.45
8.71
8.67
7.29
3.19
3.17
3.14
3.11
3.05
2.95
2.96
2.99
3.00
3.08
4.00
6.42
3.38
10.47
2.10
8.67
3.70
81.83
10.28
81.83
81.83
81.83
81.83
81.83
81.83
81.83
81.83
81.83
81.83
81.83
1.18
1.23
81.83
81.83
1.29
1.18
1.18
81.83
81.83
81.83
1.44
1.33
81.83
1.31
1.29
1.27
1.23
1.23
1.22
1.20
1.18
1.18
1.15
1.14
1.13
1.13
1.11
1.11
1.10
1.09
1.07
1.06
1.07
1.05
1.05
1.04
1.03
1.02
1.01
1.01
1.00
0.99
0.99
0.99
0.98
0.96
0.96
0.95
0.94
0.94
0.95
0.96
0.96
0.96
0.96
0.94
0.95
0.96
0.96
0.96
0.95
0.94
0.94
0.94
0.95
0.95
0.96
0.98
0.99
0.99
1.01
1.01
1.01
1.02
0.98
1.03
1.03
1.03
1.04
1.05
1.06
1.07
1.08
1.08
1.09
1.09
1.10
-2.143000 -0.256000 1.349557
