1 180
0.59
0.59
0.60
0.59
0.60
0.60
0.60
0.60
0.60
0.60
0.60
0.61
0.61
0.61
0.61
0.61
0.61
0.62
0.62
0.62
0.62
0.63
0.63
0.63
0.63
0.64
0.64
0.64
0.65
0.65
0.66
0.66
0.66
0.67
0.67
0.68
0.69
0.70
0.71
0.71
0.72
0.73
0.74
0.75
0.76
0.78
0.79
0.79
0.82
0.83
0.85
0.87
0.88
0.89
0.91
0.93
0.96
0.97
0.99
1.01
1.03
1.07
1.09
1.13
1.16
1.20
1.24
1.28
1.31
1.37
1.42
1.47
1.54
1.60
1.68
1.76
1.85
1.95
2.06
2.19
2.31
4.50
10.19
14.22
7.13
6.80
6.77
6.77
6.69
6.75
81.83
7.55
81.83
13.11
6.00
5.90
81.83
81.83
81.83
81.83
5.24
5.32
5.27
81.83
5.29
81.83
81.83
81.83
81.83
81.83
81.83
81.83
81.83
81.83
4.59
81.83
81.83
81.83
81.83
81.83
81.83
81.83
81.83
81.83
81.83
81.83
81.83
4.01
81.83
81.83
81.83
81.83
81.83
81.83
4.16
4.07
4.02
4.33
4.24
4.18
4.11
4.04
3.98
3.98
4.05
4.14
4.14
4.10
3.76
3.87
3.95
4.41
4.55
4.66
6.26
6.37
6.66
6.77
4.50
4.54
6.63
6.55
5.89
5.84
5.82
6.04
6.34
5.88
6.28
81.83
4.81
4.85
4.87
4.87
4.89
6.10
6.09
6.11
5.70
6.09
3.903000 -1.213000 -0.420354
