1 180
1.55
1.22
1.22
1.08
1.05
1.06
1.05
1.04
1.05
1.04
1.06
1.07
1.07
1.08
1.09
1.10
1.11
1.10
1.12
1.12
1.12
1.14
1.15
1.15
1.15
1.16
1.18
1.18
1.05
1.01
1.06
1.07
1.09
1.09
1.10
1.13
1.15
1.13
1.16
1.20
4.42
4.34
4.27
4.19
4.14
4.06
4.01
3.95
3.90
3.84
3.79
3.74
3.69
3.65
3.61
3.57
3.53
3.49
3.46
3.43
3.40
3.37
3.34
3.31
3.30
3.27
3.24
3.22
3.20
3.18
3.17
3.15
3.14
3.12
3.11
3.09
2.79
2.77
3.07
3.06
3.05
3.05
3.05
3.04
3.04
3.04
2.91
3.04
3.03
3.04
3.04
3.04
3.05
3.05
3.05
3.07
3.07
3.08
3.08
3.09
3.10
3.12
3.13
3.15
3.17
3.17
1.67
1.59
1.53
1.46
1.40
1.35
1.30
1.25
1.20
1.16
1.13
1.09
1.06
1.02
1.00
0.98
0.95
0.93
0.90
0.88
0.87
0.84
0.82
0.81
0.80
0.79
0.77
0.76
0.75
0.73
0.72
0.71
0.71
0.70
0.69
0.68
0.67
0.67
0.66
0.65
0.64
0.64
0.63
0.62
0.62
0.61
0.61
0.60
0.60
0.59
0.59
0.59
0.58
0.58
0.57
0.57
0.57
0.57
0.57
0.57
0.57
0.56
0.56
0.56
0.56
0.56
0.56
0.55
0.55
0.55
0.55
0.55
0.56
0.55
2.819000 -2.021000 0.046706
