1 180
3.60
3.57
3.55
3.53
3.53
3.51
3.50
3.49
3.48
3.46
3.46
3.46
3.45
3.44
3.44
3.44
3.44
3.43
3.43
3.43
2.93
2.68
2.70
2.68
2.69
2.72
2.70
2.31
2.32
2.41
2.18
2.67
2.77
2.80
2.82
2.81
2.84
2.86
2.77
2.71
2.71
2.73
2.83
2.83
3.14
3.87
3.91
3.95
3.99
4.03
4.08
4.14
2.78
2.77
4.29
4.34
2.73
4.27
4.16
4.10
3.95
3.94
3.88
3.76
3.76
3.69
3.62
3.57
3.52
3.46
3.42
3.37
2.54
2.43
2.41
2.38
2.35
2.34
2.31
2.28
2.28
2.34
2.43
81.83
1.51
2.72
2.91
2.91
3.00
2.97
2.96
2.94
2.93
2.88
2.61
2.89
2.88
2.87
2.87
2.85
2.85
2.84
2.83
2.74
2.74
2.74
2.74
2.74
2.74
2.73
2.73
2.73
2.74
2.74
2.75
2.74
2.75
2.76
2.75
2.79
2.48
2.33
2.25
2.25
2.25
2.27
2.29
2.31
2.91
2.92
2.95
2.96
2.99
3.01
3.04
3.06
3.11
3.14
3.17
2.03
2.03
3.10
3.31
3.35
1.94
1.96
3.48
3.48
3.39
3.33
3.26
3.20
3.14
3.09
3.02
2.97
2.92
2.88
2.84
2.20
1.80
1.77
1.75
1.73
1.71
1.69
1.67
1.66
1.64
1.62
1.59
1.60
1.59
1.58
1.56
1.55
1.56
1.54
1.54
1.52
10.333000 2.994000 0.495329
