1 180
1.25
1.25
1.25
1.26
1.25
1.26
1.26
1.25
1.25
1.25
1.25
1.25
1.26
1.26
1.26
1.27
1.27
1.28
1.28
1.29
1.30
1.30
1.31
1.32
1.33
1.34
1.35
1.36
1.37
1.38
1.40
1.40
1.40
1.42
1.44
1.46
1.47
1.49
1.51
1.53
1.54
1.57
1.59
1.62
1.64
1.67
1.70
1.72
1.76
1.78
1.82
1.85
1.89
1.94
1.97
2.01
2.06
2.12
2.17
2.24
2.30
2.38
2.45
2.53
2.63
2.73
2.83
2.96
3.08
3.24
3.43
3.64
3.88
4.18
4.53
5.04
5.79
10.84
10.79
10.73
10.67
10.64
10.59
7.91
7.90
7.86
7.83
7.82
7.81
7.77
7.80
7.78
7.78
7.77
7.77
7.77
7.77
7.78
7.79
6.26
5.18
4.46
3.85
3.43
3.13
2.79
2.55
2.35
2.20
2.06
1.93
1.94
1.96
1.96
1.98
2.00
2.01
2.02
2.32
2.34
2.36
2.39
2.41
2.42
2.43
4.13
4.09
0.94
0.91
0.89
0.86
0.84
0.82
0.81
0.79
0.76
0.75
0.75
0.73
0.71
0.71
0.69
0.69
0.68
0.67
0.65
0.65
0.64
0.63
0.62
0.62
0.61
0.60
0.60
0.59
0.59
0.58
0.56
0.56
0.56
0.56
0.56
0.55
0.55
0.54
0.55
0.54
0.54
0.54
0.54
0.54
0.53
0.53
0.53
0.53
0.53
0.53
0.53
0.53
0.53
10.738001 -1.028000 -0.856686
