1 180
1.47
1.47
1.47
1.47
1.47
1.47
1.47
1.47
1.47
1.48
1.48
1.49
1.49
1.49
1.50
1.50
1.51
1.52
1.52
1.52
1.54
1.55
1.55
1.56
1.56
1.58
1.59
1.61
1.62
1.64
1.65
1.66
1.67
1.69
1.71
1.73
1.75
1.77
1.79
1.81
1.84
1.87
1.88
1.92
1.95
1.97
2.00
2.03
2.07
2.11
2.15
2.20
2.23
2.28
2.33
2.38
2.43
2.48
2.56
2.62
2.70
2.77
2.84
5.36
5.38
4.19
81.83
81.83
4.68
4.66
4.91
81.83
81.83
11.57
14.80
11.51
7.46
7.11
7.07
6.98
7.00
7.08
10.68
7.82
6.22
81.83
81.83
81.83
81.83
5.35
5.45
81.83
81.83
81.83
81.83
81.83
81.83
81.83
81.83
81.83
81.83
4.54
81.83
81.83
81.83
81.83
81.83
81.83
81.83
81.83
81.83
81.83
3.73
3.78
3.80
3.82
3.86
3.89
3.92
3.96
3.91
3.75
3.63
3.85
3.89
3.87
3.75
3.65
3.57
3.49
3.50
3.56
3.59
3.65
3.57
3.24
3.28
3.35
3.41
3.83
3.80
3.89
3.98
4.05
4.28
5.44
5.58
5.66
3.84
3.80
3.88
6.04
5.98
5.93
5.86
5.29
5.12
5.09
5.19
5.39
5.58
5.54
5.51
4.02
4.00
4.03
0.70
0.68
0.68
0.68
0.68
0.68
0.68
0.67
0.67
0.66
0.66
0.67
0.67
0.66
-2.528000 -4.492000 1.628564
