1 180
1.85
1.87
1.89
1.91
1.93
1.96
1.98
2.00
2.04
2.06
2.09
2.13
2.14
2.15
2.17
2.16
2.15
2.11
2.08
1.85
1.89
1.93
1.86
1.83
1.77
1.69
1.63
1.59
1.55
1.50
1.21
1.17
1.17
1.13
0.99
1.00
1.16
1.21
1.24
1.24
1.26
1.26
1.28
1.29
1.31
1.33
1.36
1.37
1.40
81.83
81.83
81.83
81.83
81.83
81.83
81.83
81.83
81.83
81.83
1.73
81.83
81.83
81.83
81.83
81.83
81.83
81.83
81.83
81.83
2.60
4.64
4.61
3.97
4.24
4.55
4.53
4.51
4.51
4.75
5.71
6.15
5.77
6.63
10.51
13.75
17.67
17.65
9.16
7.94
6.62
6.64
6.64
6.65
6.52
5.61
5.15
5.18
6.59
6.60
6.62
6.64
6.67
6.70
2.48
2.37
2.25
2.13
2.03
1.94
1.86
1.79
1.73
1.67
1.60
1.55
1.50
1.45
1.39
1.36
1.31
1.28
1.25
1.23
1.20
1.16
1.13
1.11
1.10
1.07
1.05
1.03
1.01
1.00
0.98
0.96
0.94
0.93
0.91
0.90
0.91
0.93
0.95
0.97
0.99
1.02
1.05
1.09
1.11
1.14
1.18
1.23
1.27
1.32
1.36
1.42
1.47
1.53
1.60
1.67
1.76
1.85
1.95
2.08
2.22
2.38
2.58
2.82
3.10
3.44
3.85
4.37
5.07
5.97
7.31
12.21
81.83
81.83
81.83
81.83
81.83
-45.919998 -8.802000 -0.604720
