1 180
1.08
1.09
1.10
1.11
1.12
1.14
1.14
1.15
1.17
1.19
1.20
1.22
1.22
1.25
1.27
1.28
1.30
1.32
1.34
1.36
1.38
1.40
1.43
1.46
1.48
1.52
1.56
1.57
1.63
1.66
1.71
1.76
1.81
1.87
1.93
1.99
2.06
2.13
2.21
2.30
2.40
2.49
2.62
2.77
2.94
3.15
3.40
2.40
3.33
3.32
3.32
2.90
3.30
3.31
3.31
3.31
3.31
3.31
3.32
3.38
8.46
8.42
8.38
8.34
8.32
8.29
8.26
8.25
8.22
8.20
8.19
8.17
8.17
8.16
8.14
8.51
9.31
11.67
11.35
12.16
12.72
11.97
11.96
7.48
6.60
5.91
5.83
5.86
5.92
4.37
4.07
3.80
3.59
3.37
3.19
3.04
2.90
2.78
2.65
2.55
2.44
2.36
2.30
2.21
2.14
2.06
1.99
1.93
1.88
1.82
1.78
1.73
1.68
1.64
1.60
1.58
1.54
1.50
1.48
1.45
1.42
1.40
1.38
1.36
1.33
1.32
1.34
1.28
1.26
1.23
1.23
1.22
1.20
1.19
1.17
1.16
1.15
1.14
1.14
1.13
1.11
1.11
1.10
1.09
1.08
1.08
1.07
1.06
1.07
1.05
1.05
1.04
1.05
1.04
1.04
1.04
1.03
1.03
1.04
1.03
1.03
1.02
1.02
1.02
1.02
1.01
1.02
1.02
1.02
1.02
1.02
1.03
1.02
1.03
1.03
1.03
1.04
1.04
1.04
1.05
6.933000 3.188000 0.267945
