1 180
0.79
0.79
0.80
0.79
0.81
0.81
0.81
0.82
0.83
0.83
0.84
0.84
0.85
0.85
0.86
0.87
0.87
0.89
0.90
0.91
0.91
0.92
0.93
0.94
0.96
0.97
0.99
1.00
1.02
1.04
1.06
1.08
1.10
1.11
1.14
1.17
1.20
3.33
3.39
3.51
3.51
3.49
3.45
3.43
3.41
3.39
3.37
3.35
3.34
3.32
3.29
3.06
3.26
3.25
3.24
3.22
3.21
3.20
3.19
3.18
3.17
2.06
1.75
1.63
1.52
1.46
1.47
1.48
1.49
1.49
1.50
1.50
1.52
1.53
1.55
1.55
1.57
1.58
1.59
1.61
1.63
1.85
1.86
1.88
1.91
1.93
1.88
1.84
1.79
1.30
1.31
1.33
1.35
1.38
1.40
1.42
1.45
1.48
1.51
1.49
1.46
1.44
1.42
1.40
1.38
1.37
1.35
1.33
1.31
1.30
1.28
0.97
0.92
0.90
0.95
0.97
1.03
1.06
1.11
1.17
1.25
3.18
3.17
2.83
2.88
3.11
3.11
3.09
3.08
3.07
3.06
3.04
3.04
3.03
3.01
3.01
3.00
3.00
3.01
3.01
3.01
3.01
2.72
2.76
3.00
3.00
3.01
3.02
3.03
3.04
3.05
3.06
3.08
3.09
3.11
3.12
3.14
3.13
2.94
2.87
2.78
2.67
2.55
2.45
2.36
2.28
2.16
2.12
2.14
2.15
2.11
2.04
2.00
1.94
1.89
1.84
1.80
1.76
1.72
1.69
-46.415001 -22.906000 3.109636
