1 180
0.79
0.79
0.80
0.80
0.79
0.79
0.79
0.78
0.78
0.77
0.77
0.76
0.78
0.78
0.80
0.81
0.81
0.82
0.83
0.84
0.83
0.85
0.85
0.86
2.56
2.62
2.83
2.92
3.67
3.26
3.78
3.85
3.05
3.17
4.06
4.13
4.20
4.09
2.81
2.85
3.80
3.71
3.64
3.02
3.49
3.38
3.36
3.30
3.24
3.19
3.14
3.09
3.03
3.00
2.95
2.91
2.80
2.83
2.81
2.77
2.74
2.70
1.92
2.34
2.63
2.60
2.19
2.54
2.53
2.51
2.49
2.47
2.46
2.44
2.42
2.41
2.43
2.60
2.66
3.61
3.57
3.58
3.59
3.97
3.61
3.75
4.26
6.15
7.22
8.69
10.93
11.75
15.50
15.26
6.18
5.78
4.73
4.47
4.50
4.51
4.51
4.52
4.52
4.33
3.93
3.58
3.31
3.03
3.04
3.05
3.08
4.54
4.56
4.59
4.61
4.64
4.67
4.71
4.74
4.79
4.83
4.86
4.70
4.55
4.42
4.30
4.19
4.07
3.94
3.86
3.77
3.68
3.61
3.53
3.45
3.39
3.33
3.26
3.21
2.91
2.85
2.82
2.78
2.76
2.72
2.69
2.66
2.75
2.76
2.72
2.70
2.66
2.63
2.61
2.59
2.56
2.53
2.52
2.50
2.48
2.46
2.44
2.43
2.40
0.76
0.76
0.75
0.75
0.75
0.74
0.74
0.73
0.73
0.73
0.73
0.72
0.72
0.72
0.72
0.72
-44.242001 -10.276000 -0.819813
