1 180
0.97
0.97
0.96
0.96
0.97
0.96
0.97
0.97
0.97
0.98
0.98
0.99
0.99
0.99
1.00
1.01
1.02
1.02
1.02
1.02
1.04
1.04
1.05
1.06
1.07
1.09
1.10
1.11
1.13
1.14
1.14
1.15
1.17
1.18
1.20
1.22
1.23
1.26
1.27
1.29
1.32
1.35
1.37
1.39
1.42
1.45
1.47
1.51
1.55
1.57
1.61
1.65
1.70
1.74
1.79
1.84
1.90
1.96
2.02
2.07
2.17
2.26
2.36
2.47
2.57
2.70
7.52
7.44
7.36
7.29
7.22
7.16
7.11
7.06
7.00
6.95
6.91
6.85
6.81
6.38
6.74
6.71
3.99
3.97
3.95
3.94
3.92
3.90
3.90
3.88
3.88
3.87
3.87
3.86
3.86
3.87
3.86
3.86
3.86
3.86
3.86
3.86
3.87
3.87
3.88
3.89
3.90
3.91
3.92
3.94
3.95
3.96
3.98
4.03
4.12
4.14
4.17
4.31
3.00
2.88
2.76
2.65
2.54
2.45
2.36
2.30
2.22
2.15
2.09
2.01
1.97
1.91
1.88
1.82
1.77
1.72
1.70
1.65
1.63
1.59
1.56
1.53
1.49
1.47
1.45
1.43
1.40
1.38
1.36
1.34
1.33
1.31
1.29
1.28
1.28
1.26
1.24
1.23
1.22
1.22
1.20
1.18
1.19
1.16
1.20
1.23
1.15
1.14
1.13
1.13
1.12
1.11
1.12
1.11
1.11
1.10
1.10
1.10
1.10
1.10
8.516000 -7.213000 -2.048918
