1 180
4.08
4.08
4.08
4.07
3.28
2.39
1.97
1.66
1.46
1.28
1.15
1.04
0.93
0.85
0.78
0.73
0.72
0.71
0.72
0.73
0.73
0.74
0.75
0.75
0.75
0.75
0.75
0.75
0.77
0.78
0.78
0.79
0.80
0.80
0.79
0.81
0.81
5.03
5.09
5.15
4.22
3.29
5.38
81.83
81.83
3.51
3.46
3.43
3.39
3.38
3.40
2.98
5.02
3.36
1.83
1.79
1.77
1.74
1.70
1.72
1.61
1.59
1.56
1.56
1.55
1.55
1.63
1.71
1.77
1.86
1.96
2.04
2.14
2.25
2.39
2.53
2.70
2.89
3.09
3.35
3.65
4.02
4.47
5.02
5.71
6.84
20.85
21.42
20.83
17.16
17.15
14.55
14.38
14.45
8.51
6.86
5.68
6.95
4.54
3.37
3.02
2.73
2.49
2.30
2.13
1.97
1.84
1.73
1.63
1.55
1.47
1.40
1.34
1.28
1.24
1.18
1.14
1.11
1.06
1.03
1.00
0.97
0.94
0.91
0.87
0.86
0.84
0.82
0.80
0.78
0.78
0.75
0.74
0.73
0.71
0.70
0.69
0.69
0.69
0.67
0.66
0.65
0.64
0.63
0.62
0.62
0.60
0.60
0.59
0.58
0.58
0.57
0.57
0.56
0.55
0.55
0.55
0.54
0.54
0.53
0.53
0.52
0.52
0.52
0.51
0.51
0.51
0.50
0.51
0.56
0.60
0.67
0.74
0.84
2.39
2.38
2.38
2.38
2.39
2.40
-14.616000 19.181000 -2.657325
