1 180
8.01
7.95
2.96
3.64
7.69
3.53
7.55
7.52
4.10
3.12
7.30
2.93
3.14
3.14
7.16
2.61
5.56
5.38
5.36
3.16
3.66
3.29
5.66
6.03
5.82
5.71
1.04
5.45
1.86
3.68
5.13
5.03
4.93
4.86
4.78
2.26
4.62
4.56
4.49
1.34
1.54
1.65
4.25
4.21
4.16
2.08
4.07
4.02
3.99
4.02
2.15
0.76
0.77
2.17
3.96
3.94
3.92
2.57
3.86
1.13
3.82
3.81
3.79
3.77
3.75
3.75
1.34
1.24
1.16
3.69
1.93
1.95
2.18
3.65
1.61
3.65
1.69
3.50
3.45
3.45
3.45
3.46
2.28
3.47
3.48
3.48
3.49
3.50
1.09
1.02
3.54
3.55
3.56
3.58
3.59
3.62
3.63
3.65
3.68
3.70
3.72
3.75
3.77
3.81
3.84
3.88
3.90
3.94
3.98
4.02
4.06
4.11
1.96
2.17
4.23
4.30
4.36
4.42
4.45
4.54
4.61
4.69
2.13
4.84
2.32
2.56
2.52
2.56
2.94
2.92
1.85
1.76
1.84
5.37
5.39
3.83
5.42
3.47
5.48
4.11
5.18
5.55
1.55
1.58
5.65
5.70
1.28
1.62
5.81
5.86
5.92
5.97
6.02
6.08
3.74
6.20
6.27
6.34
3.81
3.64
3.66
4.78
4.12
1.72
3.48
5.35
5.32
1.73
1.36
3.16
3.18
5.24
5.13
2.03
2.03
1.90
1.81
2.27
4.78
3.87
-0.214000 -2.202000 -3.050639
