1 180
0.66
0.66
0.65
0.65
0.65
0.66
0.66
0.66
0.66
0.67
0.67
0.68
0.68
0.69
0.69
0.70
0.70
0.71
0.71
0.72
0.73
0.73
0.74
0.75
0.75
0.76
0.77
0.78
0.79
0.80
0.81
0.82
0.83
0.84
0.85
0.86
0.88
0.90
0.91
0.93
0.94
0.97
0.98
1.01
1.03
1.06
1.08
1.11
1.13
1.16
1.20
1.22
1.27
1.31
1.35
1.40
1.45
1.51
1.57
1.63
1.69
1.77
1.86
1.96
2.09
2.23
2.41
2.65
2.91
3.27
3.85
5.07
11.27
11.24
11.22
8.59
8.57
8.56
8.54
8.53
8.53
8.53
8.53
8.54
8.54
8.55
8.56
8.56
8.58
8.61
7.46
6.69
6.07
5.58
5.19
4.79
4.47
4.20
3.95
3.73
3.53
3.37
3.22
3.07
2.95
2.87
2.89
2.92
2.94
2.95
3.14
3.32
3.34
3.39
3.41
5.11
5.16
1.94
1.90
1.84
1.80
1.76
1.73
1.68
1.65
1.62
1.60
1.56
1.54
1.51
1.48
1.47
1.44
1.42
1.40
1.38
1.37
1.35
1.34
1.32
1.31
1.30
1.28
1.26
1.26
1.25
1.24
1.23
1.23
1.22
1.22
1.21
1.19
1.21
1.17
1.17
1.17
1.16
1.16
1.16
1.16
1.15
1.15
1.15
1.14
1.14
1.14
1.14
1.14
1.14
1.14
1.14
1.14
1.13
1.14
1.13
1.14
1.15
1.15
1.15
9.014000 -2.711000 -1.206981
