1 180
4.77
4.86
4.96
1.36
5.18
5.27
5.38
5.51
5.65
1.96
1.96
6.16
6.26
1.91
1.90
6.36
6.81
2.32
2.30
1.12
1.12
3.69
3.70
5.37
7.19
5.14
7.37
3.40
3.37
7.55
7.63
7.73
7.82
7.91
6.27
6.26
3.45
3.05
3.05
5.48
7.44
7.23
7.15
3.59
7.10
3.65
81.83
81.83
3.96
3.97
5.37
5.36
81.83
81.83
4.48
3.62
3.70
6.20
6.20
81.83
81.83
81.83
81.83
81.83
81.83
81.83
81.83
81.83
81.83
3.44
3.45
81.83
81.83
81.83
81.83
81.83
81.83
2.83
2.83
81.83
81.83
81.83
20.60
20.57
20.55
20.54
16.08
16.09
1.09
1.08
6.40
6.40
1.51
1.52
1.86
1.83
1.82
1.72
1.59
1.56
1.55
1.56
1.58
1.59
1.60
1.60
1.61
1.62
1.63
1.64
1.65
1.63
1.64
1.15
1.07
1.70
4.02
4.03
4.04
4.04
4.05
4.05
4.07
4.07
4.08
4.09
4.11
7.23
7.32
4.58
4.55
3.91
3.87
7.49
7.48
7.54
6.69
6.28
6.14
5.96
5.84
5.80
5.80
5.96
6.13
6.32
6.49
2.01
2.01
2.01
1.89
1.89
81.83
81.83
81.83
81.83
81.83
81.83
81.83
81.83
81.83
81.83
81.83
2.35
2.34
2.35
2.41
2.41
81.83
2.48
81.83
81.83
81.83
81.83
81.83
81.83
81.83
81.83
3.28
3.27
-0.237000 -0.199000 -0.782940
