1 180
1.04
1.04
1.05
1.03
1.03
1.03
1.04
1.05
1.04
1.05
1.04
1.06
1.05
1.06
1.07
1.08
1.08
1.08
1.09
1.09
1.10
1.11
1.12
1.12
1.13
1.14
1.15
1.17
1.18
1.19
1.20
1.21
1.22
1.25
1.25
1.28
1.30
1.31
1.32
1.34
1.36
1.39
1.41
1.43
1.45
1.48
1.51
1.54
1.57
1.61
1.65
1.69
1.73
1.77
1.81
1.87
1.92
1.98
2.04
2.10
2.19
2.27
2.37
2.46
2.57
2.69
2.82
2.98
3.18
3.42
3.69
4.21
8.55
8.57
8.18
8.64
8.73
13.68
13.67
13.65
13.64
13.64
14.62
17.18
16.79
18.17
17.47
3.71
2.80
2.51
2.20
1.94
1.75
1.60
1.46
1.36
1.27
1.19
1.10
1.04
0.97
0.92
0.87
0.83
0.78
0.75
0.71
0.69
0.66
0.63
0.62
0.58
0.58
0.55
0.54
0.53
0.52
0.50
0.49
0.47
0.46
0.45
0.44
0.44
0.43
0.42
0.42
0.41
0.41
0.40
0.39
0.39
0.38
0.38
0.38
0.37
0.36
0.36
0.36
0.35
0.34
0.35
0.34
0.34
0.33
0.33
0.32
0.32
0.32
0.31
0.32
0.31
0.31
0.30
0.30
0.30
0.30
0.30
0.30
0.29
0.30
0.29
0.29
0.29
0.30
0.30
0.31
0.30
0.29
0.30
0.30
0.30
0.31
0.30
0.30
0.30
0.30
0.30
0.30
0.31
1.463000 1.751000 0.556785
