1 180
1.17
1.18
1.19
1.20
1.19
1.19
1.17
1.16
1.15
1.14
1.14
1.13
1.12
1.12
1.11
1.10
1.09
1.09
1.08
1.07
1.06
1.06
1.06
1.05
1.05
1.05
1.05
1.04
1.04
1.03
1.03
1.03
1.03
1.03
1.03
1.03
1.03
1.03
1.03
1.04
1.03
1.04
1.04
1.04
1.04
1.05
1.05
1.05
1.05
1.06
1.06
1.07
1.08
1.08
1.09
1.10
1.11
1.12
1.12
0.99
1.02
1.15
1.17
1.17
1.18
1.19
1.20
1.22
1.24
1.25
1.27
1.29
1.30
0.69
0.67
0.68
0.72
1.40
1.42
1.44
1.47
1.50
1.52
1.56
1.58
1.61
1.65
1.68
1.55
1.52
1.50
1.48
1.46
1.45
1.44
1.42
1.40
1.39
1.37
1.36
1.35
1.35
1.38
1.44
1.50
1.57
1.64
1.73
1.82
1.89
1.89
1.88
1.86
1.86
1.85
1.85
1.85
1.84
1.45
0.98
0.97
1.41
1.29
1.18
1.06
0.87
0.86
0.86
0.86
0.97
0.95
0.95
0.98
0.99
1.00
1.05
1.08
1.24
1.84
1.87
1.88
1.89
1.90
1.90
1.91
1.40
1.00
1.01
1.97
1.97
1.99
1.94
1.88
1.81
1.76
1.71
1.64
1.60
1.56
1.51
1.47
1.44
1.40
1.37
1.33
1.31
1.28
0.94
0.83
0.83
0.88
0.89
0.91
0.93
0.94
0.97
0.99
1.01
1.04
1.06
5.514000 -2.629000 -0.309735
