1 180
0.73
0.72
0.71
0.71
0.70
0.69
0.69
0.68
0.68
0.68
0.67
0.66
0.66
0.66
0.65
0.65
0.65
0.64
0.64
0.64
0.63
0.63
0.63
0.62
0.62
0.62
0.62
0.62
0.62
0.61
0.61
0.62
0.60
0.61
0.61
0.62
0.62
0.62
0.62
0.62
0.62
0.63
0.62
0.63
0.63
0.64
0.64
0.64
0.64
0.65
0.65
0.66
0.66
0.67
0.67
0.68
0.68
0.69
0.69
0.70
0.71
0.71
0.72
0.73
0.74
0.74
0.75
0.76
0.77
0.78
0.79
0.80
0.82
0.82
0.83
0.85
0.86
0.88
0.90
0.91
0.93
0.95
0.98
1.00
1.02
1.05
1.07
1.09
1.12
1.16
1.18
1.21
1.26
1.29
1.34
1.38
1.43
1.63
2.63
2.63
2.60
2.58
2.57
2.56
2.55
2.54
2.54
2.52
2.51
2.50
2.50
2.50
2.49
2.48
2.48
2.48
2.48
2.48
2.48
2.48
2.48
2.49
2.50
2.51
2.51
2.52
2.53
2.54
2.55
2.56
2.57
2.58
2.59
2.61
2.63
2.65
2.66
2.68
2.69
2.72
2.74
2.76
2.79
2.81
2.84
2.88
2.91
2.95
2.99
3.03
3.08
3.12
3.17
3.22
3.26
3.33
3.39
3.44
3.51
3.59
3.65
3.74
0.79
0.76
0.75
0.72
0.72
0.70
0.70
0.68
0.68
0.67
0.66
0.65
0.64
0.62
0.61
0.61
0.59
0.63
1.451000 1.676000 -0.113078
