1 180
2.17
2.23
2.29
2.36
2.33
2.31
2.28
2.26
2.24
2.23
2.21
2.19
2.19
2.16
2.12
2.24
2.24
2.24
2.22
2.19
2.18
2.15
2.12
2.12
2.17
2.38
2.76
2.76
2.76
1.49
1.47
2.74
2.75
2.74
2.74
2.75
2.76
2.75
2.75
2.76
2.77
2.77
2.78
2.79
2.79
2.79
2.80
2.81
2.83
2.84
2.85
2.87
2.88
2.89
2.91
2.93
2.95
2.97
3.00
3.02
2.95
1.91
1.67
1.61
1.56
1.55
1.57
1.58
1.24
1.21
1.19
1.17
1.13
1.10
1.08
1.06
1.04
1.02
1.00
0.97
0.94
0.99
1.00
1.02
1.05
1.06
1.09
1.11
1.14
1.17
1.20
1.23
1.27
1.31
1.28
1.30
1.36
1.38
1.43
1.45
6.70
6.94
7.22
7.55
8.84
8.79
8.77
9.19
9.73
10.34
11.04
11.82
12.77
16.73
16.65
16.80
81.83
4.06
3.46
3.02
2.95
2.95
2.96
2.97
2.99
3.02
3.62
3.62
3.59
3.59
3.64
3.73
3.74
3.75
3.77
3.79
3.79
3.81
3.83
3.84
3.87
3.88
3.89
3.92
3.94
3.97
3.99
4.02
4.04
4.08
4.12
4.15
4.19
4.23
4.27
4.22
4.21
4.25
4.33
4.38
4.43
4.48
4.54
4.61
1.82
1.74
1.76
1.73
1.69
1.66
1.62
1.65
1.66
1.63
1.60
1.58
1.55
1.52
1.51
1.49
4.175000 -9.477000 -0.100787
