1 180
3.77
3.67
3.59
3.50
3.42
3.34
3.27
3.20
3.14
3.08
3.02
2.97
2.92
2.88
2.83
2.78
2.74
2.70
2.66
2.63
2.59
2.56
2.54
2.50
2.48
2.45
2.42
2.40
2.37
2.36
2.34
2.35
2.37
2.42
2.47
2.53
2.58
2.63
2.69
2.77
2.84
2.91
2.99
3.08
3.16
3.26
3.36
3.48
3.62
3.77
3.94
4.13
4.34
4.62
4.90
5.28
5.75
6.46
7.67
19.49
20.65
24.09
23.38
81.83
17.20
8.79
7.88
7.12
6.51
6.00
5.55
5.16
4.84
4.56
4.30
4.02
4.03
4.06
6.59
6.63
6.67
3.09
3.00
2.90
2.92
2.95
2.97
3.01
3.04
3.07
3.11
3.14
3.19
3.23
3.27
3.31
3.36
3.41
3.45
3.51
3.56
3.62
3.68
3.75
3.81
3.89
3.96
4.04
4.13
4.22
4.32
4.43
4.53
4.64
4.77
4.90
5.02
5.18
5.29
2.11
2.09
2.07
2.05
2.04
2.02
1.39
0.93
0.92
0.92
0.92
0.92
0.91
0.91
0.90
0.89
0.89
0.87
0.86
0.87
0.87
0.88
1.13
2.15
2.16
2.15
2.15
2.15
2.15
2.15
2.15
2.14
2.15
2.15
2.13
2.13
2.16
2.18
2.19
2.20
2.20
3.48
3.51
3.55
3.40
3.36
3.46
3.46
4.60
4.38
4.23
4.25
4.29
4.31
4.34
4.66
4.46
4.48
4.53
4.56
4.60
6.928000 2.213000 -0.832104
