1 180
0.65
0.65
0.64
0.64
0.64
0.63
0.63
0.63
0.63
0.63
0.63
0.63
0.63
0.63
0.63
0.64
0.62
0.63
0.63
0.62
0.64
0.63
0.63
0.63
0.64
0.63
0.64
0.63
0.64
0.64
0.64
0.64
0.64
0.65
0.66
0.66
0.67
0.67
0.68
0.68
0.69
0.71
0.71
0.71
0.71
0.73
0.73
0.74
0.76
0.78
0.78
0.79
0.79
0.83
0.84
0.84
0.86
0.87
0.89
0.92
0.92
0.93
0.96
0.98
1.00
1.03
1.05
1.08
1.12
1.15
1.18
1.21
1.26
1.29
1.34
1.39
1.45
1.51
1.57
1.64
1.72
1.80
1.97
2.52
6.46
6.42
6.39
6.36
6.33
6.31
5.51
5.45
5.44
5.47
5.45
6.21
6.28
6.27
6.26
4.93
4.91
4.91
4.90
4.92
6.18
6.17
5.49
5.51
5.54
5.56
6.11
1.86
1.79
1.79
1.80
1.80
1.81
1.82
1.83
1.83
1.84
1.85
1.86
1.87
1.89
1.91
1.91
1.92
1.93
1.95
1.97
1.99
2.01
2.04
2.06
2.07
2.11
2.14
2.17
2.20
2.23
2.27
2.29
2.34
2.37
2.40
2.45
2.48
2.54
2.58
2.63
2.69
2.75
2.81
2.88
2.95
3.03
3.11
3.19
3.27
3.37
3.48
3.56
3.68
3.80
3.95
4.09
4.26
4.43
4.60
4.80
5.01
5.27
5.69
6.62
6.57
6.58
7.00
7.50
8.06
6.264000 -9.958000 -0.721485
