1 180
1.75
1.76
1.79
1.80
1.82
1.84
1.86
1.89
1.92
1.95
1.98
2.01
2.05
2.08
2.11
4.04
4.75
5.10
5.13
3.85
5.17
5.00
4.79
4.61
3.72
4.65
4.70
81.83
3.89
3.86
4.11
4.10
81.83
81.83
81.83
81.83
13.51
13.81
14.07
13.99
6.28
6.25
6.21
6.13
6.15
6.20
13.52
13.46
5.33
5.35
81.83
5.31
81.83
81.83
4.50
4.55
4.51
4.67
4.48
4.46
81.83
81.83
81.83
81.83
81.83
81.83
81.83
81.83
81.83
3.63
81.83
81.83
81.83
81.83
81.83
81.83
81.83
81.83
81.83
81.83
81.83
81.83
81.83
2.88
2.93
2.96
2.97
3.00
3.04
3.04
3.09
3.13
3.14
3.15
3.00
2.93
2.85
2.86
3.14
3.18
3.05
3.00
2.95
2.90
2.85
2.68
2.67
2.65
2.67
2.94
2.99
2.96
2.93
2.58
2.59
2.67
2.75
2.87
3.26
3.38
3.49
5.20
5.26
5.56
5.61
5.57
5.53
3.45
3.43
5.42
5.34
4.75
4.72
4.73
4.95
5.27
5.16
5.21
5.19
4.31
4.03
3.78
3.78
3.81
3.83
3.86
3.88
4.02
5.17
5.17
4.73
5.16
5.17
5.18
5.19
5.20
5.21
4.74
4.51
4.47
4.49
4.62
4.46
4.49
4.52
4.53
4.56
5.29
5.33
5.36
4.22
4.27
4.52
4.12
4.10
4.12
1.54
1.49
1.47
1.43
6.170000 -5.766000 -2.546706
