1 180
1.07
1.07
1.07
1.07
1.07
1.07
1.07
1.07
1.07
1.07
1.07
1.07
1.08
1.08
1.08
1.08
1.09
1.09
1.09
1.10
1.10
1.10
1.07
1.04
1.01
1.00
1.01
1.01
1.01
1.02
1.03
1.06
1.08
1.09
1.10
1.11
1.12
1.13
1.14
1.16
1.17
1.19
1.21
1.23
1.24
1.25
1.27
1.30
1.32
1.34
1.36
1.39
1.42
1.45
1.47
1.51
1.53
1.57
1.60
1.64
1.68
1.73
1.77
1.81
1.87
1.92
1.98
2.05
2.12
2.19
2.27
2.36
2.46
2.56
2.66
2.79
2.94
3.07
3.26
3.45
3.67
3.94
4.12
4.10
4.08
4.07
4.12
6.86
5.76
6.95
8.45
9.24
15.52
15.89
16.78
16.78
19.21
11.09
8.76
6.47
5.36
5.12
5.14
5.15
5.15
5.17
5.19
5.20
5.23
5.25
5.28
5.31
5.33
5.35
3.97
3.65
3.49
3.33
3.21
3.10
2.99
2.88
2.78
2.68
2.59
2.51
2.43
2.37
2.30
2.25
2.18
2.13
2.07
2.04
1.99
1.95
1.90
1.87
1.83
1.79
1.76
1.73
1.69
1.66
1.64
1.62
1.60
1.57
1.55
1.53
1.51
1.49
1.47
1.45
1.44
1.44
1.42
1.40
1.40
1.39
1.37
1.36
1.36
1.35
1.33
1.32
1.32
1.31
1.31
1.30
1.30
1.30
1.29
1.29
1.30
1.29
1.27
1.27
1.27
1.26
6.086000 -6.680000 1.794493
