1 180
0.79
0.81
0.93
0.97
1.01
6.12
6.13
6.06
6.71
6.95
6.94
6.89
7.74
3.43
3.37
3.32
3.27
3.24
3.19
3.15
3.11
3.07
3.04
3.01
2.97
2.94
2.92
2.89
2.86
2.84
2.83
2.80
2.78
2.77
2.75
2.73
2.72
2.71
2.70
2.69
2.67
2.66
2.65
2.65
2.63
2.63
2.63
2.63
2.62
2.63
2.63
2.63
2.63
2.63
2.62
2.63
2.63
2.64
2.65
2.65
2.66
0.91
0.85
0.82
0.80
0.79
0.77
0.78
0.78
0.82
0.83
0.84
0.86
0.86
0.87
0.88
0.91
0.92
0.94
0.93
0.95
0.97
1.00
1.01
1.02
1.05
1.07
1.10
1.12
1.14
1.16
1.20
1.23
1.26
1.31
1.35
1.38
1.42
1.47
1.52
1.56
1.62
1.68
1.74
1.81
1.89
1.98
2.07
2.18
2.29
2.41
2.56
2.74
2.78
2.78
2.77
2.76
2.75
2.75
2.74
2.73
2.73
2.72
2.72
2.71
2.72
2.71
2.70
2.71
2.71
2.72
2.73
2.73
2.74
2.74
2.75
2.76
2.77
2.78
2.78
2.79
2.81
2.82
2.84
2.85
2.85
2.87
2.90
2.92
2.93
2.95
2.98
3.01
3.04
1.30
1.29
3.12
3.15
2.24
3.21
3.26
3.30
81.83
1.88
1.90
81.83
81.83
3.56
3.62
3.68
3.66
0.80
0.81
3.47
3.44
3.38
3.33
3.28
3.24
3.19
9.136000 -1.129000 2.353736
