1 180
81.83
81.83
81.83
81.83
81.83
81.83
81.83
81.83
81.83
81.83
81.83
9.35
9.41
81.83
5.90
5.58
5.31
5.08
4.86
4.68
4.49
4.31
4.17
4.01
3.90
3.78
3.69
3.55
3.45
3.36
3.27
3.19
3.11
3.02
2.97
2.88
2.83
2.77
2.71
2.67
2.60
2.56
2.52
2.48
2.43
2.40
2.36
2.32
2.30
2.27
2.23
2.19
2.18
2.15
2.13
2.10
2.07
2.05
2.04
2.02
2.00
1.99
1.97
1.96
1.94
2.05
2.16
2.90
5.50
5.28
6.49
6.46
5.82
5.74
5.72
5.70
5.70
6.31
6.29
6.26
6.39
6.37
6.36
6.36
6.36
5.19
5.58
6.36
6.36
5.64
5.63
5.63
5.62
5.66
2.06
1.84
1.86
1.86
1.87
1.87
1.89
1.88
1.90
1.90
1.91
1.92
1.93
1.95
1.96
1.97
1.99
2.00
2.02
2.04
2.05
2.06
2.09
2.11
2.13
2.16
2.18
2.22
2.25
2.28
2.31
2.35
2.37
2.41
2.45
2.49
2.52
2.57
2.61
2.66
2.72
2.77
2.84
2.90
2.97
3.03
3.12
3.20
3.28
3.35
3.45
3.56
3.66
3.77
3.88
4.03
4.16
4.32
4.49
4.66
4.85
5.07
5.31
6.86
6.63
6.56
6.48
6.45
6.42
6.39
6.36
1.93
1.83
1.77
1.78
1.79
1.80
1.81
1.82
1.83
1.84
1.86
1.87
1.88
1.91
1.93
-49.479000 -35.763000 -1.932153
