1 180
1.41
1.41
1.41
1.42
1.41
1.42
1.42
1.43
1.44
1.44
1.45
1.45
1.46
1.47
1.48
1.49
1.51
1.52
1.54
1.55
1.56
1.57
1.59
1.60
1.62
1.65
1.67
1.69
1.72
1.75
1.76
1.80
1.83
1.86
1.90
1.92
1.96
2.00
2.04
2.08
2.11
2.17
2.21
2.26
2.32
2.37
2.43
2.50
2.57
2.64
2.71
2.81
2.91
4.15
4.11
4.07
4.04
4.01
3.98
3.96
3.93
3.91
3.89
3.87
3.85
3.83
3.81
3.80
3.78
3.77
3.75
3.88
4.95
4.95
5.65
6.70
8.17
10.63
13.20
13.20
15.57
15.37
15.37
15.72
15.72
5.51
4.32
3.82
3.52
3.26
3.03
2.87
2.72
2.60
2.49
2.40
2.30
2.22
2.14
2.07
2.01
1.95
1.91
1.85
1.81
1.77
1.72
1.68
1.64
1.61
1.58
1.54
1.53
1.50
1.47
1.44
1.42
1.40
1.38
1.37
1.35
1.32
1.32
1.30
1.28
1.27
1.26
1.25
1.23
1.22
1.21
1.20
1.19
1.17
1.16
1.15
1.15
1.14
1.13
1.12
1.12
1.12
1.11
1.10
1.10
1.09
1.09
1.08
1.08
1.08
1.07
1.07
1.07
1.06
1.07
1.08
1.08
1.07
1.08
1.07
1.06
1.07
1.07
1.07
0.79
0.77
1.08
1.09
1.10
1.10
1.11
1.12
1.12
1.12
1.13
1.14
1.15
1.16
1.17
1.17
-0.930000 12.561000 3.103490
