1 180
1.50
1.54
1.58
1.62
1.66
1.71
1.76
1.81
1.87
1.93
1.94
1.93
1.92
1.90
1.89
1.88
1.86
1.85
1.84
1.83
1.82
1.81
1.80
1.79
1.79
1.78
1.77
1.76
1.76
1.77
1.77
1.77
1.76
1.76
1.76
1.75
1.75
1.75
1.76
1.75
1.76
1.76
1.76
1.77
1.77
1.77
1.77
1.78
1.79
1.79
1.80
1.81
1.82
1.83
1.84
1.85
1.86
1.87
1.88
1.90
1.91
1.93
1.94
1.95
1.97
1.99
2.00
2.02
2.05
2.07
2.07
5.88
5.97
6.04
6.12
6.21
6.28
6.39
6.48
6.59
6.70
6.81
6.92
7.05
2.81
2.75
2.64
2.61
2.59
2.56
2.52
2.49
2.48
2.46
2.44
2.41
2.40
2.38
2.36
2.34
2.31
2.31
2.29
2.28
2.26
2.26
2.40
2.38
2.37
2.35
2.35
2.33
2.32
2.31
2.30
2.29
2.29
2.29
2.28
2.27
2.27
2.26
2.26
2.25
2.01
2.01
2.02
2.02
2.02
2.02
2.03
2.03
2.03
2.03
2.03
2.04
2.04
2.05
2.05
2.06
2.06
2.08
2.08
2.10
2.11
2.12
1.16
1.13
1.10
1.06
1.04
1.01
0.99
0.96
0.94
0.91
0.90
0.88
0.86
0.84
0.83
0.81
0.79
0.78
0.76
0.74
0.74
0.72
0.73
0.72
0.71
0.70
0.69
0.68
0.67
0.67
0.65
0.65
0.65
0.64
-45.066002 -15.685000 1.097591
