1 180
1.54
1.56
1.53
1.55
1.55
1.54
1.54
1.52
1.51
1.53
1.55
1.55
1.54
1.54
1.53
1.54
1.54
1.55
1.56
1.57
1.58
1.58
1.59
1.61
1.60
1.61
1.62
6.32
6.39
7.90
7.95
8.01
8.07
8.13
8.02
7.73
7.47
7.22
7.05
3.84
3.74
3.64
3.55
3.46
3.38
3.30
3.24
3.16
3.10
3.03
2.97
2.91
2.85
2.80
2.76
2.71
2.66
2.63
2.59
2.55
2.51
2.48
2.47
2.53
2.59
2.66
2.73
2.82
2.90
2.98
3.08
3.17
3.28
3.40
3.51
3.66
3.80
3.97
4.15
4.36
4.59
4.85
5.14
5.47
5.82
6.27
6.73
7.28
7.95
8.76
13.72
13.64
13.61
14.48
81.83
81.83
81.83
12.02
81.83
81.83
81.83
81.83
81.83
81.83
6.52
5.66
4.87
4.35
3.87
3.51
3.25
2.97
2.74
2.55
2.39
2.26
2.14
2.03
2.07
2.08
2.10
2.12
2.14
2.15
2.41
2.42
2.46
2.48
2.50
2.52
2.54
2.57
2.60
2.63
2.66
1.08
1.06
1.03
1.01
0.99
0.96
0.95
0.93
0.92
0.90
0.90
0.87
0.86
0.84
0.83
0.83
0.81
0.80
0.79
0.78
0.78
0.77
0.76
0.75
0.75
0.74
0.73
0.73
0.71
0.72
0.71
0.70
0.70
0.69
0.70
0.69
0.68
0.68
0.68
0.68
0.67
0.67
0.66
0.66
0.66
11.949000 -1.632000 -2.472960
