1 180
1.07
1.07
1.07
1.07
1.07
1.07
1.07
1.08
1.08
1.08
1.09
1.09
1.09
1.09
1.10
1.11
1.11
1.11
1.12
1.11
1.12
1.13
1.13
1.13
1.15
1.16
1.17
1.18
1.19
1.20
1.21
1.23
1.24
1.24
1.26
1.27
1.29
1.30
1.31
1.33
1.35
1.37
1.38
1.41
1.43
1.46
1.48
1.50
1.54
1.56
1.60
1.63
1.65
1.68
1.72
1.76
1.81
1.86
1.90
1.95
1.99
2.06
2.12
2.19
2.24
2.32
2.41
2.49
2.58
2.69
2.79
2.91
3.06
3.20
3.36
3.55
3.76
4.00
4.28
4.59
4.93
5.37
5.85
11.16
10.82
10.78
10.70
14.41
11.58
81.83
17.14
81.83
81.83
9.18
81.83
81.83
81.83
81.83
81.83
81.83
81.83
81.83
81.83
81.83
81.83
7.57
7.61
4.11
3.85
3.63
3.43
3.27
3.10
2.98
2.84
2.73
2.61
2.51
2.43
2.34
2.26
2.19
2.11
2.06
2.00
1.96
1.92
1.87
1.81
1.77
1.72
1.68
1.65
1.60
1.57
1.53
1.51
1.48
1.47
1.42
1.41
1.39
1.37
1.34
1.31
1.30
1.29
1.27
1.25
1.24
1.23
1.22
1.20
1.18
1.18
1.16
1.16
1.16
1.15
1.14
1.13
1.12
1.12
1.11
1.10
1.09
1.08
1.08
1.08
1.08
1.08
1.08
1.07
1.07
1.07
1.06
1.06
1.06
1.05
1.05
0.000000 0.000000 -0.002458
