1 180
0.93
0.93
0.94
0.93
0.93
0.94
0.94
0.94
0.94
0.94
0.94
0.95
0.95
0.96
0.97
0.97
0.97
0.98
0.99
1.00
1.00
1.01
1.02
1.02
1.03
1.04
1.05
1.06
1.07
1.08
1.09
1.11
1.11
1.13
1.14
1.15
1.17
1.18
1.21
1.23
1.25
1.27
1.28
1.30
1.33
1.36
1.39
1.40
1.44
1.47
1.50
1.53
1.56
1.60
1.65
1.69
1.74
1.79
2.50
2.48
2.46
2.43
2.42
2.39
2.39
2.37
2.35
2.33
2.32
2.30
2.28
2.27
2.26
2.25
2.24
2.23
2.22
2.20
2.20
2.19
2.18
2.18
2.18
2.17
2.17
2.17
2.18
2.18
2.17
2.17
2.18
2.18
2.17
2.17
2.17
2.17
2.19
2.19
2.19
2.20
2.21
2.22
2.23
2.24
2.25
2.27
2.27
2.29
2.30
2.23
2.14
2.05
1.96
1.88
1.81
1.75
1.69
1.64
1.59
1.55
1.51
1.47
1.43
1.40
1.37
1.34
1.30
1.26
1.24
1.22
1.19
1.17
1.15
1.13
1.11
1.09
1.07
1.06
1.04
1.02
1.01
1.00
0.99
0.98
0.96
0.95
0.94
0.93
0.92
0.91
0.90
0.89
0.87
0.87
0.87
0.86
0.86
0.86
0.84
0.84
0.83
0.83
0.83
0.82
0.82
0.81
0.81
0.80
0.80
0.80
0.79
0.79
0.79
0.79
0.79
0.79
0.79
0.79
0.80
0.79
10.457000 4.587000 1.708456
