1 180
0.44
0.44
0.44
0.45
0.44
0.44
0.44
0.44
0.43
0.44
0.44
0.44
0.44
0.44
0.44
0.44
0.45
0.44
0.45
0.45
0.44
0.44
0.44
0.44
0.44
0.44
0.44
0.45
0.44
0.45
0.46
0.46
0.46
0.47
0.47
0.47
0.48
0.49
0.49
0.50
0.50
0.51
0.52
0.52
0.53
0.54
0.55
0.55
0.57
0.57
0.58
0.59
0.60
0.60
0.61
0.63
0.65
0.65
0.69
0.69
0.71
0.74
0.76
0.77
0.79
0.83
0.85
0.88
0.92
0.95
0.98
1.03
1.07
1.13
1.18
1.24
1.30
1.37
1.46
1.54
1.64
1.76
1.88
2.03
2.21
2.41
3.21
3.20
3.22
11.12
16.87
16.89
17.72
16.31
13.21
13.20
13.19
10.59
10.40
10.45
10.50
10.13
8.19
7.37
4.57
4.61
4.32
4.63
4.61
4.27
4.00
3.08
3.53
3.34
3.18
3.02
2.89
2.76
2.67
2.56
2.48
1.90
2.30
2.22
2.16
2.09
2.03
1.97
1.92
1.85
1.81
1.78
1.73
1.70
1.66
1.62
1.60
1.57
1.54
1.51
1.48
1.45
1.43
1.41
1.40
1.38
1.36
1.34
1.31
1.30
1.29
1.28
1.15
1.24
1.23
1.21
1.21
1.20
1.18
1.17
1.16
1.16
1.15
1.14
1.13
1.12
1.11
1.10
1.10
1.09
1.08
1.08
1.08
1.07
1.07
1.06
1.06
1.05
1.05
1.04
-18.469000 17.849001 -2.933874
