1 180
1.28
1.28
1.27
1.27
1.26
1.27
1.26
1.26
1.26
1.27
1.27
1.27
1.26
1.26
1.26
1.26
1.27
1.27
1.28
1.28
1.28
1.28
1.29
1.30
1.30
1.31
1.32
1.33
1.34
1.35
1.36
1.37
1.38
1.39
1.41
1.43
1.43
1.43
1.45
1.47
1.49
1.50
1.53
1.54
1.55
1.57
1.60
1.62
1.65
1.67
1.68
1.72
1.75
1.78
1.82
1.86
1.90
1.93
1.98
2.04
2.08
2.13
2.19
2.25
2.31
2.38
2.46
2.54
2.63
2.73
2.84
2.96
3.09
3.23
3.43
3.64
3.90
4.21
4.60
5.15
5.90
7.29
12.15
12.14
12.10
9.44
9.40
9.39
9.36
9.35
9.34
9.30
9.32
9.31
9.31
9.31
9.31
9.31
9.32
7.38
6.10
5.15
4.50
3.94
3.57
3.42
3.47
3.48
3.49
2.37
2.20
2.07
1.95
1.85
1.78
1.69
1.61
1.54
1.49
1.42
1.37
1.31
1.29
1.23
1.18
1.15
1.11
1.07
1.05
1.01
0.99
0.96
0.93
0.91
0.89
0.88
0.85
0.83
0.83
0.81
0.81
0.79
0.78
0.76
0.75
0.75
0.74
0.73
0.71
0.69
0.70
0.69
0.68
0.67
0.67
0.66
0.65
0.64
0.64
0.63
0.64
0.63
0.63
0.62
0.63
0.61
0.61
0.61
0.61
0.60
0.60
0.60
0.59
0.59
0.60
0.59
0.59
0.59
0.59
0.59
1.285000 -11.134000 -3.118239
