1 180
1.78
1.86
3.32
7.08
2.35
3.66
3.73
2.31
5.19
7.47
6.27
1.24
1.22
7.80
1.68
8.01
8.11
8.22
3.46
3.45
3.55
5.61
7.58
7.32
7.33
7.24
7.15
7.08
3.78
3.77
3.37
4.10
4.11
3.85
81.83
81.83
5.12
4.66
81.83
3.82
6.37
81.83
81.83
81.83
81.83
81.83
81.83
81.83
81.83
81.83
81.83
81.83
3.68
81.83
81.83
81.83
81.83
2.99
2.98
3.18
3.04
81.83
81.83
20.83
20.80
20.79
20.77
16.31
16.38
16.52
6.65
1.35
6.67
7.43
1.75
2.11
2.08
2.06
2.01
1.81
1.80
1.81
1.81
1.82
1.83
1.84
1.85
1.86
1.88
1.89
1.76
1.87
1.30
1.88
1.99
4.26
4.26
4.26
4.26
4.26
4.27
4.28
4.29
4.31
4.31
4.33
7.36
7.45
7.58
4.72
7.82
4.07
7.81
7.68
7.66
7.82
6.98
6.37
6.27
6.06
6.02
6.01
6.15
6.31
2.14
6.65
2.03
81.83
81.83
81.83
81.83
81.83
81.83
81.83
81.83
81.83
81.83
81.83
81.83
2.45
2.47
2.47
2.53
81.83
81.83
2.57
81.83
81.83
81.83
81.83
81.83
81.83
81.83
81.83
81.83
3.31
81.83
81.83
81.83
81.83
4.15
4.13
4.14
4.13
4.12
4.12
4.16
4.20
4.22
2.67
2.87
3.27
4.30
4.33
4.33
4.37
4.41
4.44
2.60
2.40
-0.451000 -0.080000 -0.469518
