1 180
1.42
1.42
1.42
1.42
1.43
1.43
1.43
1.43
1.44
1.44
1.45
1.45
1.46
1.48
1.49
1.50
1.51
1.52
1.54
1.55
1.56
1.61
6.71
5.59
5.47
6.94
7.02
6.92
6.74
5.30
5.19
5.07
4.98
4.90
4.78
4.74
4.76
4.76
4.68
4.61
4.61
4.68
4.77
4.87
5.01
4.96
4.89
4.84
4.77
4.72
4.65
4.59
4.56
4.52
4.46
4.42
4.38
4.35
4.31
4.27
4.23
4.17
4.03
4.19
4.35
4.33
4.30
4.28
4.26
81.83
81.83
81.83
81.83
81.83
81.83
81.83
81.83
81.83
81.83
81.83
5.81
5.83
5.71
81.83
81.83
81.83
6.57
11.67
7.64
7.46
7.41
7.52
7.56
10.83
14.99
15.04
81.83
81.83
81.83
9.63
9.60
81.83
81.83
81.83
5.85
81.83
81.83
6.18
6.18
3.08
2.79
2.59
2.38
2.22
2.08
1.97
1.87
1.79
1.72
1.63
1.58
1.51
1.46
1.41
1.36
1.32
1.27
1.24
1.21
1.19
1.15
1.13
1.10
1.08
1.06
1.04
1.01
1.00
0.99
0.97
0.95
0.93
0.92
0.91
0.89
0.88
0.86
0.85
0.85
0.84
0.82
0.81
0.80
0.79
0.79
0.77
0.77
0.76
0.75
0.75
0.75
0.74
0.73
0.73
0.72
0.72
0.71
0.71
0.71
0.71
0.71
0.70
0.70
0.69
0.69
0.69
0.69
0.69
0.68
0.69
-35.556999 8.567000 -2.270157
