1 180
0.84
0.85
0.84
0.84
0.85
0.84
0.84
0.84
0.84
0.85
0.84
0.84
0.84
0.84
0.84
0.85
0.85
0.85
0.86
0.87
0.87
0.88
0.89
0.89
0.90
0.90
0.90
0.91
0.93
0.94
0.95
0.96
0.97
0.98
0.99
1.00
1.02
1.03
1.05
1.06
1.08
1.09
1.11
1.12
1.14
1.15
1.18
1.21
1.22
1.25
1.28
1.32
1.33
1.36
1.40
1.43
1.47
1.51
1.55
1.59
1.64
1.70
1.76
1.83
1.90
1.97
2.05
2.15
2.24
2.35
2.48
2.65
2.86
3.12
3.43
3.85
4.50
12.98
12.96
10.31
10.30
10.29
10.26
10.26
10.27
10.27
10.27
10.28
10.28
10.30
10.32
10.34
8.85
7.78
6.99
6.29
5.75
5.27
4.89
4.57
4.52
4.57
4.58
4.87
3.42
3.25
3.10
2.96
2.83
2.72
2.62
2.54
2.45
2.36
2.29
2.21
2.15
2.09
2.03
1.97
1.92
1.88
1.83
1.79
1.75
1.71
1.67
1.63
1.61
1.58
1.55
1.52
1.50
1.47
1.45
1.43
1.42
1.40
1.42
1.37
1.34
1.33
1.31
1.29
1.28
1.27
1.25
1.24
1.24
1.23
1.22
1.21
1.20
1.19
1.18
1.18
1.17
1.16
1.15
1.16
1.16
1.15
1.14
1.14
1.14
1.14
1.13
1.13
1.13
1.12
1.13
1.12
1.12
1.12
1.12
1.13
1.12
1.12
1.12
1.13
8.641000 -0.956000 -1.213127
