1 180
15.13
15.17
81.83
12.84
11.89
11.02
10.30
9.68
9.45
9.52
8.20
7.79
7.44
7.10
6.81
6.53
6.30
6.07
5.85
5.66
5.47
5.30
5.17
5.03
4.88
4.75
4.63
4.51
4.40
4.31
4.22
4.13
4.07
4.12
4.18
6.56
6.70
6.80
6.92
7.10
6.91
7.13
8.71
8.90
8.84
8.73
7.34
8.52
8.43
8.33
8.25
8.16
8.07
7.21
7.13
7.11
6.30
7.57
7.75
7.69
7.64
7.59
7.54
7.49
7.43
7.39
7.34
7.33
6.71
6.64
6.66
7.20
6.47
7.17
4.73
4.55
4.38
4.37
4.37
2.66
2.65
2.64
2.64
2.65
2.63
2.63
4.40
3.61
2.42
2.28
2.28
2.27
2.27
2.26
2.24
2.24
2.23
2.23
2.22
2.21
2.20
2.20
2.19
2.20
2.20
2.20
2.20
2.20
2.21
2.21
2.23
2.25
2.20
2.22
2.23
2.23
2.25
2.25
2.26
2.27
2.29
2.31
2.32
2.33
2.33
2.33
2.35
2.37
2.37
2.40
2.41
2.42
2.44
2.46
2.48
2.49
2.43
2.39
2.27
81.83
81.83
81.83
81.83
81.83
81.83
81.83
81.83
81.83
81.83
81.83
81.83
2.92
81.83
8.59
5.94
2.85
8.80
7.25
3.95
6.36
9.20
6.63
6.50
9.51
9.67
3.66
3.59
3.53
3.56
3.62
3.65
3.65
3.65
3.97
81.83
81.83
9.53
6.91
6.86
10.95
6.006000 0.648000 1.306539
