1 180
0.63
0.63
0.64
0.64
0.65
0.65
0.65
0.66
0.66
0.67
0.67
0.67
0.68
0.71
1.31
1.33
1.32
1.33
1.33
1.35
1.44
1.49
1.50
1.52
1.53
1.54
1.56
1.58
1.60
1.61
1.62
1.64
1.68
1.69
1.71
1.73
1.75
1.77
1.80
1.83
1.86
1.89
1.92
1.96
1.99
2.03
2.05
2.09
2.14
2.19
2.24
2.28
2.33
2.39
2.45
2.51
2.58
2.65
2.68
2.66
2.66
2.72
2.85
2.96
3.08
3.19
3.32
3.47
3.62
3.81
4.01
4.23
4.50
4.79
5.12
5.49
5.94
6.14
6.12
6.11
8.71
9.90
10.50
11.10
18.58
17.56
18.81
18.78
21.19
81.83
7.08
7.09
7.10
7.11
7.12
7.14
7.15
7.17
5.51
5.01
4.60
4.24
3.96
3.71
3.48
3.27
3.09
2.93
2.79
2.67
2.55
2.45
2.34
2.24
2.16
2.09
2.02
1.95
1.90
1.85
1.78
1.74
1.70
1.66
1.62
1.65
1.68
1.71
1.73
1.75
1.79
1.87
1.90
1.94
1.97
2.01
2.05
2.08
2.12
2.16
2.20
4.47
4.40
4.35
4.30
4.25
4.21
4.16
4.11
4.08
4.04
3.99
3.96
3.92
3.90
3.87
3.85
3.82
3.79
3.77
3.75
3.73
3.71
3.69
3.68
3.66
3.65
3.63
3.62
3.61
3.13
3.59
3.58
3.57
3.57
3.56
3.56
3.55
3.55
3.55
12.673000 -7.899000 -2.872419
