1 180
2.48
2.92
3.37
4.11
5.08
6.47
6.46
6.46
6.46
6.47
6.48
6.47
18.23
18.54
18.56
20.87
20.92
9.78
8.10
7.33
6.80
6.43
6.13
5.85
5.61
5.40
5.22
5.04
4.88
4.76
4.62
4.51
4.41
4.32
4.22
4.14
4.06
3.98
3.92
3.84
3.37
3.72
3.67
3.61
3.57
3.51
3.14
3.12
3.39
3.34
2.45
2.39
2.36
2.34
2.32
2.30
2.29
2.28
2.27
2.26
2.25
2.23
2.22
2.22
2.20
2.20
2.20
2.19
2.18
2.18
2.18
2.18
2.17
2.17
2.16
2.16
2.16
2.16
2.16
2.17
2.17
2.17
2.17
2.18
2.18
2.19
2.20
2.20
2.21
2.22
2.27
2.68
3.00
3.02
3.03
3.05
3.07
3.10
3.11
3.13
3.16
3.20
3.23
3.25
3.29
3.33
3.35
3.39
3.44
3.49
3.53
3.59
3.63
3.68
3.74
3.80
3.87
3.94
4.01
4.09
4.17
4.25
7.59
7.37
7.41
7.55
7.80
6.45
6.24
6.05
5.90
5.74
5.60
5.46
5.34
5.21
5.10
5.00
4.89
4.79
4.71
4.62
4.53
4.46
4.39
4.32
4.24
4.18
4.11
4.05
4.00
3.94
3.89
3.85
3.79
3.75
3.72
3.68
3.63
3.60
3.57
3.53
3.50
3.47
3.44
3.41
3.39
3.37
3.34
3.32
3.30
3.29
3.27
3.28
3.46
3.75
3.93
6.98
6.96
4.34
0.905000 8.012000 -0.272861
