1 180
4.18
4.21
4.26
1.40
1.37
1.36
1.33
1.31
1.28
1.27
1.25
1.24
1.23
1.26
1.29
1.32
1.36
1.38
1.42
1.47
1.51
1.55
1.61
1.66
1.74
1.74
1.72
1.69
1.67
1.65
1.64
1.63
1.61
1.59
1.55
1.54
1.52
1.51
1.53
1.57
1.59
1.60
1.59
1.57
1.56
1.56
1.56
1.55
1.54
1.53
1.53
1.52
1.51
1.51
1.51
1.51
1.50
1.50
1.49
1.49
1.49
1.50
1.49
1.49
1.49
1.49
1.49
1.49
1.50
1.51
1.51
1.52
1.52
1.52
1.52
1.53
1.53
1.54
1.55
1.56
1.56
1.57
1.58
1.59
1.60
1.61
1.62
1.64
1.66
1.67
1.68
1.69
1.72
1.74
1.76
1.77
1.79
1.81
1.84
1.86
1.89
1.91
1.88
1.84
1.84
1.85
1.89
1.97
1.98
2.02
2.07
2.11
2.14
2.20
2.23
2.29
2.35
2.40
2.46
2.52
2.59
2.66
2.75
2.84
2.92
3.01
3.11
3.22
3.35
3.47
3.61
3.78
3.94
4.16
4.37
4.63
4.92
5.09
5.06
5.04
5.03
7.04
6.96
8.52
7.88
9.32
9.99
81.83
16.45
17.70
17.67
17.71
18.72
5.98
5.99
6.00
6.00
6.01
6.02
6.03
6.04
6.06
6.07
4.39
4.02
3.72
3.46
3.24
3.03
2.87
2.71
2.58
2.46
2.35
2.24
2.14
2.06
1.98
1.90
1.83
5.919000 -7.695000 0.833333
