1 180
1.68
1.59
1.57
1.58
1.58
1.60
1.61
1.63
1.65
1.67
1.68
1.69
1.71
1.73
1.75
1.77
1.78
1.81
1.83
1.85
1.87
1.88
1.93
1.97
1.99
2.03
2.07
2.10
2.14
2.18
2.23
2.28
2.33
2.38
2.44
2.49
2.55
2.62
2.69
2.78
2.86
2.95
3.05
3.17
3.28
3.42
3.58
3.76
3.99
4.24
4.56
4.94
5.43
6.21
14.98
14.97
14.97
14.99
14.99
15.01
15.03
15.05
81.83
11.23
10.00
9.22
9.24
7.56
7.03
6.49
6.08
5.76
5.41
5.11
4.85
4.64
4.42
4.23
4.05
3.89
3.75
3.60
3.49
3.49
3.54
3.57
3.61
6.43
6.24
6.09
5.94
5.90
5.98
6.04
6.13
5.97
6.32
6.26
6.31
6.46
7.82
7.97
8.11
6.55
7.95
6.55
7.72
7.62
7.53
7.43
7.34
7.25
6.31
6.24
6.18
5.34
6.43
6.66
6.78
6.76
6.43
6.65
6.60
6.55
6.48
6.44
6.40
6.36
6.33
6.29
5.62
5.61
5.76
6.17
5.13
3.71
3.69
3.35
3.33
3.31
3.32
3.31
1.60
1.59
1.58
1.59
1.59
1.59
1.59
1.58
1.58
3.41
2.96
2.58
2.29
2.05
1.84
1.49
1.25
1.21
1.21
1.21
1.21
1.21
1.20
1.20
1.20
1.21
1.21
1.21
1.22
1.22
1.23
1.23
1.24
1.24
1.26
1.26
1.27
1.26
6.379000 1.698000 0.071288
