1 180
1.40
1.41
1.41
1.42
1.43
1.43
1.45
1.45
1.46
1.47
1.48
1.49
1.49
1.49
1.50
1.51
1.52
1.53
1.55
1.56
1.58
1.60
1.60
1.62
1.63
1.66
1.67
1.69
1.71
1.73
1.75
1.78
1.80
1.83
1.86
1.89
1.91
1.95
1.99
2.02
4.26
4.18
4.16
4.14
4.14
4.46
4.95
5.54
7.20
7.19
2.11
2.08
2.09
7.17
7.17
7.17
7.17
7.18
7.18
4.74
4.71
4.71
4.69
5.26
6.01
19.01
81.83
15.69
14.56
13.55
13.26
11.98
11.34
10.73
10.22
9.75
9.32
8.93
8.57
8.24
7.93
7.65
7.67
7.75
10.61
81.83
10.02
10.04
10.16
81.83
10.56
10.37
10.72
11.79
11.96
12.05
11.93
81.83
81.83
81.83
81.83
81.83
81.83
2.74
2.89
2.79
81.83
81.83
2.84
2.98
81.83
81.83
1.89
81.83
81.83
2.10
6.57
4.69
5.13
4.21
7.14
5.15
4.09
5.09
5.11
8.45
5.38
5.05
8.26
4.03
4.56
4.75
1.08
1.04
1.02
0.99
0.98
0.95
0.74
0.73
0.73
0.73
0.73
0.73
0.73
0.73
0.73
0.73
0.73
0.73
0.73
0.73
0.73
0.74
0.74
0.74
0.75
0.75
0.75
0.75
0.74
0.73
0.72
0.71
0.71
0.70
0.69
0.69
0.69
0.69
0.70
0.75
0.79
0.86
3.92
5.83
5.95
5.96
81.83
81.83
-0.146000 1.503000 0.433874
