1 180
1.36
1.37
1.37
1.37
1.36
1.36
1.36
1.36
1.37
1.37
1.36
1.37
1.37
1.37
1.37
1.38
1.39
1.39
1.40
1.40
1.40
1.41
1.41
1.42
1.42
1.42
1.44
1.45
1.47
1.48
1.49
1.51
1.52
1.53
1.54
1.55
1.58
1.59
1.61
1.63
1.65
1.68
1.70
1.72
1.74
1.78
1.80
1.83
1.86
1.90
1.93
1.97
2.02
2.05
2.09
2.13
2.19
2.24
2.29
2.35
2.41
2.47
2.54
2.62
2.70
2.79
2.88
2.98
3.09
3.19
3.32
3.45
3.60
3.77
3.96
5.88
5.85
5.80
5.73
5.71
5.69
5.97
6.46
7.01
7.69
11.42
11.37
11.36
12.21
12.20
10.80
7.66
7.65
7.65
7.64
7.64
5.10
4.86
4.89
4.90
4.93
4.96
5.00
5.03
4.91
4.62
4.63
4.26
3.96
3.69
3.47
3.27
2.72
2.61
2.49
2.39
2.29
2.19
2.11
2.03
1.95
1.89
1.83
1.77
1.71
1.66
1.61
1.58
1.53
1.50
1.46
1.42
1.39
1.37
1.34
1.30
1.29
1.27
1.24
1.22
1.20
1.18
1.16
1.16
1.14
1.12
1.11
1.09
1.07
1.06
1.05
1.05
1.03
1.02
1.01
1.00
0.99
0.97
0.97
0.96
0.96
0.95
0.94
0.93
0.92
0.91
0.90
0.90
0.90
0.90
0.90
0.89
0.89
0.89
0.88
0.88
0.87
0.87
0.87
0.86
-23.980000 16.480999 3.134218
