1 180
0.53
0.53
0.52
0.51
0.51
0.50
0.50
0.50
0.50
0.49
0.49
0.48
0.48
0.48
0.47
0.47
0.47
0.47
0.47
0.49
0.62
0.94
0.95
0.96
0.96
0.96
0.97
0.98
0.98
0.99
1.00
1.00
1.01
1.02
1.01
1.04
1.04
1.05
1.06
1.07
1.08
1.10
1.10
1.11
1.13
1.13
1.15
1.17
1.18
1.21
1.22
1.23
1.25
1.27
1.29
1.31
1.32
1.55
1.58
1.62
1.66
1.70
1.73
1.77
1.81
1.86
1.90
1.96
2.00
2.06
2.12
2.13
2.12
2.12
2.11
2.21
2.29
2.33
2.36
2.41
2.47
2.49
2.46
2.44
2.40
2.37
2.35
2.34
2.32
2.30
2.28
2.26
2.24
2.23
2.21
2.19
1.92
2.00
2.10
2.14
2.12
2.12
2.11
2.10
2.08
2.07
2.06
2.06
2.06
2.05
2.04
2.04
2.03
2.03
2.03
0.79
0.67
0.64
0.60
0.59
0.56
0.53
0.51
0.49
0.49
0.47
0.45
0.44
0.43
0.42
0.41
0.39
0.39
0.38
0.35
0.35
0.36
0.36
0.37
0.38
0.38
0.38
0.39
0.40
0.41
0.41
0.43
0.43
0.44
0.44
0.46
0.46
0.47
0.49
0.49
0.50
0.51
0.52
0.55
0.57
0.58
0.61
0.63
0.64
0.67
0.76
1.02
1.02
1.01
1.01
1.00
0.99
0.98
0.97
0.97
0.96
0.96
0.95
0.95
0.95
-47.456001 -22.293001 2.132498
