1 180
1.54
1.55
1.55
1.56
1.56
1.55
1.55
1.55
1.55
1.56
1.57
1.58
1.59
1.60
1.61
1.61
1.62
1.64
1.64
1.65
1.65
1.66
1.68
1.69
1.71
1.72
1.73
1.75
1.78
1.78
1.81
1.83
1.85
1.87
1.89
1.92
1.95
1.97
2.00
2.03
2.07
2.10
2.13
2.18
2.20
2.24
2.28
2.33
2.38
2.43
2.47
2.53
2.58
2.65
2.73
2.79
2.86
2.95
3.04
3.13
3.23
3.33
3.45
3.57
3.69
3.83
4.00
4.17
4.36
4.56
4.80
5.09
5.39
5.73
7.85
17.93
17.83
10.41
10.37
10.27
10.41
11.12
81.83
81.83
81.83
81.83
8.71
81.83
81.83
81.83
81.83
81.83
81.83
81.83
81.83
81.83
81.83
81.83
3.44
3.13
2.86
2.65
2.46
2.32
2.17
2.03
1.92
1.82
1.73
1.65
1.57
1.50
1.44
1.39
1.33
1.30
1.25
1.25
1.22
1.13
1.11
1.07
1.03
1.00
0.98
0.95
0.94
0.91
0.89
0.87
0.85
0.83
0.83
0.81
0.79
0.78
0.76
0.76
0.75
0.74
0.72
0.73
0.71
0.70
0.69
0.69
0.67
0.68
0.66
0.65
0.64
0.65
0.65
0.65
0.64
0.63
0.62
0.62
0.61
0.61
0.61
0.61
0.60
0.60
0.59
0.59
0.58
0.58
0.59
0.58
0.58
0.59
0.59
0.59
0.59
0.59
0.59
0.59
0.59
0.59
-1.962000 -7.847000 1.843657
