1 180
4.96
4.95
4.95
4.95
4.95
4.95
4.95
4.97
4.98
4.90
4.90
10.53
10.56
10.59
10.62
4.89
4.51
4.19
3.92
3.66
3.57
3.59
3.57
3.56
3.39
3.25
2.56
2.45
2.37
2.28
2.22
2.13
2.08
2.02
1.97
1.92
1.87
1.82
1.78
1.75
1.71
1.68
1.63
1.60
1.58
1.54
1.51
1.49
1.46
1.43
1.42
1.40
1.37
1.34
1.33
1.31
1.29
1.28
1.26
1.25
1.23
1.22
1.21
1.19
1.17
1.16
1.15
1.14
1.13
1.13
1.12
1.11
1.11
1.09
1.09
1.09
1.08
1.07
1.07
1.06
1.05
1.05
1.04
1.03
1.03
1.03
1.02
1.02
1.01
1.01
1.01
1.01
1.00
1.01
1.02
1.01
1.01
1.02
1.02
1.02
1.02
1.03
1.03
1.04
1.04
1.05
1.05
1.06
1.06
1.07
1.08
1.08
1.09
1.09
1.10
1.11
1.12
1.12
1.13
1.14
1.15
1.17
1.18
1.20
1.22
1.22
1.24
1.25
1.26
1.28
1.30
1.31
1.33
1.35
1.37
1.39
1.41
1.40
1.38
1.35
1.33
1.31
1.29
1.27
1.25
1.22
1.15
1.10
1.09
1.08
1.07
1.05
1.04
1.02
1.01
1.01
0.99
0.98
0.99
0.98
0.98
0.97
0.96
0.95
0.94
0.93
0.92
0.92
0.92
0.91
0.91
0.91
0.90
0.90
0.90
0.89
0.89
0.89
0.89
0.89
7.943000 -0.924000 -0.088496
