1 180
0.48
0.49
0.49
0.49
0.50
0.50
0.50
0.51
0.51
0.51
0.51
0.52
0.52
0.52
0.53
0.54
0.54
0.54
0.55
0.55
0.56
0.56
0.57
0.57
0.58
0.58
0.59
0.60
0.61
0.62
0.62
0.63
0.63
0.65
0.67
0.67
0.69
0.70
0.72
0.73
0.75
0.76
0.77
0.79
0.81
0.83
0.85
0.88
0.91
0.92
0.97
0.99
1.02
1.06
1.09
1.13
1.18
1.23
1.28
7.14
7.13
7.52
7.90
8.34
8.81
9.37
5.55
5.52
5.51
5.49
5.57
6.42
7.34
8.14
8.15
8.14
8.13
8.12
8.11
8.12
8.22
8.22
8.23
8.23
8.23
6.48
5.45
4.70
4.23
4.20
4.18
4.18
4.18
4.16
4.15
4.13
4.13
4.13
4.14
4.13
4.13
4.13
4.15
4.16
4.18
4.19
4.19
4.20
4.22
4.24
2.16
2.09
2.03
1.97
1.93
1.88
1.83
1.80
1.75
1.72
1.68
1.65
1.61
1.58
1.55
1.51
1.50
1.48
1.46
1.43
1.41
1.39
1.36
1.35
1.34
1.31
1.29
1.28
1.26
1.24
1.24
1.23
1.21
1.20
1.19
1.18
1.17
1.16
1.15
1.14
1.13
1.12
1.12
1.11
1.11
1.10
1.09
1.09
1.09
1.09
1.08
1.08
1.07
1.07
1.07
1.06
1.06
1.06
1.05
1.06
1.07
1.07
1.06
1.06
1.06
1.06
1.06
1.07
1.07
1.07
11.556999 -1.876000 2.015732
