1 180
2.32
2.27
2.26
2.27
2.30
2.36
2.43
2.42
5.06
5.02
4.61
8.15
5.03
3.44
3.38
3.36
3.25
3.22
3.20
3.32
3.43
3.53
3.66
3.79
3.92
4.09
4.25
4.43
4.62
4.85
5.08
1.53
1.52
1.51
1.50
1.49
1.48
1.48
1.47
1.47
1.47
1.46
1.46
1.48
2.39
2.40
3.33
4.16
4.22
4.22
4.22
4.22
4.22
4.23
4.24
4.24
4.26
4.27
4.24
4.37
4.39
4.40
4.41
4.44
4.46
4.47
4.50
4.53
4.55
4.55
4.49
4.54
4.57
4.60
4.64
4.68
3.07
2.97
2.88
2.79
2.71
2.64
2.57
2.51
2.44
2.39
2.34
2.29
2.23
2.19
2.14
2.09
2.06
2.03
1.98
1.96
1.93
1.90
1.87
1.84
1.81
1.79
1.77
1.74
1.73
1.71
1.68
1.66
1.64
1.63
1.63
1.61
1.60
1.58
1.57
1.55
1.54
1.53
1.52
1.50
1.49
1.49
1.48
1.47
1.47
1.46
1.46
1.45
1.45
1.45
1.50
1.56
1.60
1.66
1.73
1.80
1.87
1.97
2.04
2.15
2.29
2.44
2.63
2.88
3.15
3.51
4.03
22.81
81.83
16.65
81.83
13.34
9.11
9.08
7.84
7.36
6.94
6.58
6.25
5.96
5.69
5.44
5.22
5.02
4.83
4.66
4.49
4.36
4.22
4.10
3.97
3.86
3.76
3.78
3.85
6.75
6.83
6.92
6.43
6.30
10.434000 2.555000 3.109636
