1 180
1.50
1.51
1.49
1.51
1.52
1.53
1.54
1.54
1.56
1.57
1.58
1.59
1.61
1.60
1.62
1.64
1.29
1.24
1.69
4.31
4.27
4.16
4.06
3.97
1.01
1.00
3.72
3.64
3.57
3.49
3.44
3.38
3.31
3.26
3.20
3.16
3.23
5.05
4.99
4.91
4.85
4.78
4.72
4.66
4.61
4.56
4.51
4.47
4.42
4.39
4.35
4.31
4.28
4.25
4.21
4.19
4.16
4.12
4.10
3.87
3.83
3.82
3.80
3.78
3.77
3.77
3.95
3.94
3.94
3.92
3.92
3.91
3.90
3.90
3.90
3.90
3.90
3.89
3.89
3.90
3.90
3.91
3.91
3.92
3.93
3.94
3.95
3.94
3.95
3.97
2.46
2.43
2.45
2.46
2.46
2.48
2.50
2.51
2.53
2.55
2.56
2.58
2.60
2.63
2.65
2.66
2.69
2.73
2.75
2.78
1.02
1.03
1.00
0.88
1.07
0.90
1.08
1.11
1.13
1.14
1.16
1.19
1.21
1.22
1.26
1.30
1.30
1.36
1.10
1.39
1.42
81.83
81.83
0.55
81.83
81.83
81.83
1.73
81.83
81.83
81.83
81.83
81.83
81.83
81.83
81.83
81.83
2.51
1.84
1.84
1.83
1.39
0.95
1.81
1.80
1.79
1.80
1.78
1.78
1.77
1.76
1.75
1.75
1.75
2.37
2.39
2.39
2.38
1.49
1.39
1.34
1.29
1.26
1.22
1.19
1.15
1.13
1.09
1.06
1.05
-45.014999 -12.085999 0.802606
