1 180
1.31
1.26
1.21
1.16
1.13
1.10
1.05
1.00
1.00
1.01
1.02
1.03
1.04
1.05
1.06
1.08
1.09
1.11
1.13
1.14
1.15
1.16
1.18
1.20
1.22
1.24
1.26
1.29
1.37
1.43
1.41
1.37
1.38
1.41
1.60
1.58
1.57
1.56
1.53
1.52
1.50
1.49
1.48
0.77
0.74
0.76
1.40
1.42
1.41
1.35
1.40
1.38
1.00
1.01
1.35
1.35
1.33
0.89
0.88
0.88
0.88
0.88
0.88
0.87
0.87
0.87
0.86
0.86
0.87
1.28
1.30
1.30
1.30
1.30
1.29
0.80
0.69
0.62
0.63
0.62
0.62
0.62
0.61
0.62
0.62
0.62
0.63
0.63
0.63
0.63
0.64
0.64
0.64
0.65
0.65
0.66
0.77
0.73
0.70
0.69
0.68
0.65
0.66
0.65
0.68
0.69
0.70
0.70
0.71
0.72
0.73
0.74
0.75
0.78
1.68
1.71
1.73
1.76
1.31
1.30
1.84
1.88
1.92
1.95
1.99
2.03
2.07
2.11
1.11
1.13
2.25
2.31
2.30
2.25
2.21
2.16
2.13
2.09
2.06
2.02
1.98
1.95
1.93
1.90
1.87
1.84
1.82
1.79
0.96
0.96
1.73
1.72
1.71
1.55
1.67
1.29
1.20
1.63
1.61
1.60
1.37
1.33
1.32
1.31
1.31
1.30
1.29
1.28
1.28
1.26
1.26
1.25
1.26
1.32
1.43
1.49
1.49
1.48
1.49
1.49
-45.012997 -12.018001 -2.565142
