1 180
1.29
1.27
1.25
1.24
1.22
1.21
1.20
1.19
1.18
1.18
1.16
1.15
1.14
1.14
1.13
1.12
1.12
1.11
1.10
1.09
1.08
1.08
1.08
1.07
1.06
1.06
1.05
1.05
1.05
1.05
1.05
1.04
1.04
1.04
1.04
1.04
1.04
1.04
1.04
1.04
1.05
1.04
1.05
1.05
1.05
1.05
1.05
1.06
1.06
1.06
1.07
1.07
1.08
1.08
1.09
1.07
1.06
1.05
1.04
1.05
1.04
1.03
1.01
1.01
1.00
0.98
0.98
0.97
0.97
0.96
0.95
0.95
0.95
0.94
0.94
0.93
0.93
0.93
0.93
0.92
0.92
0.92
0.92
0.92
0.91
0.91
0.91
0.91
0.91
0.91
0.91
0.91
0.91
0.91
0.92
0.92
0.92
0.93
0.93
0.94
0.94
0.95
0.95
0.95
0.96
0.96
0.97
0.98
0.98
0.99
1.01
1.01
1.02
1.03
1.04
0.92
0.93
1.07
1.08
1.09
1.11
1.12
1.14
1.15
1.16
1.18
1.19
1.22
1.23
1.26
1.28
1.30
1.33
0.69
0.61
0.61
0.64
1.45
1.49
1.53
1.56
1.59
1.63
1.67
1.51
1.48
1.47
1.45
1.43
1.43
1.43
1.42
1.40
1.36
1.37
1.35
1.34
1.31
1.30
1.47
1.55
1.65
1.75
1.85
1.88
1.88
1.88
1.88
1.87
1.86
1.86
1.86
1.86
1.85
1.85
1.85
1.85
1.01
1.00
1.08
5.570000 -2.683000 -1.268437
