1 180
10.20
9.63
9.13
8.67
8.25
7.87
7.55
7.39
10.00
10.08
6.46
6.28
6.35
6.40
6.46
6.52
6.60
6.67
6.75
6.84
4.14
4.06
3.97
4.25
4.30
4.38
4.44
4.51
4.59
4.67
4.74
4.83
4.93
4.92
4.86
1.34
1.29
1.26
1.24
1.23
1.20
1.19
1.19
1.16
1.15
1.15
1.14
1.13
1.11
1.11
1.10
1.08
1.07
1.07
1.06
1.05
1.05
1.04
1.04
1.03
1.03
1.02
1.02
1.02
1.01
1.00
1.00
1.00
1.00
0.99
0.99
0.99
0.99
1.00
0.99
0.99
1.00
0.99
0.99
1.00
0.99
1.00
1.00
1.00
1.00
1.01
1.01
1.02
1.02
1.02
1.03
1.03
1.03
1.04
1.05
1.06
1.07
1.08
1.09
1.10
1.11
1.12
1.13
1.14
1.15
1.16
1.17
1.19
1.20
1.21
1.23
1.29
2.23
2.18
2.14
2.10
2.06
2.01
1.98
1.94
1.91
1.88
1.86
1.83
1.80
1.77
1.76
1.73
1.71
1.68
1.66
1.64
1.62
1.61
1.59
1.58
1.57
1.56
1.54
1.53
1.52
1.50
1.49
1.48
1.47
1.46
1.45
1.44
1.43
1.42
1.42
1.41
1.40
1.40
1.39
1.39
1.38
1.38
1.39
1.38
1.39
1.39
1.39
1.39
1.39
1.39
1.39
1.38
1.39
1.39
1.39
1.39
1.38
1.39
1.40
1.40
1.41
1.40
1.41
1.42
10.254001 5.464000 0.231072
