1 180
1.13
1.12
1.13
1.13
1.13
1.14
1.14
1.14
1.14
1.15
1.15
1.15
1.15
1.16
1.16
1.16
1.17
1.17
1.19
1.20
1.20
1.21
1.22
1.23
1.25
1.25
1.27
1.28
1.31
1.31
1.33
1.38
1.38
1.39
1.40
1.42
1.44
1.47
1.49
1.52
1.54
1.56
1.60
1.64
1.67
1.69
1.74
1.77
1.81
1.85
1.90
1.95
2.00
2.06
2.12
2.19
2.26
2.31
2.41
2.49
2.57
2.68
2.78
2.89
3.01
3.16
3.31
6.80
6.77
6.74
6.70
6.67
6.63
6.60
6.59
6.42
6.64
6.72
6.70
6.68
81.83
81.83
81.83
81.83
81.83
81.83
81.83
8.22
81.83
81.83
9.11
10.17
9.97
9.92
10.09
10.50
17.49
13.26
81.83
81.83
12.06
81.83
81.83
5.01
3.73
3.22
2.88
2.62
2.42
2.24
2.10
1.99
1.90
1.81
1.73
1.65
1.60
1.54
1.47
1.42
1.38
1.33
1.30
1.26
1.23
1.21
1.17
1.14
1.12
1.08
1.07
1.05
1.02
1.00
0.98
0.96
0.94
0.92
0.91
0.89
0.89
0.87
0.85
0.85
0.83
0.82
0.82
0.81
0.80
0.78
0.78
0.76
0.76
0.75
0.74
0.73
0.73
0.73
0.73
0.72
0.71
0.71
0.70
0.71
0.70
0.70
0.69
0.69
0.69
0.69
0.69
0.69
0.68
0.68
0.68
0.68
0.69
0.69
0.68
0.68
-34.016003 10.701000 -2.196411
