1 180
1.35
1.35
1.35
1.35
1.35
1.35
1.36
1.36
1.36
1.35
1.36
1.36
1.36
1.37
1.38
1.38
1.39
1.39
1.40
1.41
1.41
1.43
1.43
1.44
1.46
1.45
1.46
1.47
1.48
1.50
1.51
1.52
1.54
3.90
3.89
3.89
3.88
3.88
3.88
3.87
3.87
3.87
3.70
4.48
4.09
3.22
3.23
4.50
4.50
4.08
4.33
2.78
3.93
3.94
3.97
3.98
3.99
3.17
3.16
81.83
3.36
81.83
81.83
7.47
7.57
81.83
81.83
81.83
6.96
9.00
13.40
13.33
5.85
5.51
5.49
5.44
5.36
5.40
5.44
12.81
12.72
12.71
12.63
81.83
81.83
81.83
81.83
81.83
81.83
3.73
3.83
3.77
81.83
81.83
3.72
81.83
81.83
81.83
81.83
81.83
81.83
81.83
81.83
81.83
81.83
81.83
81.83
81.83
2.95
81.83
81.83
81.83
2.75
2.72
2.70
2.65
2.63
81.83
81.83
2.53
2.51
2.48
2.46
2.44
2.41
2.39
2.37
2.36
2.31
2.34
2.39
2.42
2.46
2.51
2.54
2.59
2.62
2.67
2.71
2.73
2.51
2.52
2.49
2.45
2.42
2.79
2.69
2.66
2.64
2.60
2.58
2.55
2.52
2.50
2.48
2.48
2.57
2.67
2.73
2.72
2.70
2.69
2.68
2.67
2.40
2.52
3.35
5.44
5.42
5.39
5.37
5.36
3.38
3.33
3.33
4.69
4.82
81.83
5.26
4.82
-2.508000 -2.803000 1.533923
