1 180
5.46
5.48
4.33
4.23
5.35
5.10
4.34
4.77
4.30
4.83
4.28
4.24
4.25
4.47
4.49
5.75
5.76
5.74
5.70
5.71
4.72
1.82
1.79
1.76
1.73
1.70
1.68
1.65
1.63
1.60
1.44
1.42
1.39
1.37
1.34
1.30
1.27
1.22
1.24
1.26
1.28
1.32
1.33
1.37
1.40
1.44
1.47
1.51
1.56
1.59
1.65
1.68
1.74
1.79
1.85
1.91
1.99
2.07
2.15
2.25
2.35
2.46
2.57
2.69
2.83
2.99
3.17
3.41
3.63
3.90
4.20
4.56
4.99
5.50
6.92
7.10
8.25
9.82
12.83
12.81
12.80
12.78
12.78
12.79
12.79
12.81
8.39
8.32
8.41
8.51
8.62
8.68
7.47
7.48
5.87
5.44
5.07
4.72
4.43
4.17
3.96
3.74
3.58
3.42
3.28
3.16
3.03
2.92
2.82
2.72
2.63
2.55
2.48
2.41
2.34
2.28
2.21
2.17
2.11
2.06
2.02
1.98
1.93
1.90
1.86
1.82
1.79
1.76
1.73
1.71
1.68
1.65
1.63
1.60
1.58
1.56
1.54
1.53
1.51
1.49
1.48
1.46
1.44
1.43
1.41
1.40
1.39
1.39
1.38
1.37
1.36
1.34
1.34
1.33
1.32
1.31
1.30
1.29
1.29
1.28
1.28
1.28
1.27
1.27
1.27
1.27
1.27
1.26
1.26
1.26
1.26
1.26
1.26
1.26
1.26
1.26
1.26
1.26
1.27
1.27
-43.497002 -2.310000 -1.692478
