1 180
1.26
1.27
1.27
1.27
1.29
1.30
1.32
1.34
1.36
1.36
1.37
1.38
1.40
1.42
1.43
1.46
1.47
1.49
1.52
1.54
1.56
1.59
1.62
1.65
1.68
1.71
1.75
1.78
1.82
1.87
1.90
1.96
2.01
2.07
2.12
2.19
2.26
2.34
2.41
2.50
2.60
2.70
2.83
2.99
3.12
3.29
3.52
3.79
4.10
4.53
5.13
6.17
16.22
16.22
16.20
16.21
17.38
19.62
20.07
20.06
6.32
5.37
4.82
4.31
3.93
3.59
3.30
3.06
2.86
2.66
2.52
2.38
2.25
2.14
2.04
1.95
1.86
1.79
1.72
1.65
1.59
1.54
1.49
1.44
1.40
1.35
1.31
1.26
1.24
1.20
1.17
1.16
1.12
1.09
1.07
1.04
1.02
1.02
0.99
0.98
0.96
0.95
0.93
0.92
0.89
0.87
0.87
0.88
0.89
0.91
0.92
0.94
1.00
2.52
4.69
4.65
4.59
4.57
4.53
4.49
4.46
3.50
3.60
4.36
4.31
2.27
4.29
4.27
4.24
3.75
3.72
4.19
4.18
4.17
2.65
2.65
4.12
4.11
4.11
4.10
4.09
4.09
3.02
2.74
4.08
4.08
4.08
4.09
4.09
4.10
4.10
4.06
3.61
3.22
2.93
2.65
1.96
1.63
1.44
1.29
1.16
1.08
1.01
0.95
0.93
0.93
0.94
0.94
0.91
0.86
0.85
0.83
0.81
0.79
0.79
0.81
0.83
0.86
0.86
0.87
9.278000 0.631000 -2.405359
