1 180
1.07
1.08
1.08
1.08
1.08
1.08
1.09
1.08
1.09
1.09
1.09
1.09
1.09
1.09
1.10
1.10
1.11
1.12
1.12
1.13
1.13
1.14
1.14
1.15
1.15
1.17
1.18
1.18
1.21
1.21
1.23
1.24
1.25
1.27
1.28
1.30
1.33
1.35
1.37
1.38
1.39
1.42
1.44
1.47
1.50
1.53
1.55
1.59
1.62
1.65
1.70
1.73
1.78
1.81
1.87
1.89
1.97
2.03
2.09
2.16
2.21
2.30
2.37
2.47
2.56
2.66
2.77
2.89
3.02
3.18
3.36
3.55
3.75
3.96
4.22
4.52
7.96
7.92
7.89
7.88
7.74
7.98
8.01
8.00
7.98
81.83
81.83
81.83
81.83
81.83
9.54
81.83
81.83
81.83
11.47
11.23
11.36
11.50
18.76
14.54
81.83
81.83
13.33
4.32
3.58
3.16
2.82
2.59
2.38
2.22
2.09
1.98
1.87
1.79
1.71
1.65
1.59
1.53
1.47
1.44
1.39
1.34
1.31
1.27
1.23
1.20
1.18
1.14
1.12
1.09
1.08
1.05
1.03
1.01
1.00
0.98
0.96
0.94
0.93
0.90
0.90
0.88
0.88
0.86
0.85
0.84
0.83
0.83
0.81
0.81
0.79
0.79
0.78
0.77
0.76
0.76
0.75
0.74
0.74
0.74
0.74
0.73
0.73
0.72
0.71
0.71
0.71
0.71
0.71
0.70
0.70
0.70
0.70
0.70
0.70
0.69
0.70
0.71
0.70
0.70
-33.257000 11.794001 -2.165683
