1 180
1.07
1.08
1.07
1.08
1.08
1.08
1.08
1.08
1.08
1.08
1.09
1.09
1.09
1.10
1.10
1.10
1.10
1.11
1.11
1.11
1.12
1.12
1.13
1.14
1.15
1.16
1.17
1.18
1.18
1.19
1.21
1.22
1.23
1.25
1.26
1.28
1.29
1.31
1.31
1.33
1.35
1.37
1.39
1.41
1.43
1.45
1.48
1.51
1.53
1.57
1.59
1.63
1.66
1.69
1.72
1.77
1.80
1.85
1.91
1.93
2.00
2.06
2.12
2.17
2.22
1.41
1.39
1.38
1.39
1.40
1.43
2.92
3.05
3.21
3.37
3.57
3.79
4.01
4.29
4.60
4.94
5.36
5.86
11.16
10.82
10.78
10.72
81.83
11.59
81.83
17.11
81.83
81.83
9.19
81.83
81.83
81.83
81.83
81.83
81.83
81.83
81.83
81.83
81.83
81.83
7.57
7.59
4.12
3.86
3.63
3.44
3.26
3.11
2.98
2.85
2.73
2.63
2.51
2.42
2.34
2.27
2.19
2.13
2.05
2.02
1.96
1.93
1.85
1.82
1.77
1.73
1.68
1.65
1.62
1.58
1.55
1.52
1.50
1.48
1.44
1.42
1.40
1.37
1.36
1.34
1.32
1.30
1.28
1.27
1.24
1.25
1.23
1.22
1.21
1.20
1.18
1.16
1.15
1.14
1.14
1.13
1.12
1.12
1.11
1.11
1.10
1.11
1.09
1.08
1.08
1.08
1.07
1.07
1.06
1.05
1.06
1.05
1.05
1.05
1.05
0.000000 0.000000 -0.002458
