1 180
1.54
1.53
1.52
1.52
1.50
1.50
1.63
1.76
1.90
2.03
2.13
2.20
2.18
2.17
2.17
1.98
1.95
2.11
2.20
10.62
10.70
81.83
8.24
8.22
8.22
9.41
9.52
17.54
17.51
21.23
11.66
10.41
10.40
10.29
8.86
6.17
5.35
4.58
4.36
4.35
4.37
4.37
4.39
4.41
2.15
2.07
2.03
2.09
2.19
2.20
2.23
2.23
2.01
1.93
1.86
1.78
1.71
1.63
1.60
1.54
1.46
1.47
1.51
1.52
1.54
1.55
1.58
1.59
1.62
1.63
1.66
1.67
1.85
2.83
2.88
2.93
2.98
3.04
3.10
3.16
3.22
3.30
3.37
3.45
3.53
3.60
3.57
3.52
3.48
3.45
3.41
3.38
3.35
3.31
3.28
2.09
2.04
2.02
1.97
2.00
1.99
1.96
1.98
2.02
2.17
2.21
2.04
1.98
1.92
1.88
1.87
1.86
1.97
1.98
2.03
2.14
2.20
2.22
2.21
2.20
2.21
2.20
2.20
2.18
2.19
2.19
2.18
2.18
2.19
2.21
2.23
2.24
2.25
2.25
2.03
2.00
1.98
2.32
2.46
3.12
3.12
3.15
3.17
3.19
3.20
1.94
1.87
1.88
3.32
3.35
3.38
3.41
3.45
3.49
3.54
3.58
3.62
3.67
3.61
3.54
3.46
3.38
3.19
3.24
3.17
3.14
3.07
3.02
2.97
2.92
2.88
2.84
2.83
2.16
1.96
1.93
1.92
1.89
1.87
1.85
8.134000 8.097000 -1.563422
