1 180
2.25
2.14
2.06
1.96
1.89
1.81
1.75
1.70
1.63
1.57
1.53
1.50
1.45
1.41
1.36
1.34
1.30
1.26
1.23
1.20
1.18
1.16
1.13
1.11
1.09
1.06
1.04
1.03
1.01
1.00
0.98
0.96
0.94
0.92
0.93
0.91
0.89
0.88
0.87
0.86
0.86
0.86
0.85
0.83
0.83
0.82
0.81
0.80
0.79
0.78
0.78
0.78
0.77
0.77
0.76
0.76
0.75
0.75
0.74
0.75
0.75
0.74
0.73
0.74
0.74
0.73
0.73
0.73
0.72
0.72
0.73
0.74
0.73
0.72
0.73
0.73
0.72
0.73
0.73
0.73
0.74
0.74
0.74
0.74
0.74
0.74
0.75
0.75
0.76
0.76
0.77
0.77
0.77
0.78
0.78
0.80
0.80
0.80
0.82
0.83
0.83
0.84
0.86
0.86
0.87
0.88
0.89
0.89
0.91
0.92
0.93
0.94
0.96
0.92
6.12
6.04
6.12
9.53
8.65
7.59
9.97
9.83
5.36
5.28
5.22
5.29
5.42
5.55
5.68
5.84
6.00
6.17
6.37
6.57
6.79
7.04
7.30
7.58
7.89
8.09
8.03
7.97
7.93
4.98
4.96
4.94
4.92
4.89
3.85
3.85
3.84
3.81
5.09
5.08
5.07
5.05
5.02
5.01
5.04
5.02
5.01
7.42
7.42
6.30
6.19
6.28
7.45
6.18
7.47
7.49
6.87
6.88
6.91
7.08
6.97
6.98
7.01
7.02
7.73
7.77
9.233000 2.609000 -0.961160
