1 180
6.15
6.13
6.21
6.59
7.06
7.58
8.21
8.95
9.83
10.87
14.12
14.24
14.24
81.83
81.83
81.83
15.73
81.83
81.83
4.65
4.06
3.69
3.41
3.14
2.91
2.73
2.57
2.44
2.32
2.23
2.14
2.07
2.00
1.93
1.87
1.81
1.77
1.72
1.67
1.62
1.58
1.54
1.51
1.47
1.43
1.41
1.37
1.35
1.32
1.29
1.29
1.26
1.24
1.22
1.19
1.19
1.17
1.15
1.13
1.12
1.10
1.09
1.07
1.07
1.05
1.05
1.03
1.02
1.01
1.00
0.99
0.99
0.98
0.97
0.97
0.96
0.97
0.99
1.05
1.11
1.19
2.81
2.91
3.02
3.14
3.27
3.42
3.45
3.45
3.51
3.77
3.99
4.23
4.53
4.86
5.23
5.67
6.20
6.84
7.01
6.99
7.03
9.89
11.11
18.54
18.44
19.68
19.68
22.11
9.20
7.98
7.98
7.99
8.00
8.02
8.04
8.06
6.24
5.72
5.20
4.82
4.52
4.18
3.92
3.68
3.49
3.33
3.14
2.99
2.86
2.73
2.62
2.54
2.49
2.50
2.53
2.54
2.58
2.60
2.68
2.70
2.73
2.77
2.80
2.84
2.86
2.91
5.01
4.90
4.87
4.89
4.97
5.05
5.09
5.02
4.94
4.86
4.79
4.72
4.67
4.60
4.54
4.49
4.43
4.40
4.33
4.29
4.25
4.21
4.17
4.13
4.09
4.06
4.03
3.90
3.46
1.14
1.13
1.12
1.11
-7.005000 -8.841000 0.900934
