1 180
1.12
1.14
1.17
1.19
1.22
1.25
3.32
3.40
3.51
3.56
3.54
3.51
3.49
3.46
3.44
3.43
3.40
3.38
3.36
3.34
3.08
3.30
3.29
3.28
3.27
3.26
3.25
3.23
3.22
3.21
1.90
1.74
1.61
1.49
1.50
1.49
1.50
1.52
1.53
1.53
1.55
1.56
1.57
1.57
1.59
1.60
1.62
1.62
1.64
1.87
1.88
1.90
1.93
1.96
1.92
1.87
1.41
1.32
1.34
1.37
1.38
1.40
1.43
1.45
1.48
1.50
1.51
1.48
1.46
1.44
1.42
1.40
1.38
1.37
1.35
1.33
1.31
1.29
0.93
0.92
0.92
0.97
0.99
1.04
1.07
1.11
1.16
1.21
3.21
3.19
3.17
3.15
2.82
2.96
3.09
3.08
3.07
3.05
3.04
3.03
3.02
3.01
3.00
3.00
2.99
2.98
2.98
2.98
2.98
2.98
2.97
2.68
2.96
2.97
2.98
2.98
2.99
3.00
3.00
3.02
3.03
3.04
3.06
3.07
3.09
3.10
3.11
2.93
2.83
2.76
2.64
2.52
2.42
2.32
2.24
2.13
2.08
2.11
2.11
2.08
2.02
1.95
1.89
1.84
1.80
1.76
1.71
1.69
1.64
1.61
1.57
1.54
1.52
1.48
1.30
1.29
1.28
1.25
1.24
1.23
1.22
1.20
1.18
1.17
1.15
1.15
1.13
1.12
1.09
1.09
1.07
1.09
1.10
1.13
1.20
1.20
1.20
1.18
1.24
1.29
-46.417999 -22.906000 -2.638889
