1 180
0.69
0.68
0.68
0.68
0.68
0.68
0.68
0.68
0.68
0.68
0.68
0.68
0.68
0.68
0.68
0.68
0.68
0.68
0.68
0.68
0.68
0.68
0.68
0.69
0.69
0.69
0.70
0.70
0.70
0.71
0.71
0.71
0.72
0.73
0.73
0.73
0.73
0.74
0.75
0.76
0.77
0.77
0.78
0.78
0.80
0.80
0.81
0.82
0.83
0.84
0.86
0.86
0.87
0.89
0.91
0.92
0.94
0.96
0.98
0.99
1.00
1.02
1.04
1.07
1.09
1.12
1.14
1.17
1.20
1.24
1.26
1.29
1.33
1.38
1.42
1.46
1.52
1.58
1.63
1.69
1.77
1.85
1.92
2.03
2.14
2.25
2.38
2.53
2.70
2.92
11.18
11.41
7.66
7.35
7.33
7.27
7.27
7.39
81.83
10.61
10.52
6.57
81.83
81.83
81.83
81.83
81.83
5.78
5.88
81.83
81.83
81.83
81.83
81.83
81.83
81.83
81.83
81.83
81.83
5.12
81.83
81.83
81.83
81.83
81.83
81.83
81.83
81.83
81.83
4.41
81.83
4.53
4.59
4.61
4.67
81.83
4.57
4.47
4.42
4.70
4.62
4.52
4.43
4.35
4.31
4.37
4.44
4.47
4.08
4.11
4.19
4.28
4.67
4.76
4.87
5.09
6.36
6.52
6.62
4.72
4.75
6.91
6.86
6.78
6.72
6.01
5.99
6.09
6.33
1.60
1.55
1.54
1.54
1.53
1.52
1.52
1.50
1.49
1.49
1.49
3.382000 -0.940000 -0.506391
