1 180
81.83
81.83
81.83
81.83
81.83
10.19
9.04
8.05
7.27
6.63
6.48
6.52
5.32
4.98
4.68
4.43
4.19
3.99
3.78
3.62
3.46
3.32
3.20
3.09
2.98
2.87
2.78
2.68
2.60
2.53
2.45
2.39
2.33
2.27
2.21
2.16
2.10
2.05
2.02
1.98
1.94
1.89
1.86
1.82
1.79
1.76
1.74
1.71
1.68
1.66
1.63
1.60
1.59
1.57
1.56
1.54
1.52
1.51
1.49
1.48
1.46
1.46
1.45
1.44
1.43
1.42
1.41
1.46
1.55
1.61
1.78
1.85
1.93
2.01
2.10
2.20
2.48
2.47
2.48
2.46
2.51
5.01
4.98
4.95
4.97
4.96
4.87
4.85
4.89
4.48
4.84
5.71
5.87
5.74
5.10
5.28
5.17
5.17
5.17
5.16
5.14
5.12
5.12
5.64
5.73
5.79
5.85
6.07
6.11
6.14
6.18
1.73
1.65
1.43
1.38
1.33
1.28
1.25
1.19
1.15
1.11
1.09
1.05
1.02
1.00
0.99
0.96
0.94
0.90
0.89
0.87
0.84
0.84
0.83
0.81
0.79
0.78
0.78
0.77
0.76
0.75
0.74
0.73
0.73
0.71
0.70
0.70
0.69
0.69
0.69
0.68
0.68
0.66
0.66
0.66
0.65
0.64
0.64
0.64
0.63
0.64
0.64
0.63
0.62
0.61
0.60
0.62
0.61
0.60
0.61
0.61
0.61
0.61
0.61
0.61
0.61
0.61
0.61
0.61
0.61
1.658000 9.749001 1.318830
