1 180
1.07
1.07
1.07
1.08
1.08
1.08
1.08
1.08
1.08
1.09
1.09
1.09
1.09
1.10
1.10
1.10
1.10
1.11
1.11
1.12
1.12
1.13
1.13
1.14
1.15
1.16
1.17
1.18
1.19
1.20
1.21
1.22
1.23
1.25
1.27
1.28
1.29
1.31
1.32
1.34
1.35
1.37
1.39
1.41
1.43
1.46
1.48
1.51
1.54
1.56
1.59
1.62
1.66
1.70
1.72
1.77
1.80
1.85
1.90
1.94
2.00
2.06
2.12
2.19
2.25
2.32
2.38
1.49
1.46
1.46
1.47
1.51
1.58
1.94
3.38
3.56
3.77
4.01
4.29
4.61
4.95
5.37
5.87
11.17
10.83
10.79
10.72
14.38
11.59
81.83
17.12
81.83
81.83
9.19
81.83
81.83
81.83
81.83
81.83
81.83
81.83
81.83
81.83
81.83
81.83
7.57
7.61
4.12
3.86
3.63
3.44
3.27
3.12
2.99
2.85
2.72
2.63
2.52
2.43
2.35
2.28
2.20
2.13
2.08
2.02
1.97
1.92
1.87
1.83
1.78
1.73
1.69
1.65
1.62
1.58
1.55
1.51
1.49
1.47
1.44
1.42
1.40
1.36
1.35
1.33
1.31
1.29
1.27
1.25
1.24
1.23
1.22
1.21
1.20
1.18
1.18
1.17
1.16
1.14
1.14
1.13
1.12
1.12
1.12
1.10
1.11
1.10
1.09
1.08
1.08
1.07
1.08
1.07
1.07
1.05
1.06
1.05
1.05
1.05
1.05
0.000000 0.000000 -0.002458
