1 180
1.01
1.01
1.01
1.02
1.03
1.03
1.04
1.04
1.05
1.06
1.06
1.07
1.08
1.08
1.08
1.09
1.10
1.11
1.11
1.13
1.13
1.15
1.16
0.97
0.97
1.20
1.21
1.22
1.23
1.25
1.27
1.30
1.31
1.33
1.35
1.38
1.41
1.43
1.46
1.48
1.51
1.55
1.58
1.61
1.65
1.69
1.73
1.77
1.81
1.85
1.92
1.96
2.03
2.09
2.16
2.24
1.91
2.40
2.49
2.60
2.72
2.82
2.80
2.80
2.77
2.76
2.75
2.82
3.03
3.28
3.57
3.91
4.31
4.81
5.41
10.11
9.16
9.14
10.39
10.36
10.39
10.39
12.80
11.56
11.67
12.81
5.67
4.65
3.93
3.43
3.05
2.75
2.51
2.30
2.13
1.98
1.85
1.73
1.63
1.54
1.47
1.39
1.33
1.26
1.21
1.16
1.11
1.07
1.03
0.99
0.96
0.92
0.89
0.86
0.83
0.81
0.78
0.77
0.75
0.72
0.71
0.70
0.69
0.68
0.66
0.65
0.65
0.64
0.63
0.63
0.61
0.59
0.60
0.59
0.58
0.57
0.57
0.56
0.56
0.55
0.56
0.55
0.55
0.55
0.54
0.53
0.53
0.53
0.52
0.52
0.51
0.52
0.51
0.51
0.51
0.50
0.50
0.50
0.50
0.50
0.49
0.50
0.49
0.49
0.49
0.49
0.49
0.48
0.48
0.49
0.48
0.48
0.48
0.48
0.48
0.48
0.48
0.48
0.49
0.49
5.307000 -0.940000 1.042281
