1 180
1.17
1.18
1.18
1.18
1.18
1.19
1.19
1.20
1.21
1.22
1.22
1.23
1.24
1.24
1.24
1.25
1.26
1.27
1.28
1.29
1.30
1.32
1.32
1.33
1.36
1.36
1.37
1.39
1.41
1.43
1.45
1.47
1.47
1.49
1.52
1.54
1.57
1.59
1.62
1.64
1.68
1.72
1.75
1.79
1.83
1.87
1.92
1.97
2.01
2.06
2.13
2.19
2.25
2.33
2.42
2.49
2.59
2.69
2.84
2.94
3.09
3.30
3.49
3.72
4.05
4.43
4.96
5.89
11.05
16.06
16.04
16.05
16.07
19.63
19.45
19.91
19.90
6.15
5.18
4.55
4.07
3.68
3.37
3.10
2.86
2.68
2.50
2.37
2.23
2.11
2.00
1.90
1.81
1.73
1.66
1.60
1.54
1.49
1.43
1.38
1.34
1.29
1.26
1.22
1.18
1.14
1.12
1.09
1.06
1.04
1.01
0.99
0.97
0.94
0.93
0.91
0.90
0.89
0.88
0.86
0.84
0.83
0.83
0.81
0.81
0.80
0.78
0.78
0.77
0.75
0.74
0.74
0.75
0.77
0.79
0.81
0.86
4.41
4.37
4.34
4.31
3.38
4.26
4.23
4.21
4.15
2.11
4.15
4.13
4.04
3.57
4.09
4.08
4.07
4.06
2.58
2.58
4.04
4.04
4.04
4.04
4.04
4.04
2.70
4.04
4.04
4.05
4.06
4.07
4.07
4.08
3.94
3.60
3.30
3.05
2.83
2.64
2.49
2.35
1.84
7.976000 -1.269000 -1.280728
