1 180
0.75
0.75
0.75
0.75
0.75
0.75
0.75
0.75
0.75
0.75
0.75
0.75
0.74
0.74
0.75
0.75
0.75
0.75
0.75
0.74
0.75
0.75
0.75
0.75
0.75
0.75
0.75
0.75
0.75
0.76
0.76
0.76
0.77
0.77
0.78
0.79
0.79
0.80
0.81
0.82
0.82
0.82
0.84
0.85
0.85
0.86
0.88
0.89
0.89
0.90
0.92
0.93
0.94
0.95
0.97
0.99
0.99
1.01
1.03
1.05
1.07
1.10
1.12
1.13
1.16
1.14
1.13
1.12
1.10
1.08
1.07
1.07
1.05
1.04
1.02
1.02
1.01
1.00
0.99
1.01
1.80
1.88
1.96
2.03
1.84
2.23
2.34
2.46
2.60
2.77
2.95
3.17
3.41
2.70
4.06
4.49
5.03
3.81
5.96
5.98
5.97
13.71
12.42
12.47
13.67
13.67
16.10
16.10
16.11
8.96
7.10
6.07
5.34
4.73
4.27
3.88
3.56
3.27
3.27
3.28
3.30
9.46
2.31
2.26
2.14
2.09
2.13
2.14
2.16
2.18
2.19
2.21
2.23
2.26
2.27
2.30
2.32
2.35
2.37
2.40
2.42
2.46
2.49
2.52
2.57
2.60
2.65
2.69
2.72
2.78
2.82
2.87
2.93
2.98
3.04
3.11
3.17
3.25
3.32
3.39
3.48
3.58
3.68
3.79
3.89
4.00
4.13
4.26
4.41
4.53
4.50
4.46
4.43
4.40
1.61
1.55
1.56
1.55
1.53
1.53
-3.302000 -3.803000 0.581367
