1 180
5.28
5.31
4.09
4.09
4.08
4.35
4.16
4.14
5.42
5.28
4.84
4.84
4.88
4.90
4.92
5.37
5.01
5.02
5.06
5.08
5.11
5.87
5.92
5.98
6.02
6.08
6.15
6.22
6.28
4.63
4.64
6.54
6.60
6.46
6.31
6.19
6.06
5.94
2.47
2.43
2.39
2.37
2.33
2.30
2.28
2.25
2.22
2.20
2.18
1.92
1.90
1.87
1.85
1.84
1.80
1.77
1.80
1.86
1.93
2.00
2.08
2.04
2.03
2.01
1.99
1.98
1.97
1.96
1.94
1.93
1.92
1.91
1.90
1.90
1.90
1.89
1.88
1.88
1.89
1.93
1.99
2.45
3.11
4.08
4.08
4.09
4.08
4.09
4.09
4.09
4.10
4.11
4.12
4.13
4.14
4.15
4.17
4.18
4.19
4.21
4.23
4.25
4.28
4.29
4.32
4.34
4.26
4.08
3.91
3.77
3.63
3.50
3.39
3.27
3.17
3.08
2.98
2.90
2.83
2.75
2.69
2.63
2.56
2.51
2.46
2.41
2.35
2.32
2.26
2.22
2.20
2.16
2.12
2.08
2.06
2.03
1.99
1.96
1.94
1.92
1.89
1.87
1.85
1.82
1.81
1.81
1.79
1.76
1.75
1.73
1.72
1.70
1.79
1.87
1.92
3.00
2.92
2.97
2.88
2.86
2.85
2.85
3.12
3.36
3.67
4.02
4.43
5.00
5.68
6.62
7.65
22.20
23.05
22.90
18.52
18.51
15.73
15.80
9.78
7.05
-13.415999 19.813000 2.273844
