1 180
2.74
2.77
2.79
2.81
2.84
2.87
2.89
2.91
2.94
2.96
3.00
3.03
3.07
3.11
3.16
3.20
3.24
3.30
3.33
3.39
3.44
8.04
7.67
7.27
6.91
6.62
6.51
6.58
6.83
6.92
5.47
5.28
5.12
4.96
4.81
4.68
4.55
4.43
4.32
4.21
4.11
4.01
3.93
3.83
3.76
3.69
3.63
3.55
3.50
3.42
3.37
3.32
3.26
3.21
3.16
3.11
3.06
3.02
2.98
2.94
2.91
2.87
2.84
2.81
2.80
2.76
2.76
2.71
2.69
2.66
2.64
2.63
2.61
2.59
2.57
2.57
2.55
2.54
2.52
2.51
2.51
2.50
2.49
2.48
2.47
2.47
2.47
2.46
2.44
2.44
3.07
3.35
6.07
3.56
6.08
5.99
5.97
6.06
5.61
7.01
7.01
7.00
6.94
6.33
6.34
6.32
6.36
6.30
6.28
6.86
6.92
7.00
7.19
7.27
2.70
2.53
2.41
2.31
2.22
2.16
2.06
1.99
1.93
1.87
1.81
1.75
1.71
1.67
1.62
1.58
1.54
1.51
1.48
1.43
1.41
1.37
1.34
1.31
1.28
1.27
1.25
1.23
1.21
1.18
1.17
1.15
1.13
1.12
1.10
1.09
1.08
1.07
1.05
1.06
1.04
1.03
1.02
1.01
1.00
0.99
0.99
0.98
0.98
0.97
0.95
0.96
0.94
0.94
0.94
0.94
0.94
0.94
0.93
0.93
0.93
0.93
0.93
0.92
0.92
0.92
12.662000 2.408000 -0.420354
