1 180
0.49
0.49
0.49
0.49
0.49
0.49
0.49
0.49
0.50
0.50
0.50
0.50
0.50
0.50
0.51
0.51
0.51
0.52
0.52
0.52
0.53
0.53
0.54
0.54
0.55
0.55
0.56
0.56
0.57
0.57
0.58
0.59
0.60
0.61
0.61
0.63
0.64
0.65
0.66
0.67
0.67
0.68
0.69
0.78
0.82
0.86
5.30
5.80
5.97
6.01
5.96
5.98
6.75
6.85
6.79
7.10
7.57
3.28
3.23
3.18
3.13
3.08
3.05
3.01
2.98
2.94
2.91
2.89
2.85
2.83
2.80
2.77
2.75
2.73
2.71
2.69
2.68
2.66
2.65
2.62
2.61
2.60
2.59
2.58
2.58
2.57
2.56
2.55
2.54
2.53
2.52
2.52
2.52
2.53
2.53
2.53
2.53
2.53
2.53
2.53
2.54
2.55
2.56
2.57
2.57
2.58
2.59
2.60
2.61
2.62
0.82
0.77
0.75
0.73
0.72
0.70
0.69
0.69
0.70
0.72
0.76
0.77
0.78
0.79
0.80
0.82
0.84
0.85
0.87
0.89
0.91
0.94
0.96
0.98
0.99
1.03
1.06
1.09
1.12
1.16
1.18
1.23
1.26
1.31
1.35
1.39
1.45
1.50
1.56
1.63
1.70
1.77
1.86
1.97
2.09
2.23
2.38
2.56
2.80
2.80
2.79
2.78
2.78
2.77
2.77
2.76
2.76
2.75
2.75
2.75
2.74
2.75
2.75
2.75
2.76
2.76
2.77
2.77
2.78
2.78
9.125999 -1.030000 1.573254
