1 180
0.45
0.45
0.45
0.46
0.46
0.46
0.46
0.47
0.46
0.46
0.47
0.47
0.46
0.47
0.47
0.47
0.48
0.48
0.48
0.48
0.49
0.49
0.49
0.50
0.51
0.51
0.52
0.52
0.67
1.14
1.13
1.52
1.54
1.56
1.59
1.62
1.65
1.68
1.70
1.73
1.71
1.68
1.66
1.63
1.61
1.59
1.57
1.57
3.37
3.32
3.29
3.26
3.22
3.18
3.16
3.13
3.10
3.07
3.05
3.03
3.01
2.87
2.86
2.84
2.82
2.82
2.80
2.80
2.77
2.77
2.90
2.92
3.06
3.35
3.74
5.28
4.80
4.80
4.80
4.79
4.76
4.81
5.26
5.00
4.59
4.70
4.70
4.72
2.75
2.72
2.75
2.74
2.74
2.75
2.76
2.77
2.78
2.58
2.38
2.36
2.36
2.37
2.39
0.62
0.59
0.59
0.59
0.59
0.93
1.46
1.45
1.40
1.35
1.31
1.27
1.25
1.22
1.19
1.15
1.12
1.10
1.08
1.06
1.04
1.02
1.00
0.98
0.97
0.95
0.93
0.92
0.90
0.90
0.89
0.87
0.86
0.86
0.84
0.84
0.82
0.81
0.80
0.79
0.78
0.78
0.77
0.76
0.76
0.76
0.75
0.75
0.74
0.74
0.73
0.72
0.72
0.72
0.71
0.71
0.70
0.70
0.70
0.70
0.70
0.69
0.69
0.69
0.69
0.69
0.70
0.69
0.69
0.69
0.70
0.69
0.69
0.70
0.69
0.69
0.70
-47.852997 -21.598999 -0.887414
