1 180
81.83
81.83
81.83
81.83
81.83
81.83
9.29
9.29
5.64
5.28
4.98
4.70
4.45
4.22
4.04
3.85
3.70
3.53
3.42
3.27
3.17
3.04
2.95
2.85
2.77
2.69
2.60
2.53
2.47
2.40
2.35
2.30
2.24
2.18
2.13
2.08
2.05
2.00
1.98
1.92
1.89
1.88
1.83
1.81
1.78
1.75
1.74
1.71
1.68
1.66
1.65
1.63
1.61
1.59
1.57
1.57
1.63
1.69
1.74
1.82
2.41
2.49
6.24
6.20
6.16
6.12
6.09
6.06
6.02
5.32
5.30
5.29
5.29
5.51
5.87
5.86
5.84
5.96
5.95
5.94
5.93
5.93
5.92
4.75
5.92
5.92
5.93
5.19
5.16
5.17
5.18
5.20
5.86
1.64
1.43
1.41
1.42
1.43
1.43
1.45
1.45
1.45
1.46
1.47
1.47
1.49
1.49
1.51
1.52
1.53
1.54
1.56
1.56
1.57
1.59
1.61
1.63
1.64
1.67
1.69
1.71
1.72
1.74
1.77
1.81
1.83
1.87
1.90
1.93
1.96
2.01
2.04
2.07
2.11
2.16
2.21
2.27
2.31
2.37
2.44
2.49
2.57
2.63
2.71
2.80
2.89
3.00
3.08
3.21
3.32
3.43
3.58
3.73
3.90
4.08
4.30
4.51
4.77
5.06
6.48
6.45
6.36
6.33
6.31
6.28
6.27
6.25
6.23
6.22
6.21
6.19
6.19
6.17
6.18
6.18
1.92
1.88
1.82
1.77
1.73
-49.637997 -36.189999 -1.913717
