1 180
1.46
1.45
1.43
1.42
1.41
1.40
1.39
1.38
1.37
1.36
1.35
1.34
1.34
1.34
1.33
1.33
1.31
1.31
1.30
1.30
1.29
1.29
1.29
1.29
1.28
1.28
1.28
1.28
1.28
1.28
1.28
1.28
1.28
1.29
1.29
1.29
1.29
1.31
1.27
1.27
1.28
2.95
2.96
2.98
2.98
4.60
4.63
4.65
4.67
4.69
4.53
4.54
4.58
4.61
4.65
4.70
4.96
5.01
5.05
5.11
5.16
5.21
5.26
5.33
5.38
5.45
5.54
5.61
1.86
1.78
1.67
1.65
1.62
1.59
1.57
1.55
1.52
1.50
1.49
1.46
1.45
1.44
1.41
1.40
1.38
1.36
1.35
1.34
1.34
1.32
1.32
1.31
1.29
1.28
1.28
1.27
1.26
1.25
1.25
1.24
1.24
1.23
1.23
1.39
1.38
1.37
1.36
1.35
1.36
1.35
1.35
1.35
1.35
1.35
1.34
1.34
1.34
1.34
1.34
1.34
1.34
1.35
1.35
1.35
1.35
1.35
1.35
1.35
1.36
1.37
1.37
1.38
1.38
1.39
1.39
1.38
1.22
1.24
1.22
1.14
1.18
1.19
1.20
1.21
1.21
1.22
1.23
1.24
1.25
1.27
1.29
1.30
1.32
1.34
1.35
1.36
1.39
1.41
1.43
1.45
1.48
1.50
1.52
1.55
1.58
1.61
1.64
1.67
1.69
1.89
1.88
1.85
1.84
1.84
1.82
1.82
1.81
1.80
1.79
1.78
-44.641003 -14.709001 1.091445
