1 180
0.56
0.56
0.56
0.56
0.56
0.57
0.57
0.57
0.57
0.56
0.56
0.56
0.56
0.56
0.56
0.56
0.57
0.57
0.57
0.57
0.58
0.57
0.57
0.58
0.58
0.58
0.59
0.59
0.60
0.60
0.61
0.61
0.61
0.62
0.63
0.63
0.64
0.64
0.64
0.65
0.66
0.67
0.68
0.69
0.70
0.71
0.72
0.73
0.74
0.75
0.76
0.77
0.79
0.81
0.83
0.83
0.84
0.87
0.89
0.91
0.94
0.96
0.97
1.00
1.03
1.07
1.09
1.13
1.17
1.21
1.24
1.29
1.33
1.39
1.44
1.49
1.57
1.63
1.69
8.88
8.84
8.78
8.75
5.87
5.86
5.83
5.81
5.79
4.78
4.77
4.74
4.75
5.98
5.98
6.00
6.00
5.99
5.99
6.05
8.41
7.21
7.22
7.24
7.15
8.47
8.49
7.87
7.89
7.91
8.00
7.98
8.00
8.03
8.75
8.78
5.12
4.44
4.25
4.26
1.62
1.55
1.50
1.42
1.41
1.42
1.42
1.44
1.47
1.48
1.45
1.43
1.45
1.46
1.47
1.49
1.50
1.51
1.52
1.53
1.55
1.56
1.58
1.60
1.61
1.64
1.65
1.68
1.70
1.72
1.75
1.78
1.81
1.83
1.87
1.89
1.92
2.77
0.72
0.68
0.67
0.67
0.70
0.69
0.69
0.68
0.68
0.67
0.67
0.66
0.66
0.65
0.65
0.64
0.63
0.64
0.63
0.63
0.63
0.63
0.63
8.732000 2.050000 0.526057
