1 180
1.52
1.34
1.34
1.34
1.34
1.34
1.35
1.35
1.35
1.36
1.36
1.36
1.37
1.38
1.37
1.38
1.39
1.39
1.40
1.42
1.42
1.44
1.45
1.47
1.48
1.49
1.51
1.53
1.53
1.56
1.58
1.59
1.62
1.64
1.67
1.70
1.72
1.74
1.77
1.80
1.84
1.89
1.90
1.95
1.99
2.02
2.07
2.12
2.16
2.23
2.28
2.34
2.41
2.47
2.55
2.63
2.72
2.81
2.91
3.00
3.12
3.25
3.37
3.52
3.67
3.84
4.06
4.28
4.50
4.76
5.09
6.31
6.27
6.33
6.87
7.56
8.34
9.40
10.70
14.32
14.49
14.48
81.83
81.83
81.83
81.83
81.83
24.50
17.73
5.86
5.20
4.73
4.35
4.06
3.83
3.62
3.43
3.27
3.14
3.02
2.90
2.80
2.71
2.62
2.55
2.48
2.41
2.35
2.29
2.24
2.18
2.13
2.09
2.04
2.00
1.96
1.92
1.89
1.85
1.82
1.78
1.77
1.74
1.72
1.69
1.66
1.66
1.64
1.62
1.59
1.57
1.56
1.54
1.52
1.51
1.49
1.48
1.48
1.46
1.45
1.45
1.43
1.43
1.44
1.53
1.61
3.16
3.26
3.36
3.48
3.60
3.75
3.91
3.89
3.90
4.13
4.34
4.58
4.85
5.15
5.48
5.88
6.31
6.86
7.42
7.41
7.40
10.19
11.73
11.82
81.83
18.85
20.09
20.10
21.31
8.36
8.36
8.36
8.37
8.38
-30.423000 17.823000 -1.655605
