1 180
0.95
0.95
0.96
0.96
0.96
0.96
0.96
0.96
0.96
0.95
0.95
0.95
0.95
0.96
0.96
0.97
0.97
0.97
0.97
0.98
0.99
0.99
1.00
1.00
1.02
1.02
1.03
1.04
1.05
1.05
1.06
1.07
1.08
1.10
1.11
1.11
1.12
1.14
1.15
1.17
1.18
1.20
1.22
1.25
1.27
1.27
1.30
1.32
1.35
1.37
1.39
1.41
1.45
1.48
1.51
1.53
1.58
1.62
1.66
1.70
1.75
1.80
1.86
1.93
1.99
2.05
2.13
2.21
2.30
2.40
2.51
2.65
2.81
2.99
3.20
3.37
3.74
4.08
8.50
8.44
8.39
8.33
8.28
8.24
7.84
8.15
8.12
5.46
5.42
5.39
5.37
5.37
5.34
5.33
5.32
5.32
5.31
5.31
5.30
5.30
5.30
5.30
5.30
5.30
5.31
5.32
5.33
5.34
5.36
5.37
5.41
5.48
4.37
4.02
3.74
3.51
3.31
3.11
2.95
2.80
2.67
2.54
2.45
2.35
2.26
2.19
2.11
2.03
1.97
1.90
1.84
1.78
1.74
1.69
1.63
1.60
1.55
1.52
1.47
1.44
1.41
1.38
1.35
1.32
1.30
1.28
1.26
1.23
1.21
1.20
1.18
1.17
1.16
1.14
1.12
1.11
1.11
1.08
1.08
1.06
1.04
1.03
1.03
1.02
1.01
1.00
0.99
0.99
0.98
0.97
0.97
0.98
0.96
0.96
0.96
0.94
0.95
0.96
0.94
0.94
12.125999 -3.198000 -1.077925
