1 180
2.04
81.83
1.79
1.78
1.81
1.74
81.83
1.76
1.78
1.85
1.89
1.84
1.84
1.82
1.84
1.83
3.17
3.19
3.21
3.23
3.26
3.29
3.32
3.22
3.13
1.29
1.28
1.25
1.23
1.20
1.16
1.16
1.20
1.18
1.16
1.14
1.13
1.11
1.10
1.07
1.07
1.06
1.04
1.02
1.01
1.01
1.00
0.99
0.98
0.97
0.97
1.03
1.06
1.14
1.20
1.26
1.32
1.41
1.49
1.59
1.39
1.37
1.42
1.46
1.52
1.51
3.87
3.86
3.83
3.80
3.78
3.76
3.75
3.74
3.72
3.70
3.69
3.68
3.67
3.66
3.64
3.64
3.63
3.62
3.62
3.62
3.62
3.62
3.62
3.62
3.62
3.62
3.62
3.63
3.64
3.65
3.66
3.68
3.69
3.70
3.71
3.73
3.75
3.76
3.78
3.80
3.83
3.85
3.86
3.89
3.92
3.95
6.34
6.31
6.29
6.28
6.25
6.24
6.22
6.04
6.31
5.53
6.76
5.02
6.55
6.74
6.16
6.15
5.40
81.83
5.50
17.18
81.83
18.29
18.15
17.87
81.83
81.83
81.83
9.47
81.83
81.83
8.83
7.30
7.22
7.08
7.11
6.18
81.83
5.19
5.21
81.83
7.21
5.26
5.27
5.27
5.20
7.40
7.54
2.90
2.88
2.87
2.85
2.84
2.83
2.81
2.81
2.79
2.39
2.55
2.57
2.56
2.56
2.55
2.55
2.01
2.00
1.62
1.62
1.62
6.244000 -8.094000 1.677729
