1 180
2.15
2.37
0.90
0.89
0.92
2.46
1.92
2.28
1.63
1.61
1.60
1.59
1.58
1.56
1.20
1.22
1.54
1.55
1.66
1.78
1.91
2.18
2.29
2.54
2.84
5.96
13.18
12.64
12.16
11.72
3.31
10.91
10.56
10.25
9.92
9.64
9.38
9.26
9.32
81.83
81.83
11.87
81.83
81.83
12.22
13.48
81.83
12.30
12.31
13.25
13.04
81.83
81.83
81.83
81.83
81.83
81.83
4.55
4.61
81.83
81.83
81.83
81.83
81.83
3.95
6.53
8.64
7.35
9.02
5.92
6.92
2.52
2.50
2.48
2.47
2.46
2.44
2.40
2.36
2.33
2.36
2.39
2.41
2.46
6.81
2.82
6.04
6.60
3.18
3.20
7.97
6.66
5.56
8.66
6.53
5.27
6.02
1.61
8.09
7.90
6.53
7.69
1.53
7.57
7.43
1.64
81.83
81.83
1.75
81.83
81.83
81.83
81.83
81.83
81.83
81.83
81.83
81.83
81.83
81.83
81.83
81.83
81.83
1.39
1.38
1.36
1.38
1.37
1.36
1.36
1.34
1.33
1.33
1.11
1.04
1.19
1.30
1.30
1.28
1.14
1.31
1.30
1.30
1.31
1.31
1.31
1.30
1.31
1.30
1.31
1.31
1.30
1.29
1.29
1.29
1.30
1.31
1.32
1.34
1.34
1.36
1.35
1.36
1.38
1.38
1.38
1.38
1.40
1.40
1.41
1.43
1.43
1.46
1.46
1.47
1.50
1.49
1.51
1.53
1.53
7.888000 -3.298000 -0.635447
