1 180
0.54
0.54
0.55
0.55
0.55
0.55
0.55
0.56
0.56
0.56
0.56
0.57
0.57
0.57
0.58
0.57
0.57
0.57
0.58
0.58
0.58
0.58
0.58
0.58
0.59
0.60
0.60
0.61
0.61
0.62
0.63
0.64
0.65
0.66
0.66
0.67
0.67
0.69
0.70
0.71
0.72
0.73
0.74
0.75
0.77
0.78
0.80
0.81
0.82
0.85
0.86
0.87
0.90
0.92
0.95
0.97
1.01
1.03
1.07
1.10
3.65
3.67
3.71
3.74
2.49
7.29
7.38
3.53
2.98
2.98
3.20
6.81
13.00
13.07
13.03
9.35
5.85
5.51
5.49
5.48
5.42
5.38
5.47
9.05
81.83
6.28
8.63
11.78
9.75
9.46
4.60
81.83
81.83
81.83
81.83
81.83
81.83
3.95
4.03
81.83
4.20
81.83
4.02
81.83
81.83
81.83
81.83
81.83
81.83
81.83
81.83
81.83
81.83
81.83
3.48
3.45
3.40
3.40
3.36
3.32
3.30
3.26
3.23
3.22
3.18
3.17
3.17
3.13
3.11
3.09
3.08
3.06
3.05
3.04
2.97
3.03
81.83
81.83
81.83
3.31
3.36
81.83
3.36
3.30
3.25
3.22
3.19
3.48
3.45
3.41
3.39
3.35
3.32
3.30
3.29
3.37
3.54
3.54
3.52
3.50
3.49
3.26
3.38
6.28
6.25
6.20
6.20
6.18
4.14
4.16
5.51
81.83
6.08
6.04
6.07
6.05
5.64
5.06
4.86
4.73
5.134000 -1.755000 -0.358899
