1 180
2.82
3.16
3.61
4.62
81.83
10.80
10.54
9.57
9.04
8.56
8.13
7.75
7.41
7.09
6.81
6.54
6.30
6.08
5.87
5.68
5.50
5.33
5.19
5.20
5.26
8.11
8.20
8.31
4.38
4.34
4.26
4.22
4.24
4.31
4.38
4.45
4.53
4.62
4.71
4.78
4.89
5.00
5.10
5.20
5.32
5.43
5.56
5.69
5.86
6.01
6.18
6.37
6.57
6.80
6.75
3.63
3.60
3.59
2.58
2.48
2.47
2.46
2.44
2.43
2.40
3.23
3.44
3.69
3.67
3.65
3.64
3.63
3.63
3.60
3.57
3.57
3.57
3.58
3.58
3.67
5.97
5.97
4.91
4.80
4.71
4.71
4.71
4.80
6.01
6.03
5.96
5.43
5.44
5.46
5.47
5.54
5.57
5.56
5.58
5.61
5.63
6.34
6.39
6.44
6.48
6.53
6.58
6.62
5.07
5.09
2.81
2.74
2.68
2.62
2.57
2.20
2.15
2.10
2.04
2.01
2.00
2.01
2.05
2.08
2.11
2.14
2.19
2.15
2.10
2.07
2.05
2.01
1.98
1.96
1.93
1.92
1.89
1.87
1.85
1.82
1.80
1.81
1.83
1.84
1.88
1.96
2.02
2.09
2.19
2.28
2.38
2.48
2.60
2.74
2.89
3.05
3.48
3.88
3.87
3.86
3.85
3.84
3.83
3.81
3.80
3.79
3.79
3.78
3.78
3.78
3.77
3.78
3.78
3.78
3.78
3.78
3.79
3.79
3.80
3.81
-2.056000 -4.084000 2.574975
