1 180
2.06
2.06
2.04
2.05
2.04
2.12
2.36
3.66
3.65
3.63
3.64
3.64
3.64
3.63
3.64
3.64
3.64
3.65
3.66
3.66
3.66
3.67
3.68
3.69
3.70
3.72
3.74
3.56
3.33
3.02
3.03
3.05
3.07
3.09
3.10
3.13
3.15
2.77
3.19
2.66
2.60
3.27
3.30
3.32
3.26
3.22
3.24
3.35
3.36
4.50
4.56
4.63
4.70
4.76
4.83
4.91
3.39
4.93
4.85
3.37
4.68
4.59
4.52
4.43
4.42
4.35
4.30
4.24
4.18
4.14
4.09
4.04
3.19
3.15
3.11
3.09
3.06
3.02
2.97
3.06
3.20
3.29
2.21
3.63
3.64
3.69
3.68
3.66
3.64
3.38
3.60
3.60
3.58
3.58
3.57
3.56
3.46
3.46
3.46
3.46
3.45
3.45
3.44
3.45
3.45
3.44
3.45
3.45
3.45
3.23
2.91
2.90
2.90
2.92
2.94
3.51
3.52
3.53
3.55
3.55
3.58
3.60
2.92
2.56
3.67
3.69
3.72
3.72
3.60
3.81
3.85
3.89
3.92
3.96
3.88
3.78
3.67
2.18
2.12
2.08
2.02
1.98
1.94
1.90
1.87
1.85
1.79
1.79
1.75
1.71
1.68
1.66
1.63
1.64
1.67
1.70
1.74
1.73
1.72
1.70
1.67
1.66
1.65
1.63
1.62
1.60
1.58
1.60
1.65
1.70
1.77
1.85
1.94
2.07
2.06
2.06
2.05
2.04
2.03
2.03
9.681000 2.604000 0.599803
