1 180
2.65
3.17
3.17
3.16
3.17
3.17
3.17
1.92
1.88
3.18
3.19
3.19
3.20
3.21
3.23
3.24
3.25
3.27
3.27
3.17
3.01
2.85
2.71
2.60
2.60
2.63
2.66
2.69
2.70
2.72
2.74
2.75
2.81
2.74
2.66
2.60
2.53
2.47
2.41
2.36
2.31
2.26
2.21
2.17
1.78
1.70
1.70
1.65
1.63
1.60
1.58
1.55
1.56
1.59
1.51
1.49
1.47
1.45
1.43
1.42
1.40
1.39
1.39
1.38
1.39
1.40
1.43
1.49
1.57
1.57
1.56
1.54
1.53
1.52
1.51
1.50
1.49
1.49
1.49
1.48
1.47
1.47
1.47
1.46
1.46
1.45
1.45
1.45
1.45
1.45
1.45
1.45
1.45
1.45
1.45
1.42
1.26
1.23
1.38
1.45
1.44
0.56
0.54
0.54
0.54
0.54
0.52
1.40
1.33
1.26
1.19
1.14
1.08
1.04
1.00
0.95
0.91
0.88
0.85
0.82
0.80
0.76
0.74
0.72
0.71
0.70
0.68
0.66
0.64
0.63
0.62
0.61
0.59
0.58
0.57
0.56
0.56
0.55
0.54
0.53
0.53
0.52
0.51
0.50
0.50
0.49
0.48
0.48
0.47
0.47
0.46
0.46
0.45
0.45
0.45
0.44
0.44
0.43
0.43
0.42
0.42
0.41
0.41
0.41
0.41
0.41
0.40
0.40
0.40
0.40
0.40
0.40
0.40
0.40
0.40
0.40
0.40
0.39
0.40
0.40
1.289000 1.409000 -2.454523
