1 180
0.47
0.47
0.47
0.47
0.46
0.47
0.47
0.47
0.47
0.48
0.49
0.49
0.50
0.47
0.48
0.48
0.48
0.48
0.48
0.48
0.48
0.48
0.48
0.49
0.49
0.49
0.50
0.50
0.51
0.52
0.49
0.50
0.50
0.51
0.51
0.52
0.51
0.54
0.54
0.55
0.55
0.56
0.58
0.59
0.57
0.60
0.62
0.64
0.64
0.65
0.66
0.66
0.70
0.70
0.72
0.74
0.73
0.99
1.01
1.05
1.07
1.09
1.12
1.17
1.19
1.24
1.29
1.37
1.36
1.40
1.47
1.53
1.59
1.66
1.74
1.93
3.47
7.85
7.81
7.77
7.74
7.70
7.67
6.23
6.22
6.64
7.34
10.22
10.19
81.83
81.83
81.83
12.19
81.83
10.11
10.12
10.11
6.45
2.81
2.30
1.94
1.93
1.83
1.76
1.77
1.80
1.76
1.60
1.49
1.38
1.30
1.23
1.16
1.10
1.04
1.00
0.94
0.90
0.86
0.84
0.80
0.77
0.74
0.72
0.70
0.67
0.66
0.64
0.63
0.61
0.59
0.58
0.57
0.56
0.54
0.53
0.52
0.51
0.50
0.49
0.48
0.48
0.47
0.47
0.47
0.46
0.46
0.45
0.45
0.44
0.44
0.43
0.43
0.42
0.42
0.42
0.41
0.40
0.39
0.39
0.39
0.38
0.38
0.38
0.38
0.37
0.37
0.37
0.37
0.36
0.36
0.36
0.36
0.35
0.35
0.35
0.35
0.35
0.36
0.35
-48.575001 -27.261002 -1.471239
