1 180
5.95
5.92
6.04
6.22
6.40
6.60
6.81
7.03
7.26
8.92
8.86
2.13
2.16
6.02
2.05
81.83
81.83
81.83
81.83
81.83
81.83
81.83
81.83
81.83
81.83
81.83
2.63
2.63
81.83
81.83
2.72
81.83
81.83
81.83
81.83
81.83
81.83
81.83
3.50
81.83
81.83
4.36
4.39
4.40
4.39
4.41
4.43
4.48
4.52
4.55
4.56
4.58
2.98
3.44
4.59
4.71
4.74
4.78
4.82
2.92
4.90
2.75
2.69
3.39
5.06
4.90
4.93
4.94
3.85
4.94
2.38
3.67
5.02
3.59
3.48
2.80
2.75
2.75
2.15
3.66
5.55
2.88
6.08
6.10
3.50
2.56
3.33
6.78
3.09
6.38
2.34
1.79
6.38
6.31
6.24
5.87
6.13
6.07
1.36
5.98
2.83
5.88
1.93
2.09
5.76
2.43
2.52
5.64
5.63
4.20
4.09
1.62
1.56
2.87
2.59
2.60
3.93
2.53
1.42
1.60
1.63
4.06
4.12
4.29
4.53
4.46
2.54
2.22
4.25
2.22
4.15
1.15
2.39
1.90
3.91
3.86
3.82
3.77
3.73
3.69
3.66
3.62
1.57
3.54
3.53
1.97
3.47
3.46
3.43
3.41
3.38
3.36
3.34
3.32
3.31
3.29
3.28
3.27
3.25
3.24
3.22
3.21
3.20
3.20
3.25
3.38
3.38
3.38
3.38
3.40
3.41
3.40
3.40
1.36
3.42
3.44
3.43
3.44
3.40
3.41
-0.333000 -0.589000 1.570796
