1 180
4.96
4.93
5.04
1.39
1.39
6.06
6.02
5.98
5.94
2.06
2.04
3.16
3.68
3.68
6.07
3.98
1.50
1.45
1.44
1.40
1.39
1.39
1.39
1.40
1.41
1.41
1.41
1.41
1.38
1.42
1.44
1.45
1.05
1.07
1.48
1.51
1.53
1.55
1.57
4.43
2.08
4.13
3.99
3.87
3.77
3.66
3.57
3.46
3.39
3.30
1.68
1.71
3.08
3.02
2.96
2.91
2.85
2.79
2.75
2.69
2.65
2.61
2.57
2.53
2.49
2.46
2.42
2.39
2.36
2.32
2.30
2.28
2.26
2.23
2.21
2.19
2.17
2.15
2.13
2.11
2.09
2.08
2.06
2.06
2.04
2.03
2.02
2.00
1.99
1.98
1.97
1.97
1.96
1.95
1.94
1.94
1.94
1.94
1.94
1.94
1.93
1.93
1.93
1.93
1.93
1.93
1.93
1.93
1.94
1.93
1.93
1.93
1.94
1.94
1.94
1.95
1.96
1.97
1.98
1.99
2.00
2.02
2.03
2.04
1.96
1.87
1.79
1.73
1.66
1.60
1.54
1.48
1.45
1.40
1.36
1.32
1.28
1.24
1.21
1.19
1.17
1.13
1.10
1.08
1.05
1.04
1.01
1.00
0.98
0.97
0.95
0.93
0.92
0.90
0.89
0.88
0.86
0.85
0.84
0.83
0.82
0.82
0.80
0.79
0.79
0.78
0.77
0.76
0.75
0.75
0.74
0.73
0.73
0.73
0.73
0.72
0.72
0.72
0.71
0.70
3.519000 -0.201000 2.507374
