1 180
3.36
3.37
3.36
3.34
3.32
3.31
3.29
3.28
3.27
3.27
3.27
3.25
3.24
3.24
3.24
3.23
3.57
3.57
3.58
3.57
3.58
3.53
3.35
3.31
3.27
3.25
3.22
3.19
3.16
3.13
3.10
3.08
3.07
3.04
3.01
3.00
2.97
2.96
2.94
2.93
2.91
2.90
2.41
2.64
2.86
2.87
2.17
2.17
3.40
3.04
3.43
1.66
1.67
3.40
3.01
3.26
3.40
3.21
2.94
2.79
2.80
2.82
2.83
2.84
1.97
2.01
14.76
2.57
81.83
2.19
8.53
81.83
81.83
81.83
81.83
81.83
6.27
6.31
81.83
81.83
81.83
81.83
5.72
10.87
11.54
7.68
12.08
4.65
4.30
4.28
4.27
4.23
4.14
4.17
4.22
10.09
11.54
7.82
4.95
11.42
81.83
3.38
81.83
81.83
81.83
3.36
81.83
81.83
81.83
81.83
81.83
81.83
2.57
2.61
2.65
2.64
81.83
81.83
81.83
81.83
2.62
81.83
81.83
81.83
81.83
81.83
81.83
2.40
2.38
2.35
2.31
2.31
2.27
2.25
2.23
2.22
2.19
2.18
2.16
2.15
2.14
2.12
2.12
2.06
2.09
2.08
2.06
2.05
2.04
2.02
2.02
2.01
2.00
1.99
1.99
1.99
1.96
1.95
1.94
1.93
1.92
1.92
1.91
1.90
1.91
1.91
1.91
1.90
1.91
1.92
1.93
1.93
1.94
1.95
1.96
1.96
81.83
2.40
2.35
81.83
4.245000 -5.150000 2.759341
