1 180
1.11
1.11
1.11
1.11
1.12
1.12
1.13
1.13
1.12
1.12
1.13
1.13
1.14
1.14
1.14
1.14
1.15
1.16
1.16
1.16
1.16
1.18
1.18
1.19
1.20
1.21
1.23
1.23
1.24
1.26
1.28
1.29
1.31
1.33
1.35
1.37
1.38
1.40
1.42
1.44
1.48
1.50
1.53
1.56
1.59
1.61
1.65
1.69
1.73
1.79
1.80
1.86
1.90
1.95
2.01
2.05
2.11
2.17
2.25
2.32
2.40
2.49
2.58
2.68
2.81
2.90
3.04
3.19
3.35
3.52
3.71
3.95
7.35
7.31
7.27
7.24
7.21
7.19
7.07
7.33
7.32
7.32
81.83
81.83
81.83
81.83
81.83
81.83
8.97
8.87
81.83
81.83
81.83
10.64
10.58
10.72
10.97
14.00
13.86
81.83
81.83
12.67
81.83
5.07
3.62
3.17
2.83
2.57
2.38
2.21
2.07
1.96
1.86
1.78
1.71
1.63
1.57
1.51
1.46
1.40
1.36
1.32
1.28
1.24
1.21
1.18
1.15
1.12
1.09
1.08
1.05
1.03
1.01
0.99
0.97
0.95
0.93
0.91
0.90
0.89
0.87
0.86
0.84
0.83
0.83
0.82
0.81
0.80
0.78
0.78
0.76
0.75
0.75
0.74
0.73
0.73
0.73
0.72
0.72
0.71
0.71
0.70
0.70
0.69
0.69
0.69
0.69
0.69
0.68
0.68
0.68
0.68
0.67
0.67
0.68
0.68
0.68
0.68
0.67
0.68
-33.643002 11.218000 -2.184120
