1 180
4.68
4.70
4.74
4.77
4.72
4.85
4.89
4.34
4.96
5.01
5.05
5.10
5.15
5.02
4.88
4.07
4.23
3.52
3.41
3.33
3.15
3.07
3.01
2.99
3.04
3.09
3.15
3.20
3.25
3.32
3.39
3.46
3.53
3.60
3.67
3.77
3.86
3.96
4.06
4.17
5.90
5.86
5.80
5.75
5.69
5.65
5.61
5.56
2.88
2.85
2.80
2.76
2.75
2.80
2.87
2.95
3.02
3.11
3.20
3.29
3.40
3.51
3.65
3.78
3.95
4.13
4.34
4.60
4.90
5.26
5.71
6.35
16.64
16.63
16.66
16.68
16.70
16.73
16.81
13.31
11.91
10.92
10.94
9.09
8.42
7.84
7.40
6.94
6.55
6.22
5.89
5.62
5.36
5.15
5.17
5.23
5.30
8.01
8.09
7.94
7.69
7.48
7.51
7.61
7.69
7.81
7.19
7.83
7.88
9.14
9.28
9.40
8.02
9.44
9.26
9.11
8.96
8.81
8.66
2.20
81.83
2.04
81.83
1.91
81.83
1.82
1.77
81.83
81.83
1.64
81.83
81.83
81.83
1.49
81.83
81.83
1.41
1.39
81.83
81.83
81.83
81.83
81.83
81.83
81.83
81.83
81.83
81.83
1.16
1.13
1.11
1.10
1.08
1.06
1.04
1.05
1.04
1.00
1.00
0.99
0.99
0.98
0.97
0.96
0.95
0.94
0.94
0.93
0.92
0.91
0.91
0.92
0.91
0.89
0.87
0.79
0.87
0.85
0.85
0.87
8.009000 -7.596000 -2.233284
