1 180
1.16
1.15
1.15
1.14
1.13
1.13
1.12
1.12
1.10
1.10
1.09
1.09
1.08
1.08
1.08
1.07
1.07
1.07
1.07
1.06
1.05
1.05
1.05
1.05
1.05
1.05
1.05
1.06
1.06
1.06
1.05
1.06
1.06
1.06
1.06
1.06
1.06
1.07
1.08
1.08
1.09
1.10
1.10
1.11
1.11
1.12
1.13
1.13
1.14
1.15
1.15
1.15
1.19
1.19
1.19
1.20
1.22
1.22
1.24
1.26
1.28
1.28
1.29
1.32
1.32
1.35
1.37
1.39
1.42
1.44
1.46
1.49
1.52
1.54
1.57
1.60
1.65
1.68
1.72
1.76
1.82
1.86
1.91
1.97
2.10
2.11
2.17
2.23
2.31
2.38
2.47
2.57
2.66
2.79
2.91
3.06
3.21
3.37
3.55
3.76
3.99
4.26
5.51
5.49
5.49
5.47
5.45
5.44
5.42
5.41
5.40
5.39
5.40
6.92
11.53
14.87
17.25
17.10
17.11
17.42
17.45
6.96
5.83
5.39
5.04
4.72
4.46
4.23
4.04
3.87
3.72
3.60
3.49
3.38
3.29
3.20
3.11
3.04
2.96
2.89
2.84
2.77
2.71
2.65
2.61
2.56
2.51
2.46
2.44
2.40
2.36
2.32
2.29
2.26
2.23
2.21
2.19
1.92
1.85
2.12
2.09
2.07
2.06
2.04
2.03
2.01
1.99
1.18
1.18
1.15
1.13
1.13
1.13
1.12
1.11
1.11
1.11
1.11
1.11
1.10
0.885000 12.580000 2.728614
