1 180
1.77
1.87
3.33
4.90
2.35
3.65
3.73
2.32
5.18
7.46
6.28
1.22
1.22
7.81
1.69
8.00
8.11
8.22
3.45
8.05
3.57
5.67
7.59
7.32
7.32
7.24
7.15
7.09
3.78
3.77
3.36
4.09
4.11
3.84
81.83
81.83
5.12
4.66
81.83
3.82
6.37
81.83
81.83
81.83
81.83
81.83
81.83
81.83
81.83
81.83
81.83
81.83
3.67
81.83
81.83
81.83
81.83
2.98
2.99
81.83
3.04
81.83
81.83
20.83
20.81
20.79
20.76
16.31
16.37
16.52
6.64
1.34
6.66
7.43
1.75
2.09
2.08
2.06
2.01
1.82
1.80
1.81
1.81
1.82
1.83
1.85
1.85
1.86
1.88
1.88
1.75
1.87
1.30
1.87
1.99
4.26
4.26
4.26
4.26
4.26
4.27
4.28
4.29
4.31
4.32
4.33
7.37
7.46
7.58
4.73
4.09
4.08
7.81
7.69
7.64
7.82
6.98
6.38
6.28
6.06
6.02
6.02
6.15
6.30
2.14
2.18
2.02
2.05
81.83
81.83
81.83
81.83
81.83
81.83
81.83
81.83
81.83
81.83
81.83
2.46
2.50
2.50
2.54
81.83
81.83
2.57
81.83
81.83
81.83
81.83
81.83
81.83
81.83
81.83
81.83
3.32
81.83
81.83
81.83
81.83
4.14
4.14
4.14
4.13
4.12
4.13
4.16
4.20
4.22
2.67
2.87
3.27
4.28
4.33
4.34
4.38
4.40
4.43
2.62
2.40
-0.451000 -0.080000 -0.469518
