1 180
1.48
1.48
1.48
1.49
1.48
1.48
1.48
1.48
1.49
1.48
1.49
1.49
1.50
1.51
1.51
1.51
1.52
1.53
1.54
1.55
1.57
1.57
1.59
1.59
1.60
1.61
1.62
1.64
1.66
1.66
1.68
1.69
1.71
1.73
1.75
1.78
1.79
1.82
1.84
1.88
1.90
1.92
1.95
1.98
2.02
2.05
2.10
2.13
2.17
2.23
2.27
2.32
2.37
2.43
2.49
2.56
2.61
2.71
2.79
2.88
2.97
3.08
3.20
3.31
3.47
3.63
3.84
4.08
4.36
4.72
5.15
5.76
14.19
14.06
14.11
14.08
11.42
11.40
11.38
11.38
11.37
11.36
11.36
11.36
11.37
11.37
11.38
8.40
6.85
5.74
5.46
4.53
3.93
3.55
3.28
2.98
2.76
2.55
2.39
2.26
2.14
2.06
1.93
1.83
1.75
1.66
1.59
1.52
1.46
1.41
1.35
1.31
1.28
1.23
1.19
1.16
1.12
1.10
1.06
1.03
1.01
0.99
0.96
0.95
0.93
0.94
0.89
0.88
0.86
0.84
0.83
0.82
0.80
0.79
0.79
0.78
0.77
0.76
0.75
0.74
0.74
0.73
0.73
0.72
0.71
0.70
0.69
0.70
0.69
0.69
0.68
0.67
0.67
0.66
0.67
0.65
0.65
0.65
0.64
0.64
0.65
0.64
0.65
0.65
0.63
0.64
0.64
0.63
0.64
0.63
0.64
0.63
0.64
0.63
0.63
0.63
0.63
0.64
0.64
0.64
3.391000 -10.785000 -2.847837
