1 180
0.43
0.43
0.43
0.43
0.43
0.43
0.43
0.43
0.43
0.42
0.43
0.43
0.43
0.43
0.43
0.43
0.43
0.43
0.43
0.43
0.43
0.43
0.43
0.44
0.45
0.45
0.45
0.45
0.45
0.46
0.46
0.46
0.46
0.47
0.47
0.47
0.48
0.49
0.50
0.50
0.51
0.52
0.53
0.53
0.54
0.54
0.55
0.56
0.56
0.57
0.57
0.59
0.60
0.61
0.62
0.63
0.65
0.66
0.68
0.69
0.71
0.73
0.74
0.77
0.79
0.80
0.82
0.86
0.89
0.92
0.96
0.99
1.03
1.06
1.11
1.17
1.22
1.28
1.34
1.43
1.49
1.59
1.70
1.81
1.95
2.13
2.33
2.57
2.87
3.25
3.74
4.41
5.38
5.52
7.25
9.43
9.43
9.43
9.18
9.43
9.44
4.83
3.86
3.56
3.21
3.12
2.28
2.26
2.11
1.72
1.70
1.71
1.72
1.70
1.42
1.33
1.25
1.08
1.09
1.17
1.18
1.17
0.91
0.87
0.83
0.82
0.79
0.76
0.74
0.72
0.71
0.69
0.67
0.66
0.66
0.64
0.62
0.61
0.60
0.58
0.57
0.57
0.56
0.56
0.55
0.53
0.52
0.52
0.51
0.49
0.50
0.49
0.49
0.48
0.48
0.47
0.46
0.45
0.46
0.45
0.44
0.44
0.43
0.43
0.43
0.43
0.43
0.42
0.42
0.42
0.41
0.41
0.41
0.41
0.41
0.41
0.42
0.41
0.40
0.41
-43.435001 -17.004999 -1.993609
