1 180
3.11
3.04
2.98
2.93
2.87
2.82
2.78
2.73
2.69
2.63
2.60
2.56
2.53
2.50
2.47
2.43
2.40
2.38
2.34
2.36
2.43
2.51
2.56
5.47
3.64
3.59
3.54
3.46
3.44
3.43
3.46
3.72
3.90
4.12
4.37
4.64
4.93
5.29
5.70
6.17
6.75
7.45
8.28
9.13
81.83
22.69
23.53
19.00
1.93
1.92
1.92
1.92
1.91
1.91
1.90
1.91
1.90
1.91
1.92
4.73
4.74
4.76
4.77
4.78
4.90
4.91
4.94
4.96
4.98
5.01
5.04
5.08
5.11
5.14
5.09
5.11
5.16
5.21
5.24
7.56
3.66
3.56
3.46
3.37
3.28
3.20
3.12
3.05
2.98
2.91
2.86
2.79
2.74
2.69
2.64
2.59
2.55
2.51
2.47
2.43
2.39
2.37
2.33
2.31
2.28
2.25
2.22
2.19
2.17
2.14
2.12
2.09
2.08
2.07
2.04
2.03
2.01
1.99
1.98
1.97
1.99
2.04
2.08
2.13
2.20
2.24
2.30
2.37
2.44
2.50
2.59
2.67
2.76
2.87
2.98
3.11
3.24
3.42
3.60
3.84
4.08
4.42
4.84
5.47
6.47
22.50
23.87
23.14
81.83
81.83
9.41
8.53
7.84
7.22
6.72
6.27
5.88
5.53
5.25
4.97
4.73
4.50
4.30
4.13
3.91
3.90
3.92
6.57
6.62
6.68
6.75
3.07
3.01
2.93
2.84
2.85
2.87
2.91
2.95
2.99
11.069000 2.571000 -3.136677
