1 180
3.02
3.02
3.02
3.02
3.04
2.03
2.03
81.83
1.85
1.83
1.83
1.81
81.83
1.81
1.94
1.93
1.89
1.90
1.90
1.89
1.88
3.32
3.35
3.38
3.39
3.29
3.18
3.09
3.01
2.93
2.85
1.43
1.39
1.37
1.35
1.33
1.29
1.29
1.33
1.31
1.31
1.29
1.27
1.26
1.25
1.23
1.22
1.21
1.21
1.20
1.19
1.18
1.17
1.16
1.15
1.11
1.30
1.43
1.46
1.55
1.67
1.78
1.77
1.56
1.60
1.66
1.75
4.03
4.01
4.00
3.98
3.96
3.94
3.93
3.91
3.91
3.89
3.88
3.87
3.87
3.87
3.86
3.85
3.85
3.85
3.85
3.85
3.84
3.85
3.85
3.86
3.87
3.87
3.87
3.88
3.90
3.91
3.92
3.94
3.95
3.96
3.98
4.00
4.03
4.06
4.08
4.09
4.12
4.15
6.57
6.53
6.51
6.48
6.45
6.44
6.42
5.99
6.43
5.93
6.95
5.20
6.58
6.93
6.35
5.59
6.08
6.06
81.83
18.50
81.83
81.83
18.36
18.10
81.83
81.83
81.83
9.61
81.83
81.83
12.97
7.42
7.33
7.21
7.25
7.55
5.31
5.33
81.83
7.30
5.41
5.39
5.39
7.33
3.00
2.98
2.95
2.94
2.92
2.90
2.88
2.87
2.54
2.45
2.60
2.60
2.59
2.59
1.66
1.64
1.64
1.64
1.64
1.64
1.64
1.64
1.64
1.64
1.64
1.68
1.91
6.274000 -8.325000 1.708456
