1 180
3.35
2.95
2.93
2.91
2.92
2.92
2.86
2.84
1.10
1.12
2.86
3.47
3.51
3.44
3.49
3.48
3.48
3.47
2.42
3.44
3.46
0.70
0.73
0.72
0.72
0.71
0.71
0.71
0.71
0.71
0.71
0.70
0.70
0.70
0.70
0.70
0.70
0.70
0.70
0.70
0.70
0.68
0.68
0.67
0.71
0.80
0.85
0.86
0.87
3.77
3.80
3.82
3.86
3.86
3.68
3.54
3.40
3.28
3.17
3.17
3.19
3.22
3.25
3.29
3.32
3.36
3.40
3.44
3.49
3.54
3.58
3.63
3.69
3.74
3.80
3.87
3.94
4.01
4.08
4.16
4.25
4.33
4.42
5.25
5.04
4.96
4.99
4.91
4.83
1.28
1.25
1.21
1.22
1.20
1.20
1.19
1.23
1.30
1.33
1.37
1.42
1.23
1.19
1.18
1.22
1.26
1.32
1.37
1.43
1.49
1.58
1.65
1.74
1.84
1.95
2.68
2.87
3.08
3.33
3.62
3.99
4.47
5.05
5.77
6.71
8.07
9.12
13.00
13.00
13.00
13.00
5.22
3.30
3.28
3.28
2.83
2.61
2.22
2.09
1.98
1.98
2.01
2.02
2.02
2.04
2.05
2.06
2.07
2.08
2.10
2.11
2.12
2.03
1.94
1.87
1.80
1.75
1.69
1.63
1.59
1.54
1.49
1.45
1.42
1.38
1.35
1.31
1.29
1.25
1.22
1.20
1.17
1.15
1.14
1.11
1.09
1.07
1.06
1.05
1.04
-42.865002 -12.559000 -1.926008
