1 180
1.14
1.14
1.14
1.14
1.14
1.15
1.15
1.15
1.15
1.15
1.16
1.16
1.16
1.17
1.17
1.18
1.17
1.18
1.18
1.18
1.18
1.19
1.19
1.20
1.22
1.22
1.23
1.24
1.25
1.26
1.28
1.28
1.29
1.31
1.32
1.34
1.35
1.37
1.39
1.40
1.41
1.42
1.44
1.47
1.49
1.51
1.54
1.56
1.58
1.61
1.64
1.67
1.70
1.73
1.77
1.81
1.86
1.88
1.94
1.98
2.03
2.10
2.14
2.20
2.27
2.35
2.43
2.49
2.59
2.69
2.78
2.90
3.02
3.16
3.30
3.47
3.64
3.86
4.09
4.37
4.67
5.01
5.43
5.93
18.23
10.88
10.84
10.75
10.88
81.83
14.00
81.83
81.83
81.83
9.20
81.83
81.83
81.83
81.83
81.83
81.83
81.83
81.83
81.83
81.83
81.83
7.59
7.63
4.02
3.77
3.54
3.34
3.17
3.00
2.87
2.73
2.62
2.51
2.42
2.33
2.25
2.17
2.10
2.03
1.97
1.90
1.91
1.80
1.76
1.71
1.66
1.62
1.58
1.55
1.53
1.48
1.45
1.42
1.40
1.37
1.35
1.32
1.30
1.28
1.27
1.24
1.23
1.22
1.20
1.18
1.18
1.16
1.15
1.13
1.12
1.11
1.10
1.10
1.10
1.08
1.08
1.07
1.06
1.04
1.06
1.04
1.03
1.03
1.02
1.02
1.02
1.02
1.00
1.00
1.00
1.00
1.00
0.99
1.00
1.00
9.554000 -3.261000 -2.571288
