1 180
3.06
3.05
3.03
3.01
2.99
2.98
2.96
2.95
2.94
2.93
2.92
2.90
2.90
2.89
2.89
2.88
2.87
2.87
2.87
2.87
2.85
2.87
2.87
2.86
2.87
2.88
2.88
2.89
2.90
2.91
2.92
2.93
2.94
2.96
2.97
2.98
7.10
7.89
8.88
10.15
11.81
17.27
81.83
81.83
81.83
81.83
15.83
81.83
81.83
81.83
81.83
9.78
8.32
7.15
6.27
5.71
5.75
4.79
4.30
3.98
3.72
3.48
3.26
3.08
2.91
2.77
2.64
2.52
2.42
2.33
2.23
2.14
2.06
1.99
1.92
1.86
1.80
1.75
1.70
1.64
1.60
1.56
1.51
1.48
1.44
1.40
1.38
1.35
1.33
1.30
1.28
1.26
1.23
1.22
1.20
1.18
1.16
1.15
1.13
1.12
1.10
1.08
1.07
1.06
1.05
1.04
1.03
1.02
1.01
0.99
0.99
0.98
0.97
0.96
0.96
0.95
0.94
0.94
0.94
0.94
0.94
0.93
0.92
0.92
0.92
0.92
0.91
0.91
0.91
0.91
0.91
0.91
0.91
0.91
0.91
0.90
0.91
0.91
0.91
0.91
0.91
0.91
0.91
0.92
0.92
0.93
0.90
0.94
5.45
81.83
5.19
5.19
5.15
4.94
4.96
4.97
4.98
4.96
4.91
4.94
5.57
5.65
5.73
5.97
6.03
6.08
6.14
5.97
5.94
6.02
6.11
6.44
6.51
4.36
6.21
6.07
5.96
4.69
4.59
4.51
0.854000 -14.470000 2.888397
