1 180
1.27
1.25
1.27
1.27
1.27
1.27
1.27
1.27
1.27
1.27
1.27
1.27
1.29
1.31
1.31
1.31
1.32
1.32
1.33
1.33
1.34
1.35
1.36
1.36
1.38
1.38
1.39
7.88
7.93
7.75
7.49
7.25
7.04
6.87
6.68
6.49
3.64
3.56
3.49
3.40
3.33
3.26
3.19
3.12
3.07
3.02
2.97
2.92
2.87
2.81
2.77
2.73
2.70
2.65
2.62
2.58
2.55
2.51
2.49
2.46
2.43
2.41
2.42
2.49
2.57
2.66
2.76
2.85
2.95
3.09
3.21
3.35
3.49
3.67
3.86
4.10
4.35
4.64
4.97
5.36
5.79
6.35
6.96
7.72
8.65
13.75
13.68
81.83
81.83
81.83
81.83
12.11
12.20
81.83
81.83
81.83
81.83
81.83
81.83
81.83
6.26
5.62
5.09
4.69
4.31
3.98
3.71
3.47
3.29
3.10
2.91
2.76
2.62
2.51
2.40
2.31
2.22
2.25
2.28
2.31
2.33
2.34
2.43
2.65
2.67
2.71
2.74
2.76
2.80
2.84
2.86
3.00
4.45
4.90
4.99
1.34
1.32
1.29
1.27
1.24
1.22
1.20
1.19
1.17
1.15
1.14
1.11
1.11
1.09
1.09
1.08
1.07
1.06
1.05
1.04
1.03
1.03
1.01
1.00
0.99
1.00
0.99
0.99
0.98
0.98
0.98
0.96
0.96
0.96
0.95
0.95
0.95
0.95
0.95
0.94
0.94
0.93
0.93
0.93
0.93
4.526000 7.476000 -0.893560
