1 180
4.62
4.63
4.64
4.65
4.66
4.68
4.68
4.70
4.73
4.75
4.77
81.83
81.83
81.83
81.83
81.83
81.83
81.83
1.74
81.83
81.83
81.83
81.83
81.83
81.83
81.83
81.83
81.83
81.83
81.83
81.83
1.11
1.10
1.05
1.04
1.01
0.99
0.98
0.97
0.95
0.92
0.89
2.13
2.11
2.10
2.09
1.57
2.06
0.96
1.23
2.04
2.04
2.02
2.02
2.06
2.30
2.60
2.84
2.83
2.83
2.83
1.28
2.82
2.82
2.80
2.82
2.83
2.82
2.36
2.23
2.83
2.83
2.82
2.81
2.83
2.84
2.87
2.88
2.39
2.22
2.21
2.22
2.23
2.24
2.26
2.35
2.30
2.24
2.29
2.31
2.33
2.56
3.11
3.14
3.16
3.19
2.82
3.25
3.28
2.56
3.34
3.38
3.42
3.45
2.30
2.32
3.58
3.62
3.67
3.53
3.38
2.35
3.14
3.04
2.65
2.44
2.35
2.27
2.18
2.18
2.21
2.22
2.25
2.27
2.24
2.20
2.14
1.12
1.12
2.03
1.99
1.96
1.93
1.89
1.82
1.83
1.44
1.31
1.75
1.73
1.70
1.69
1.66
1.64
1.62
1.60
1.59
1.58
1.57
1.56
1.54
1.52
1.51
1.50
1.52
1.59
1.68
1.71
4.90
4.87
4.84
2.67
2.64
2.65
2.65
2.92
3.19
2.68
2.81
3.21
5.06
5.97
7.27
9.23
10.72
14.49
14.44
14.36
7.72
5.10
-43.608997 -11.040000 -2.380777
