1 180
1.67
1.69
1.72
1.74
1.76
1.78
1.81
1.83
1.86
1.89
1.92
1.96
1.98
2.01
2.06
2.09
2.12
2.17
2.22
2.27
2.33
2.37
2.44
2.51
2.56
2.63
2.81
3.91
3.87
3.83
3.80
3.78
3.75
3.73
3.71
3.68
3.66
3.66
3.64
3.62
3.60
0.81
0.78
0.77
0.77
0.76
0.75
0.74
0.74
0.73
0.72
0.72
0.73
0.74
0.76
0.76
0.75
0.75
0.76
0.75
0.76
0.75
0.75
0.75
0.75
0.75
0.74
0.72
0.72
0.74
1.53
1.54
1.54
1.55
1.56
1.55
1.57
1.58
1.59
1.60
1.61
1.63
1.64
1.65
1.67
1.68
1.69
1.71
1.73
1.74
1.77
1.77
1.80
1.81
1.85
1.86
1.89
1.92
1.96
1.98
2.01
2.05
2.08
2.12
2.17
2.20
2.24
2.30
2.35
2.42
2.43
2.52
2.58
2.57
2.54
2.52
2.49
1.87
1.84
1.83
1.81
1.79
1.78
1.76
1.75
1.74
1.73
1.72
1.71
1.71
1.71
1.70
1.75
1.88
1.17
0.91
0.87
0.90
2.17
2.15
2.15
2.16
2.16
2.15
2.15
2.14
2.14
2.15
2.14
2.14
2.14
2.15
2.15
2.16
2.15
2.16
2.15
2.17
2.18
2.18
2.19
2.19
2.18
2.10
1.98
1.86
1.76
1.67
1.59
1.50
1.52
1.53
1.54
1.55
1.58
1.59
1.61
1.62
1.63
1.65
0.200000 1.818000 1.134464
