1 180
1.77
1.76
1.72
1.70
1.67
1.65
1.62
1.60
1.58
1.57
1.55
1.52
1.51
1.49
1.47
1.46
1.44
1.42
1.42
1.41
1.40
1.39
1.38
1.37
1.36
1.35
1.34
1.33
1.32
1.32
1.31
1.31
1.30
1.29
1.29
1.30
1.29
1.28
1.27
1.27
1.27
1.26
1.26
1.27
1.27
1.26
1.27
1.27
1.27
4.19
4.19
4.24
4.30
4.35
4.41
4.46
4.53
4.59
4.48
1.66
1.66
4.89
4.83
4.75
4.67
4.63
1.05
1.04
1.05
1.06
3.99
3.99
4.02
3.41
3.36
3.34
3.29
3.19
3.16
3.13
3.10
3.10
3.14
3.25
3.37
3.52
3.68
3.86
4.06
4.28
4.65
6.09
6.06
6.05
6.02
6.00
5.99
5.98
5.97
5.96
5.93
5.93
5.92
3.46
3.44
3.43
3.40
3.41
3.52
3.75
4.02
4.42
4.86
5.53
17.59
17.63
17.70
81.83
81.83
12.52
11.91
11.91
10.29
9.73
9.19
8.75
8.34
7.95
7.62
7.32
7.02
6.77
6.52
6.31
6.28
6.33
6.39
9.06
8.81
8.67
8.69
8.80
8.90
9.23
9.07
9.06
10.38
10.54
10.71
9.27
9.26
10.26
10.09
9.94
8.83
3.89
81.83
81.83
81.83
81.83
81.83
81.83
81.83
81.83
81.83
81.83
81.83
81.83
81.83
81.83
81.83
81.83
81.83
81.83
81.83
1.60
1.63
81.83
1.66
1.69
2.607000 -1.058000 0.292527
