1 180
0.84
0.84
0.84
0.83
0.83
0.83
0.83
0.83
0.83
0.82
0.83
0.83
0.82
0.82
0.81
0.82
0.82
0.83
0.83
0.83
0.83
0.83
0.83
0.84
0.84
0.84
0.85
0.85
0.86
0.86
0.87
0.88
0.88
0.89
0.89
0.90
0.91
0.92
0.93
0.94
0.95
0.96
0.96
0.98
0.99
1.00
1.01
1.03
1.04
1.06
1.07
1.09
1.11
1.13
1.15
1.16
1.18
1.19
1.22
1.25
1.28
1.30
1.33
1.37
1.40
1.42
1.46
1.50
1.54
1.58
1.18
1.68
1.72
1.78
1.85
1.92
1.99
2.07
2.16
2.25
2.34
2.45
2.58
2.72
2.87
2.43
3.27
3.25
3.24
3.23
3.22
3.20
3.62
4.11
4.71
5.53
9.67
9.62
9.83
10.88
10.89
10.90
13.30
81.83
13.34
13.35
6.21
5.25
4.71
4.20
3.75
3.40
3.14
2.91
2.71
2.53
2.37
2.23
2.11
2.00
1.91
1.82
1.74
1.67
1.61
1.54
1.48
1.43
1.38
1.34
1.30
1.25
1.22
1.18
1.14
1.11
1.08
1.05
1.03
1.01
0.99
0.96
0.94
0.93
0.91
0.90
0.87
0.85
0.86
0.83
0.83
0.82
0.81
0.80
0.79
0.77
0.75
0.74
0.74
0.75
0.79
0.80
0.80
0.84
0.89
4.45
3.39
2.63
4.35
4.31
4.28
4.26
4.24
4.21
4.19
4.17
4.15
4.13
4.11
4.11
5.460000 -0.972000 1.146755
