1 180
0.42
0.42
0.41
0.41
0.42
0.42
0.42
0.42
0.42
0.42
0.43
0.43
0.43
0.43
0.44
0.44
0.44
0.44
0.45
0.45
0.45
0.45
0.46
0.46
0.47
0.47
0.47
0.48
0.48
0.48
0.49
0.50
0.50
0.51
0.52
0.53
0.54
0.55
0.56
0.56
0.57
0.58
0.59
0.60
0.61
0.63
0.64
0.65
0.67
0.68
0.69
0.71
0.73
0.75
0.77
0.80
0.82
0.85
0.89
0.92
0.95
0.99
1.03
1.06
1.12
1.17
1.23
1.29
1.36
1.43
1.53
1.62
1.74
1.89
2.06
2.24
2.48
2.78
3.16
3.67
3.95
3.95
5.68
7.85
7.86
7.85
7.84
7.58
7.86
7.86
7.86
7.88
3.54
3.25
3.30
2.36
2.19
2.04
1.99
2.05
1.88
1.65
1.66
1.58
1.58
1.59
1.60
1.56
1.49
1.44
1.37
1.27
1.18
1.15
1.10
0.87
0.80
0.75
0.76
0.76
0.77
0.78
0.80
0.81
0.73
0.72
0.71
0.70
0.68
0.67
0.67
0.66
0.65
0.64
0.63
0.62
0.61
0.60
0.59
0.59
0.59
0.58
0.58
0.58
0.57
0.57
0.56
0.56
0.56
0.55
0.47
0.46
0.46
0.45
0.45
0.45
0.45
0.44
0.44
0.44
0.44
0.44
0.44
0.43
0.42
0.42
0.51
0.52
0.52
0.53
0.53
0.53
0.52
0.53
0.53
0.52
0.52
0.52
0.52
0.52
-44.032997 -18.538000 -1.913717
