1 180
1.51
1.51
1.51
1.51
1.50
1.51
1.51
1.51
1.52
1.53
1.53
1.54
1.54
1.54
1.55
1.56
1.57
1.58
1.59
1.60
1.61
1.61
1.63
1.63
1.65
1.67
1.68
1.70
1.70
1.72
1.74
1.76
1.77
1.79
1.83
1.84
1.87
1.90
1.93
1.95
1.98
2.01
2.04
2.07
2.11
2.16
2.20
2.25
2.28
2.33
2.39
2.44
2.51
2.57
2.64
2.72
2.80
2.89
2.98
3.08
3.20
3.32
3.47
3.63
3.83
4.05
4.32
4.64
5.02
5.57
6.37
14.65
14.60
11.96
11.93
11.91
11.89
11.88
11.87
11.86
11.87
11.87
11.87
11.89
9.84
7.89
6.62
6.02
6.02
4.48
4.03
3.67
3.36
3.11
2.89
2.72
2.56
2.42
2.29
2.18
2.06
1.96
1.88
1.80
1.73
1.66
1.59
1.55
1.50
1.45
1.40
1.37
1.32
1.28
1.25
1.22
1.18
1.15
1.13
1.09
1.05
1.05
1.02
1.00
0.98
0.96
0.94
0.93
0.92
0.91
0.90
0.89
0.87
0.86
0.85
0.83
0.83
0.83
0.82
0.81
0.79
0.79
0.78
0.77
0.77
0.77
0.76
0.76
0.75
0.74
0.74
0.73
0.73
0.73
0.73
0.72
0.72
0.73
0.72
0.72
0.72
0.72
0.72
0.71
0.71
0.72
0.71
0.71
0.71
0.71
0.70
0.70
0.69
5.21
5.19
4.95
3.79
5.23
5.26
5.20
7.323000 1.495000 -0.383481
