1 361
1.82
2.75
2.60
3.16
3.17
3.22
3.19
5.91
5.93
5.61
5.80
5.50
5.49
2.85
2.83
2.84
2.84
2.84
2.84
2.83
2.84
2.81
2.83
2.83
2.83
2.82
2.83
5.95
5.94
6.03
6.03
6.12
6.12
6.21
6.21
6.33
6.31
6.44
6.43
6.55
6.54
6.67
6.67
6.80
6.79
6.94
6.92
7.08
7.07
7.22
7.21
7.39
7.37
7.55
7.54
7.73
7.72
7.91
7.90
8.51
8.51
8.68
8.70
12.02
12.02
12.20
12.21
12.26
12.26
12.30
12.31
12.42
12.39
5.16
5.19
13.10
13.10
4.89
4.88
4.86
4.86
4.89
4.87
4.87
4.87
4.62
4.63
4.89
4.89
5.10
5.10
4.03
4.06
3.92
3.93
3.94
3.95
3.96
3.96
4.02
4.01
4.28
4.31
4.15
4.18
4.07
4.08
4.08
4.10
3.97
3.98
4.01
4.03
2.87
2.89
2.78
2.79
2.77
2.77
2.64
2.67
2.59
2.61
2.52
2.55
2.51
2.53
2.50
2.50
2.56
2.57
2.60
2.61
2.63
2.64
2.75
2.73
1.97
2.04
1.93
1.94
1.90
1.91
1.88
1.89
1.85
1.86
1.83
1.84
1.80
1.81
1.78
1.79
1.75
1.76
1.73
1.74
1.71
1.72
1.70
1.70
1.68
1.69
1.66
1.67
1.72
1.73
2.21
2.22
2.19
2.20
2.17
2.18
2.14
2.15
2.12
2.13
2.10
2.12
2.15
2.16
2.14
2.14
2.12
2.13
2.11
2.12
2.09
2.10
2.08
2.09
2.06
2.07
2.05
2.06
2.04
2.05
2.03
2.04
2.03
2.03
2.03
2.03
2.02
2.03
2.01
2.02
2.00
2.01
2.00
2.01
1.99
2.00
2.00
2.01
1.99
2.00
1.99
2.00
1.99
1.99
1.98
1.98
1.98
1.99
1.98
1.98
1.98
1.99
2.01
2.02
2.03
2.05
2.06
2.08
2.10
2.11
2.12
2.13
2.16
2.17
2.18
2.20
2.25
2.27
2.41
2.44
2.55
2.56
2.60
2.60
2.65
2.66
2.69
2.71
2.75
2.76
2.81
2.82
2.88
2.90
2.87
2.88
2.92
2.92
2.97
2.99
2.96
2.96
2.96
2.99
3.04
3.07
3.15
3.17
3.25
0.57
0.56
0.57
0.55
0.57
0.56
0.56
0.56
0.55
0.55
0.55
0.55
0.55
0.54
0.53
0.53
0.53
0.52
0.52
0.52
0.51
0.51
0.51
0.51
0.49
0.49
0.50
0.49
0.73
0.72
0.83
0.83
0.87
0.87
0.91
0.90
0.91
0.87
0.88
1.11
1.35
1.32
1.31
1.36
1.36
3.28
3.28
3.28
3.28
2.91
2.80
2.75
2.73
2.71
2.71
2.70
0.65
0.61
0.56
0.55
0.55
0.55
0.56
0.57
0.71
0.70
2.78
2.84
2.87
2.39
2.23
1.32
0.73
0.76
0.41
0.47
0.38
0.40
0.37
0.37
0.37
0.37
0.37
0.37
0.38
599.623817 -14.034047 3.110039
