1 361
0.93
0.91
0.91
0.91
0.91
0.90
0.90
0.89
0.89
0.89
0.89
0.88
0.88
0.87
0.88
0.87
0.87
0.87
0.87
0.85
0.87
0.86
0.86
0.85
0.86
0.85
0.85
0.84
0.85
0.84
0.85
0.83
0.85
0.84
0.84
0.83
0.84
0.83
0.83
0.82
0.83
0.82
0.83
0.83
0.83
0.82
0.83
0.83
0.82
0.82
0.81
0.81
0.81
0.80
0.81
0.80
0.83
0.81
0.80
0.80
0.81
0.81
0.82
0.81
0.83
0.83
0.82
0.82
0.83
0.82
0.83
0.82
0.83
0.82
0.83
0.83
0.84
0.83
0.84
0.83
0.85
0.97
1.06
1.33
1.34
1.34
1.35
1.35
1.36
1.35
1.36
1.36
1.38
1.37
3.66
3.68
3.69
11.03
8.21
8.19
8.22
8.22
8.35
8.35
8.49
8.48
8.34
8.32
8.20
8.17
8.13
8.10
7.96
7.94
7.84
7.82
7.73
7.71
7.64
7.62
7.10
7.08
6.77
6.75
6.72
6.71
6.73
6.72
6.81
6.81
7.03
7.05
9.42
9.41
10.12
10.12
8.08
8.07
8.28
8.27
8.11
8.12
8.32
8.32
8.45
8.42
8.35
8.33
8.29
8.27
8.24
8.23
8.10
8.07
8.05
8.03
5.01
4.97
4.48
4.44
4.05
4.02
3.70
3.67
3.42
3.40
3.18
3.15
2.97
2.95
2.78
2.76
2.62
2.60
2.47
2.45
2.32
2.30
2.22
2.20
2.11
2.09
2.01
1.99
1.93
1.91
1.85
1.84
1.83
1.81
1.88
1.87
1.89
1.87
1.84
1.82
1.80
1.78
1.81
1.80
1.79
1.77
1.84
1.82
1.89
1.86
1.90
1.89
1.92
1.90
1.95
1.93
1.97
1.96
1.99
1.99
1.56
1.57
1.47
1.45
1.43
1.42
1.41
1.40
1.38
1.37
1.37
1.36
1.35
1.34
1.27
1.31
1.22
1.23
1.26
1.23
1.30
1.28
1.31
1.30
1.47
1.37
1.38
1.53
2.63
2.59
2.68
2.66
2.75
2.73
2.81
2.79
2.82
2.81
2.98
2.95
2.84
2.83
2.80
2.79
2.77
2.76
2.75
2.74
2.73
2.72
2.70
2.69
2.67
2.67
2.65
2.64
2.65
2.63
2.76
2.74
2.80
2.77
2.51
2.52
2.67
2.50
2.64
2.61
2.57
2.55
2.57
2.53
2.65
2.56
2.69
2.65
2.75
2.72
2.81
2.79
81.91
2.90
4.17
4.17
4.49
4.49
4.47
4.46
5.80
5.78
5.86
5.84
5.90
5.88
8.11
8.08
8.33
8.29
8.05
8.03
11.79
11.82
11.27
11.28
11.23
11.21
11.30
11.31
10.53
10.55
10.42
10.39
8.73
8.73
4.84
8.59
4.62
4.62
4.52
4.55
4.63
4.67
4.67
4.62
11.84
4.70
7.12
7.15
7.06
7.05
5.01
5.02
4.99
5.01
4.95
4.95
4.87
4.88
4.81
4.82
4.74
4.75
4.76
4.68
4.91
593.590896 -8.544916 -0.051239
