1 361
81.91
81.91
81.91
81.91
81.91
81.91
81.91
81.91
81.91
4.24
4.20
4.12
4.52
4.53
4.56
4.57
4.60
4.61
4.64
4.65
4.68
4.69
4.71
4.73
4.74
4.77
4.80
4.81
4.85
4.86
4.89
4.90
4.93
4.95
4.98
4.99
5.04
5.00
4.02
3.90
3.81
3.82
3.83
3.82
3.02
2.98
2.91
2.87
2.83
2.78
2.73
2.70
2.66
2.65
2.67
2.67
2.69
2.70
2.72
2.73
2.76
2.76
2.78
2.79
2.83
2.85
2.89
2.90
81.91
2.62
2.62
81.91
81.91
81.91
81.91
81.91
81.91
81.91
81.91
81.91
81.91
81.91
81.91
81.91
81.91
81.91
81.91
6.12
6.13
6.14
6.18
6.19
6.25
6.24
5.83
5.79
5.74
5.70
5.68
5.66
5.67
5.67
5.70
5.70
5.11
5.00
4.99
4.95
4.71
4.69
4.71
4.77
4.81
4.81
5.00
3.23
3.14
3.08
3.00
2.98
3.02
3.10
3.04
3.02
3.01
3.01
3.00
2.98
7.40
7.44
6.27
6.14
6.06
6.04
6.04
6.01
6.00
5.99
6.02
6.01
6.17
6.26
6.76
2.98
6.63
6.59
6.51
6.46
6.39
6.36
6.27
6.23
6.17
6.14
6.07
6.03
5.98
5.95
5.90
5.87
5.90
5.90
1.89
1.86
1.81
1.78
1.74
1.72
1.69
1.68
1.65
1.63
1.62
1.62
1.60
1.59
1.59
1.58
1.58
1.58
1.59
1.59
1.60
1.59
1.62
1.61
1.68
1.73
1.95
1.93
1.73
1.82
1.86
1.84
1.86
1.86
81.91
81.91
5.10
5.11
5.29
5.29
5.43
5.43
5.57
5.59
5.64
5.66
8.23
8.50
8.21
8.19
8.18
8.17
8.44
4.68
4.59
4.59
4.59
4.58
4.58
4.57
4.57
4.56
4.56
4.55
4.56
4.54
4.55
4.54
4.54
4.53
4.55
4.53
4.54
4.52
4.55
4.52
3.81
3.78
3.77
3.76
3.77
3.76
3.76
3.74
2.17
2.15
2.08
2.07
2.02
2.00
2.02
2.00
2.04
2.03
2.05
2.04
2.06
2.05
2.07
2.07
2.09
2.09
2.13
2.12
2.15
2.13
2.16
2.15
2.19
2.18
2.20
2.19
2.23
2.22
2.41
2.32
1.64
1.64
1.60
1.60
1.56
1.56
1.51
1.51
1.51
1.50
1.54
1.53
1.56
1.55
1.58
1.57
1.61
1.59
1.63
1.62
1.66
1.65
1.67
1.67
1.72
1.69
1.74
1.73
1.77
1.76
1.80
1.79
1.42
1.48
1.38
1.38
1.37
1.37
1.36
1.36
1.35
1.35
1.33
1.33
1.31
1.32
1.31
1.30
1.29
1.29
1.28
1.28
1.27
1.27
1.26
1.26
1.25
1.25
1.24
1.24
1.23
1.23
1.22
1.23
1.22
1.22
1.21
1.20
1.20
1.20
1.19
1.19
1.19
1.19
1.19
1.19
1.18
1.18
1.25
1.19
1.07
1.31
1.02
599.321544 -1.155600 1.536198
