1 361
1.55
1.53
1.53
1.53
1.52
1.52
1.53
1.51
1.51
1.15
1.48
0.72
0.84
0.71
0.71
0.71
0.72
0.71
0.72
0.71
0.72
0.71
0.71
0.72
0.72
0.71
0.72
0.71
0.72
0.71
0.71
0.70
0.71
0.69
0.70
0.69
0.70
0.70
0.70
0.70
0.70
0.69
0.70
0.69
0.69
0.67
0.66
0.68
0.68
0.68
0.67
0.68
0.69
0.68
0.69
0.69
0.70
0.69
0.70
0.70
0.70
0.70
0.70
0.70
0.71
0.71
0.72
0.71
0.71
0.71
0.72
0.71
0.72
0.71
0.72
0.71
0.71
0.71
0.72
0.72
0.73
0.72
0.72
0.73
0.73
0.72
0.74
0.74
0.74
0.82
0.76
1.56
1.56
1.67
1.68
1.69
1.69
1.71
1.71
1.73
1.73
1.66
1.67
1.63
1.65
1.64
1.64
81.91
81.91
1.56
1.57
1.44
1.45
1.46
1.48
1.44
1.43
1.46
1.42
1.42
1.43
81.91
81.91
1.30
1.32
1.26
1.26
81.91
1.43
81.91
1.44
1.40
1.41
1.03
1.05
0.97
0.98
0.99
0.99
81.91
81.91
81.91
1.60
81.91
1.60
1.48
1.49
1.46
1.46
1.41
1.42
1.41
1.42
1.43
1.45
1.48
6.27
6.25
6.24
6.17
6.18
6.09
6.08
5.96
5.25
5.07
5.04
5.00
5.00
4.87
4.86
4.79
4.78
4.83
4.84
4.96
4.91
5.09
5.09
4.25
4.24
4.18
4.19
4.12
4.13
4.07
4.07
4.02
4.03
3.97
3.97
3.93
3.96
4.55
4.54
4.50
4.49
4.45
4.44
4.41
4.41
4.38
4.38
4.34
4.34
2.27
2.20
1.83
1.84
1.84
1.85
1.84
1.86
1.85
1.86
1.86
1.87
1.86
1.87
1.86
1.88
1.88
1.89
1.88
1.90
1.88
1.89
1.86
1.90
1.93
1.94
1.93
1.95
1.95
1.97
1.97
1.98
2.02
2.07
81.91
81.91
81.91
81.91
81.91
81.91
81.91
81.91
81.91
81.91
81.91
81.91
81.91
81.91
1.02
0.98
81.91
81.91
0.95
0.87
0.84
0.82
0.82
0.82
0.81
0.81
0.81
0.82
0.82
0.83
0.83
0.85
0.87
0.88
0.83
0.76
0.75
0.73
0.72
0.73
0.73
0.73
0.72
0.73
0.73
0.74
0.73
0.76
0.76
0.81
0.82
0.83
0.83
0.85
0.85
0.82
0.80
0.77
0.78
0.76
0.74
0.74
0.73
0.72
0.71
0.69
0.68
0.69
0.69
0.68
0.67
0.67
0.66
0.66
0.65
0.66
0.65
0.65
0.65
0.65
0.66
0.66
0.66
0.66
0.67
0.64
0.64
0.62
0.62
0.61
0.62
0.60
0.60
0.60
0.60
0.60
0.59
0.59
0.59
0.58
0.58
0.58
0.58
0.58
0.58
0.57
0.57
0.57
0.57
0.57
0.56
0.56
0.56
0.56
0.56
0.55
0.56
0.54
0.54
0.54
0.55
0.54
601.737189 -14.848545 2.688106
