1 361
0.60
0.59
0.60
0.59
0.59
0.59
0.60
0.59
0.59
0.59
0.59
0.59
0.59
0.60
0.60
0.59
0.60
0.60
0.60
0.60
0.59
0.61
0.60
0.63
0.61
0.64
0.63
0.79
0.74
0.79
0.78
0.79
0.79
0.79
0.79
0.80
0.81
0.81
0.80
0.81
0.80
0.82
0.82
0.79
0.83
0.85
0.84
1.14
0.95
1.33
1.33
1.31
1.31
1.28
1.29
1.28
1.28
1.27
1.28
1.25
1.25
1.24
1.25
1.22
1.22
1.20
1.22
1.19
1.20
1.19
1.19
1.17
1.17
1.16
1.16
1.15
1.16
1.14
1.16
1.13
1.15
1.12
1.12
1.11
1.11
1.09
1.11
1.10
1.10
1.09
1.10
1.08
1.09
1.07
1.07
1.04
1.05
1.01
1.02
1.01
1.01
1.00
1.01
1.00
1.00
0.99
1.00
0.99
1.00
0.98
0.99
0.99
0.99
0.97
0.99
5.35
5.40
5.45
5.51
5.59
5.65
5.72
5.80
5.87
5.94
6.04
6.11
6.20
6.27
6.38
6.46
6.56
6.65
6.76
6.86
6.97
7.07
7.19
7.32
7.44
7.55
7.71
7.85
8.00
8.13
8.30
8.46
8.67
8.85
9.07
9.26
12.45
12.43
12.42
12.43
12.43
11.38
11.28
11.27
11.23
5.44
5.40
3.31
2.77
2.42
2.34
2.33
2.30
2.29
2.26
2.26
2.24
2.24
2.21
2.21
2.20
2.20
2.18
2.19
2.17
2.17
2.15
2.16
2.13
2.14
2.11
2.12
2.10
2.10
2.08
2.09
2.07
2.08
2.05
2.06
2.04
2.05
2.04
2.04
2.03
2.04
2.03
2.03
2.01
2.02
2.02
2.02
2.01
2.02
2.00
2.01
2.00
2.01
2.01
2.01
2.00
2.02
2.03
2.07
2.06
2.07
2.05
2.06
2.04
2.05
2.04
2.06
2.04
2.06
2.05
2.06
2.05
2.07
2.06
2.07
2.05
2.07
2.05
2.06
2.06
2.07
2.06
2.06
2.06
2.07
2.06
2.07
2.07
2.08
2.08
2.09
2.08
2.10
2.10
2.11
2.10
2.12
2.11
2.13
2.12
2.14
2.14
2.16
2.15
2.17
2.16
2.16
2.14
2.15
2.14
2.15
2.15
2.17
2.17
2.18
2.17
2.20
2.19
2.21
2.21
2.23
2.23
2.25
2.26
2.28
2.28
2.30
2.30
2.33
2.33
2.35
2.35
2.37
2.37
2.40
2.41
2.45
2.45
2.48
2.48
2.51
2.51
2.55
2.55
2.58
2.59
2.61
2.61
2.65
2.66
2.70
2.70
2.74
2.75
2.78
2.80
2.85
2.86
2.88
2.90
2.94
2.96
2.99
3.01
3.05
3.08
3.11
3.14
3.19
3.21
3.26
3.27
3.33
3.37
3.42
3.44
3.50
3.53
3.59
3.62
3.69
3.75
3.77
3.11
2.90
2.94
3.55
3.56
3.56
3.56
2.18
2.20
2.12
2.10
2.04
2.04
2.01
2.00
1.99
1.98
1.97
563.729330 2.581561 -0.262306
