1 361
1.69
1.70
1.69
1.70
1.70
1.70
1.70
1.69
1.69
1.69
1.70
1.69
1.69
1.70
1.69
1.70
1.70
1.70
1.70
1.70
1.71
1.71
1.72
1.72
1.72
1.74
1.73
1.68
1.68
1.71
1.71
1.74
1.75
1.63
1.64
1.60
1.60
1.55
1.54
1.46
1.46
1.33
1.34
1.14
1.22
1.03
1.05
1.05
1.05
1.21
1.24
1.02
1.08
0.97
1.00
0.95
0.96
0.93
0.95
0.94
0.93
0.96
0.96
0.95
0.96
0.96
0.96
0.96
0.97
0.96
0.97
0.96
0.98
0.99
0.98
0.95
0.96
0.97
0.97
0.99
0.98
1.02
1.04
1.03
1.03
1.03
1.04
1.04
1.05
1.04
1.05
1.05
1.06
1.06
1.07
1.06
1.08
1.07
1.08
1.08
1.09
81.91
81.91
1.46
1.47
1.45
1.45
1.42
1.42
1.41
1.42
1.43
1.46
1.48
1.51
1.54
1.55
1.56
1.57
1.60
1.62
81.91
81.91
81.91
81.91
81.91
81.91
81.91
11.23
7.01
7.02
2.33
2.32
2.30
2.31
2.17
2.22
2.62
2.63
2.62
2.61
2.60
2.60
2.58
2.60
2.60
2.73
2.81
4.49
4.59
4.58
3.99
3.94
3.86
3.89
3.94
3.92
3.91
3.95
3.95
3.99
3.94
6.14
6.14
6.15
6.30
6.31
6.35
6.42
6.39
6.13
6.10
81.91
9.83
9.83
9.48
9.34
9.30
9.29
9.27
9.29
9.30
8.85
8.63
8.50
8.34
8.42
8.44
6.81
6.74
6.67
6.62
6.63
6.64
6.66
2.72
2.69
2.67
2.67
2.64
2.64
2.60
2.65
2.74
2.69
2.67
2.73
2.70
2.78
2.75
5.64
9.79
9.71
5.15
5.20
5.53
5.44
5.33
8.28
8.19
8.12
3.12
3.09
3.08
3.07
3.03
3.03
3.01
3.00
2.98
2.97
2.95
2.95
2.93
2.92
2.90
2.89
2.87
2.88
2.86
2.98
3.02
3.11
3.15
3.16
3.13
3.34
3.40
3.60
3.70
4.13
4.12
6.56
6.43
6.40
6.38
6.35
6.31
4.67
4.64
4.38
4.37
4.37
4.33
3.93
3.66
3.49
3.48
3.58
3.60
3.96
3.76
2.79
2.77
2.78
2.77
2.78
2.77
2.78
2.77
2.78
2.77
2.79
2.78
2.79
2.78
2.49
2.42
2.39
2.39
2.40
2.39
2.45
2.46
2.72
2.70
2.69
2.68
2.66
2.66
2.65
2.64
2.62
2.63
2.64
2.61
2.48
2.45
2.35
2.33
2.24
2.22
2.11
2.11
2.12
2.11
2.13
2.13
1.97
1.97
1.96
1.95
2.02
2.01
2.19
2.19
2.22
2.22
2.24
2.24
2.26
2.27
2.28
2.28
2.31
2.31
2.34
2.33
2.36
2.37
2.40
2.39
2.42
2.43
2.46
2.47
2.51
2.50
2.56
2.56
2.58
2.57
2.60
2.62
81.91
81.91
2.74
2.72
2.76
2.75
2.73
597.753474 -4.346710 0.891806
