1 361
1.91
1.91
1.89
1.89
1.88
1.88
1.88
1.91
1.99
2.00
2.12
2.13
2.26
2.26
2.38
2.35
2.24
2.25
2.23
2.22
2.22
2.22
2.22
2.22
2.28
2.28
3.77
3.77
3.78
3.77
3.80
3.78
3.80
3.80
3.83
3.83
3.84
3.84
3.86
3.86
3.87
3.87
3.91
3.89
3.92
3.92
3.93
3.93
3.97
3.96
4.00
3.98
4.02
4.03
4.04
4.04
4.07
4.05
4.07
4.07
3.98
3.97
4.33
4.32
4.35
4.34
4.37
4.36
4.39
4.38
4.41
4.40
4.43
4.42
4.44
4.43
4.46
4.46
4.50
4.49
4.53
4.52
4.54
4.54
4.58
4.56
4.60
4.59
2.53
4.64
2.35
2.37
2.23
2.22
2.24
2.23
2.23
2.23
2.24
2.23
2.25
2.24
2.27
2.26
2.29
2.27
2.31
2.29
2.32
2.31
2.36
2.35
2.11
2.08
81.91
2.22
81.91
81.91
81.91
81.91
81.91
81.91
81.91
81.91
81.91
81.91
81.91
81.91
81.91
81.91
81.91
81.91
81.91
81.91
81.91
81.91
81.91
81.91
81.91
81.91
81.91
81.91
81.91
81.91
81.91
81.91
5.42
5.41
5.45
5.43
5.48
5.47
5.53
5.51
5.57
5.55
5.22
5.29
5.08
5.08
5.00
5.00
4.97
4.96
4.97
4.96
4.43
4.92
4.29
4.28
4.02
4.06
3.98
3.98
2.50
4.07
2.37
2.39
2.26
2.25
2.44
2.26
2.47
2.65
2.31
2.30
2.29
2.28
2.24
2.26
2.22
2.22
6.67
6.66
6.73
6.70
6.64
6.65
5.44
5.36
5.34
5.36
2.57
2.58
5.31
5.33
5.28
5.31
5.39
5.39
2.22
2.24
5.95
5.97
5.82
5.85
5.71
5.73
5.61
5.63
5.51
5.53
5.43
5.44
5.34
5.35
5.26
5.27
5.19
5.20
5.11
5.11
5.14
5.10
5.09
5.10
5.09
5.07
5.03
5.03
1.10
1.12
1.05
1.06
1.01
1.02
0.99
1.00
0.97
0.97
0.95
0.95
0.93
0.93
0.91
0.92
0.90
0.90
0.90
0.89
0.89
0.89
0.88
0.88
0.88
0.87
0.87
0.87
0.86
0.86
0.86
0.85
0.87
0.86
0.87
0.86
0.88
0.87
0.89
0.88
0.90
0.89
0.91
0.89
0.94
0.91
1.12
0.96
1.11
1.11
81.91
1.09
81.91
81.91
8.59
81.91
81.91
8.57
3.99
81.91
3.97
3.98
3.97
3.97
3.97
3.97
3.97
3.97
3.97
3.97
3.97
3.97
3.97
3.97
3.97
3.97
3.96
3.97
3.98
3.98
3.99
3.98
3.99
3.98
4.01
4.00
3.91
3.98
3.23
3.69
3.21
3.20
3.23
3.22
3.25
3.23
3.27
3.25
3.29
3.27
3.30
3.30
3.31
3.30
3.33
3.32
3.35
3.34
3.38
3.37
3.41
3.39
3.43
3.42
3.45
3.45
1.76
3.47
1.72
1.75
1.70
599.570831 -0.453290 0.801228
