1 361
2.04
3.34
3.39
3.32
3.34
3.30
3.32
3.26
3.30
3.22
3.26
3.16
3.22
3.70
3.17
3.69
3.71
3.67
3.69
3.65
3.67
3.64
3.66
3.63
3.65
3.63
3.63
3.44
3.63
3.39
3.43
3.23
3.42
3.23
3.23
3.32
3.23
3.45
3.34
4.50
4.50
0.99
4.50
0.99
0.98
1.07
1.00
1.02
19.76
0.98
19.78
0.97
1.00
0.97
0.98
0.98
0.98
0.98
0.98
0.98
0.98
0.98
0.98
0.99
0.98
0.99
0.99
1.01
0.99
0.99
1.01
0.99
1.00
1.00
0.99
1.00
1.00
1.00
1.00
1.01
1.01
1.01
1.01
1.02
1.02
1.01
1.03
3.57
1.03
3.43
3.56
3.44
3.43
3.49
3.46
3.52
3.48
3.55
3.52
7.59
3.55
7.78
7.64
7.98
7.82
8.19
8.03
8.30
8.26
8.21
8.28
8.13
8.20
8.00
8.12
7.97
7.97
7.88
7.95
7.83
7.81
7.76
7.81
11.06
7.79
6.15
11.16
5.93
6.10
5.57
5.92
1.37
5.49
1.37
1.38
1.39
1.37
1.42
1.41
1.45
1.44
1.48
1.47
1.49
1.49
1.47
1.49
1.47
1.47
1.50
1.49
1.48
1.50
1.47
1.49
1.45
1.47
1.43
1.45
1.42
1.43
1.39
1.41
1.38
1.39
1.36
1.38
1.36
1.37
1.35
1.36
1.33
1.35
1.32
1.34
1.31
1.33
1.30
1.32
1.29
1.31
1.28
1.30
1.27
1.29
1.26
1.27
1.25
1.27
1.25
1.26
1.24
1.25
1.24
1.25
1.23
1.24
1.22
1.23
1.22
1.23
1.21
1.22
1.20
1.22
1.20
1.21
1.19
1.21
1.19
1.20
1.19
1.20
1.19
1.20
1.19
1.20
1.19
1.19
1.18
1.19
1.18
1.19
1.18
1.19
1.18
1.19
1.18
1.19
1.19
1.20
1.19
1.20
1.19
1.19
1.19
1.19
1.20
1.20
1.20
1.20
1.20
1.21
1.21
1.21
1.21
1.22
1.22
1.22
1.22
1.23
1.23
1.23
1.24
1.24
1.24
1.24
1.25
1.25
1.26
1.26
1.27
1.27
1.28
1.28
1.28
1.29
1.29
1.30
1.30
1.30
1.32
1.31
1.33
1.33
1.34
1.34
1.35
1.35
1.36
1.36
1.37
1.37
1.38
1.38
1.40
1.39
1.41
1.41
1.43
1.42
1.45
1.44
1.47
1.46
1.49
1.48
1.51
1.50
1.53
1.52
1.54
1.54
1.56
1.56
1.59
1.58
1.62
1.60
1.64
1.63
1.66
1.65
1.69
1.69
1.73
1.71
1.76
1.74
1.80
1.78
1.83
1.82
1.87
1.86
1.91
1.90
1.96
1.94
2.00
1.98
2.06
2.03
2.09
2.08
2.15
2.12
2.22
2.18
2.27
2.24
2.34
2.31
2.42
2.38
2.51
2.46
2.59
2.54
2.68
2.63
2.77
2.72
2.89
2.82
3.00
2.92
3.13
3.04
3.23
3.17
559.983677 0.578956 -2.368850
