1 361
0.44
0.45
0.45
0.45
0.46
0.45
0.45
0.45
0.46
0.47
0.47
0.50
0.48
81.91
0.51
81.91
81.91
81.91
81.91
81.91
81.91
81.91
81.91
81.91
81.91
81.91
81.91
81.91
0.59
81.91
81.91
1.11
1.13
1.13
1.14
1.15
1.13
1.15
1.16
0.97
1.00
0.90
0.90
0.86
0.88
0.82
0.83
0.81
0.81
0.86
0.87
0.86
0.88
0.81
0.80
0.79
0.78
0.80
0.77
0.78
0.80
0.75
0.76
0.68
0.69
0.73
0.72
0.80
0.80
0.81
0.81
0.80
0.80
0.78
0.80
0.75
0.76
0.85
0.84
0.86
0.86
0.85
0.85
0.95
0.90
1.19
1.19
1.16
1.15
1.12
1.15
1.19
1.19
1.21
1.21
1.21
1.22
1.23
1.23
1.24
1.25
1.27
1.29
1.30
8.33
8.44
8.54
9.12
9.27
9.25
12.80
12.82
12.85
12.90
12.91
12.96
13.15
13.09
13.14
13.72
13.74
13.80
5.96
5.81
5.77
7.87
5.51
5.51
5.58
5.54
5.57
5.55
5.54
5.65
5.40
5.32
5.60
5.75
5.83
5.88
5.07
4.72
4.72
4.63
4.65
4.66
4.69
4.71
4.76
5.00
4.97
4.87
4.83
4.82
4.84
4.78
4.74
4.74
4.73
4.66
4.62
3.63
3.61
3.54
3.53
3.52
3.50
3.39
3.40
3.35
3.33
3.28
3.30
3.28
3.34
3.35
3.39
3.41
3.44
3.54
3.57
2.85
2.76
2.72
2.71
2.68
2.67
2.64
2.64
2.60
2.60
2.57
2.56
2.54
2.53
2.51
2.50
2.48
2.47
2.45
2.45
2.53
3.04
3.02
3.01
2.98
2.97
2.94
2.94
2.91
2.91
2.91
2.94
2.93
2.93
2.90
2.90
2.88
2.88
2.85
2.85
2.83
2.83
2.82
2.82
2.80
2.80
2.78
2.78
2.77
2.77
2.75
2.75
2.74
2.74
2.72
2.72
2.71
2.71
2.70
2.70
1.20
1.13
1.05
0.91
0.85
0.80
0.78
0.76
0.74
0.73
0.72
0.71
0.69
0.68
0.67
0.66
0.64
0.63
0.62
0.61
0.60
0.59
0.58
0.57
0.56
0.54
0.55
0.54
0.53
0.53
0.52
0.51
0.50
0.50
0.49
0.49
0.48
0.48
0.47
0.47
0.46
0.48
0.46
0.48
0.48
0.49
0.47
0.50
0.48
0.51
0.49
0.51
0.50
0.51
0.51
0.52
0.52
0.53
0.52
0.55
0.52
0.56
0.53
0.56
0.55
0.57
0.56
0.59
0.57
0.60
0.58
0.62
0.60
0.64
0.63
0.65
0.64
0.66
0.66
0.68
0.68
0.70
0.69
0.71
0.71
0.75
0.73
0.77
0.77
0.78
0.79
0.81
0.81
0.82
0.83
81.91
81.91
81.91
81.91
81.91
81.91
81.91
81.91
81.91
81.91
81.91
81.91
81.91
81.91
81.91
81.91
81.91
81.91
81.91
81.91
81.91
81.91
81.91
81.91
81.91
600.357020 -14.305180 2.660734
