1 361
0.78
0.78
0.78
0.78
0.77
0.77
0.77
0.77
0.77
0.76
0.76
0.76
0.76
0.76
0.76
0.76
0.76
0.74
0.75
0.75
0.74
0.74
0.75
0.74
0.75
0.74
0.75
0.74
0.75
0.74
0.76
0.76
0.77
0.75
0.76
0.76
0.76
0.76
0.76
0.76
0.76
0.76
0.76
0.76
0.77
0.76
0.77
0.77
0.78
0.77
0.77
0.77
0.78
0.77
0.77
0.77
0.78
0.77
0.77
0.77
0.78
0.78
0.79
0.78
0.79
0.78
0.80
0.78
0.79
6.12
5.98
5.97
5.85
5.83
5.74
5.73
5.74
5.73
5.68
5.66
5.60
5.56
5.47
5.46
5.37
5.37
5.23
5.20
4.96
4.95
4.87
4.86
4.80
4.78
4.72
4.70
4.65
4.64
4.59
4.58
4.53
4.51
4.46
4.45
4.40
4.39
4.34
4.34
4.30
4.28
4.24
4.23
4.20
4.19
4.16
4.15
4.12
4.10
4.08
4.06
4.03
4.02
4.00
3.98
3.96
3.94
3.93
3.91
3.90
3.88
3.86
3.85
3.84
3.82
3.81
3.80
3.79
3.78
3.77
3.76
3.74
3.71
3.74
3.70
3.80
3.78
3.77
3.77
3.80
3.78
3.80
3.78
3.78
3.76
3.76
3.76
3.76
3.75
3.75
3.73
3.74
3.72
3.73
3.72
3.72
3.71
3.64
3.63
3.65
3.63
3.56
3.56
3.55
3.53
3.54
3.53
3.54
3.53
3.54
3.53
3.54
3.52
3.54
3.53
3.54
3.53
3.55
3.53
3.55
3.53
3.56
3.53
3.56
3.54
3.57
3.55
3.58
3.56
3.58
3.57
3.60
3.58
3.62
3.60
3.63
3.61
3.65
3.63
3.67
3.65
3.69
3.67
3.71
3.69
3.75
3.71
3.77
3.75
3.80
3.77
3.81
3.80
3.84
3.82
3.87
3.85
3.90
3.88
3.85
3.86
3.70
3.71
3.57
3.58
3.45
3.46
3.34
3.35
3.24
3.25
3.15
3.15
3.06
3.07
2.97
2.99
2.91
2.91
2.84
2.85
2.77
2.77
2.70
2.71
2.65
2.65
2.59
2.59
2.55
2.55
2.50
2.50
2.44
2.44
2.38
2.38
2.34
2.35
2.30
2.30
2.26
2.26
2.22
2.22
2.19
2.19
2.16
2.16
2.13
2.13
2.10
2.10
2.07
2.07
2.04
2.05
2.01
2.02
1.98
1.99
1.97
1.97
1.96
1.96
1.94
1.93
1.91
1.91
1.88
1.89
1.87
1.87
1.84
1.84
1.82
1.82
1.81
1.81
1.80
1.80
1.78
1.78
1.77
1.77
1.80
1.75
1.90
1.84
1.99
1.93
2.10
2.04
2.21
2.16
2.34
2.23
3.24
3.25
3.06
3.06
3.19
3.19
3.18
3.17
3.35
3.19
3.65
3.54
4.04
3.92
4.50
4.35
5.07
4.87
6.50
5.58
6.77
6.54
7.02
7.02
7.01
7.01
7.00
7.00
7.02
7.02
11.45
8.55
11.37
11.37
11.33
561.172043 -10.491476 -0.110762
