1 361
1.73
1.81
1.78
1.86
1.85
3.15
3.16
3.13
3.14
1.46
3.12
1.38
1.38
1.37
1.38
1.37
1.37
1.37
1.37
1.37
1.37
1.37
1.37
1.36
1.37
1.36
1.36
1.35
1.36
1.36
1.35
1.34
1.36
1.35
1.35
1.34
1.36
1.35
1.35
1.34
1.35
1.35
1.36
1.35
1.35
1.35
1.35
1.35
1.35
1.34
1.35
1.34
1.35
1.34
1.35
1.34
1.46
3.19
3.36
2.87
2.88
1.24
1.26
1.18
1.18
1.18
1.19
1.20
1.19
1.20
1.21
1.23
1.21
1.21
1.21
1.20
1.22
1.22
1.19
1.23
1.22
1.22
1.23
3.50
3.50
3.54
3.55
3.47
3.48
3.58
3.59
3.54
3.54
7.76
7.77
7.80
7.81
7.86
7.88
7.92
7.93
7.99
8.00
6.54
6.55
8.10
8.11
6.19
6.21
8.42
8.43
8.50
8.52
6.19
6.21
8.64
8.65
8.71
8.73
1.30
1.33
1.25
1.27
1.23
1.24
1.29
1.26
1.22
1.23
1.13
1.15
1.14
1.15
1.24
1.24
1.24
1.25
1.20
1.24
1.23
1.24
1.24
1.25
1.24
1.25
1.27
1.28
1.29
1.31
1.33
1.34
1.30
1.32
1.28
1.29
6.67
6.68
6.58
6.58
6.56
6.59
6.73
6.75
6.90
6.92
6.85
6.85
5.30
5.29
5.23
5.18
5.20
5.21
5.26
5.29
3.67
3.67
3.40
3.41
3.37
3.38
3.35
3.36
3.34
3.34
3.18
3.19
3.04
3.04
2.97
2.93
2.97
3.02
81.91
3.09
81.91
81.91
9.14
9.16
9.14
9.14
81.91
81.91
2.43
2.43
2.39
2.38
2.33
2.33
2.42
2.46
2.49
2.49
2.51
2.54
2.53
2.06
1.97
1.98
1.94
1.94
1.90
1.92
1.87
1.88
1.85
1.86
1.83
1.83
1.81
1.82
1.85
1.87
1.89
1.92
1.95
1.97
1.97
1.92
81.91
1.98
1.95
1.96
1.93
1.96
1.98
2.00
2.02
2.04
81.91
2.74
2.72
2.73
2.71
2.70
2.68
2.69
2.66
2.67
2.37
2.41
2.25
2.23
2.27
2.24
2.18
2.19
2.15
2.17
2.15
2.16
2.16
2.14
2.13
2.15
2.11
2.18
3.34
3.36
3.36
3.37
3.37
3.37
3.37
3.38
3.38
3.39
3.39
3.40
3.41
3.42
3.43
3.42
3.46
81.91
81.91
81.91
1.46
1.40
1.45
1.46
1.39
1.39
3.55
1.28
1.24
3.58
3.54
3.55
3.56
3.58
1.50
1.46
1.48
1.80
1.87
1.87
1.87
1.87
1.86
1.86
1.85
1.85
1.83
1.83
1.82
1.82
1.81
1.81
1.81
1.81
1.81
1.80
1.79
1.79
1.78
1.78
1.78
1.77
1.76
1.77
1.77
1.95
2.07
2.26
2.32
2.29
2.16
2.16
2.15
2.15
2.18
2.17
2.12
2.13
2.14
2.22
2.30
3.77
3.80
3.82
577.503932 3.021387 -1.151092
