1 361
1.03
1.04
1.04
1.05
1.05
1.05
1.05
1.06
1.06
1.06
1.06
1.08
1.07
1.08
1.09
1.09
1.09
1.10
1.11
1.12
1.12
1.13
1.13
1.13
1.14
1.14
1.15
1.15
1.16
1.17
1.17
1.19
1.19
1.20
1.20
1.21
1.21
1.22
1.23
1.24
1.24
1.26
1.26
1.27
1.28
1.29
1.30
1.31
1.32
1.33
1.33
1.34
1.35
1.36
1.37
1.38
1.39
1.41
1.42
1.43
1.45
1.46
1.47
1.49
1.50
1.51
1.52
1.54
1.55
1.57
1.58
1.61
1.63
1.65
1.67
1.69
1.71
1.73
1.75
1.77
1.80
1.83
1.84
1.87
1.89
1.92
1.95
1.97
2.01
2.05
2.08
2.11
2.14
2.18
2.22
2.26
2.30
2.34
2.39
2.44
2.49
2.55
2.60
2.66
2.72
2.76
2.84
2.89
2.96
3.03
3.11
3.19
3.28
3.37
3.46
3.59
4.10
4.21
4.38
4.40
4.41
4.40
4.48
4.70
4.92
5.12
5.39
5.64
6.00
6.30
6.57
11.91
11.90
11.88
11.89
11.86
11.86
11.84
11.84
11.82
11.83
11.80
11.81
11.80
11.80
11.79
11.83
11.88
11.92
11.92
11.95
11.95
11.95
11.91
11.89
9.96
8.79
8.06
7.22
6.70
6.07
5.74
5.31
5.00
4.65
4.49
4.22
4.01
3.82
3.63
3.46
3.30
3.16
3.09
2.98
2.89
2.78
2.67
2.58
2.50
2.46
2.36
2.27
2.25
2.17
2.14
2.07
2.05
1.96
1.92
1.83
1.80
1.84
1.75
1.74
1.86
1.67
1.64
1.89
1.58
1.57
1.58
1.58
1.46
1.48
1.57
1.40
1.38
1.39
1.45
1.56
1.51
1.29
1.26
1.48
1.45
1.31
1.22
1.20
1.22
1.37
1.34
1.15
1.12
1.14
1.16
1.27
1.25
11.16
7.22
1.04
1.03
1.15
1.15
10.52
10.45
10.31
10.27
0.97
0.97
0.95
0.93
2.68
2.66
2.66
2.65
1.08
1.07
0.91
0.92
0.86
0.86
2.39
2.37
1.03
1.04
0.99
0.98
0.85
8.78
0.82
0.81
5.60
8.48
0.99
2.31
0.94
0.94
2.29
2.26
10.14
8.19
0.77
0.77
0.76
0.74
0.75
0.74
0.85
0.78
0.88
0.87
0.88
0.87
2.15
7.74
7.70
7.70
2.09
2.09
0.73
7.58
0.73
0.71
0.84
0.78
9.25
0.82
7.45
7.45
2.05
2.04
7.39
9.11
2.05
2.03
1.98
1.98
0.69
0.72
0.69
0.67
1.99
1.98
4.82
7.25
8.94
7.23
1.99
1.98
7.23
8.91
0.82
8.91
0.78
0.80
0.68
0.72
0.67
0.68
8.91
0.69
7.31
8.91
7.21
8.92
8.91
8.98
0.98
1.97
0.81
0.82
0.72
9.19
0.68
0.70
6.47
0.69
5.87
5.70
2.01
2.02
4.93
4.77
0.85
0.84
4.21
0.84
3.98
3.90
0.71
566.873174 -7.471939 -2.005697
