1 361
0.96
0.96
0.96
0.96
0.96
0.96
0.96
0.96
0.96
0.96
0.96
0.97
0.96
0.97
0.97
0.97
0.97
0.98
0.98
0.99
0.99
0.99
0.99
1.00
1.00
1.01
1.01
1.01
1.01
1.02
1.02
1.03
1.03
1.03
1.03
1.03
1.04
1.04
1.05
1.05
1.06
1.06
1.07
1.07
1.07
1.07
1.08
1.08
1.09
1.09
1.10
1.10
1.11
1.12
1.12
1.13
1.13
1.14
1.14
1.15
1.16
1.16
1.17
1.18
1.18
1.19
1.20
1.21
1.21
1.22
1.22
1.23
1.23
1.24
1.25
1.26
1.27
1.28
1.29
1.30
1.31
1.32
1.34
1.35
1.36
1.37
1.38
1.39
1.40
1.42
1.43
1.45
1.46
1.48
1.50
1.51
1.53
1.55
1.56
1.58
1.60
1.62
1.64
1.66
1.68
1.69
1.71
1.74
1.76
1.79
1.81
1.84
1.87
1.89
1.92
1.95
1.99
2.01
2.05
2.09
2.12
2.16
2.20
2.24
2.28
2.33
2.38
2.44
2.48
2.54
2.59
2.66
2.71
2.78
2.85
2.91
2.99
3.07
3.16
3.24
3.33
3.44
3.52
3.63
3.77
3.90
4.04
4.18
4.33
4.50
4.69
4.91
5.10
6.17
6.82
6.82
6.94
6.93
6.97
7.35
7.37
7.35
7.35
7.33
7.34
7.31
7.33
7.30
7.32
7.29
7.31
7.29
7.30
7.28
7.30
7.28
7.30
7.29
7.30
7.29
7.30
7.28
7.31
7.29
7.32
7.30
7.33
7.33
15.60
5.37
5.09
4.76
4.53
4.30
4.05
3.90
3.75
3.56
3.44
3.30
3.23
3.06
2.94
2.87
2.71
2.64
2.59
2.54
2.48
2.36
2.32
2.26
2.18
2.16
2.09
2.07
1.98
1.96
1.90
1.86
1.86
1.79
1.77
1.75
1.68
1.67
6.12
1.60
1.59
1.57
1.54
1.50
1.49
1.48
1.41
1.38
1.37
1.36
1.37
1.35
1.32
1.31
1.28
1.26
6.58
6.64
1.22
1.20
1.19
1.19
6.82
6.87
1.13
1.12
1.11
1.08
7.14
7.16
7.26
7.33
1.05
1.03
7.53
1.05
7.63
7.68
1.91
1.89
0.98
0.98
0.96
0.95
7.85
7.77
7.72
7.72
7.67
7.58
0.89
0.92
0.90
0.88
7.32
7.38
8.71
7.18
7.10
7.09
0.84
0.89
0.84
0.83
6.91
8.29
6.85
6.81
8.22
6.74
6.71
6.68
6.65
7.94
0.79
0.80
7.97
0.80
6.47
6.49
6.53
7.57
7.82
7.67
7.57
7.60
7.55
7.59
0.75
0.79
0.77
0.74
9.34
7.56
7.51
9.28
7.50
7.49
9.21
7.45
7.42
9.15
7.40
9.12
0.72
0.75
9.08
0.72
9.05
7.33
7.33
7.32
7.29
9.00
7.27
9.08
9.07
7.24
9.07
7.25
0.71
7.24
0.70
0.71
7.23
0.69
8.91
8.94
8.93
7.22
8.94
8.95
8.95
582.416843 -15.608462 0.392938
