1 361
8.98
8.95
7.22
7.21
7.20
7.18
8.91
8.88
8.87
0.61
7.16
0.62
0.61
7.13
0.62
7.12
8.83
8.81
8.81
8.82
8.81
8.82
8.82
8.82
7.12
7.14
7.25
7.13
8.83
0.62
8.86
0.62
0.63
8.87
0.63
7.19
7.18
7.18
8.93
7.22
8.95
7.24
8.98
8.99
7.31
9.03
7.29
0.65
7.33
0.65
0.66
9.14
0.65
7.45
7.43
7.44
9.26
9.28
9.30
9.33
7.55
7.21
7.03
7.63
9.48
0.67
7.75
0.66
0.68
7.81
0.68
7.90
7.90
7.92
10.03
5.23
5.19
8.06
10.27
2.19
2.19
0.72
0.74
0.72
0.73
2.30
7.53
2.40
2.36
2.28
2.29
6.97
6.95
0.78
2.40
0.76
0.79
2.32
0.78
2.36
2.39
2.51
2.52
6.09
6.04
0.85
0.88
0.83
0.85
5.74
5.73
2.73
2.73
5.56
2.83
0.91
0.93
0.89
0.90
2.96
2.97
5.20
3.06
1.00
1.01
0.96
0.98
3.18
3.20
1.10
1.11
1.07
1.10
1.32
1.33
1.29
1.29
1.20
1.20
3.78
1.55
1.29
1.29
1.41
1.52
1.36
1.36
1.34
1.35
1.54
1.65
1.48
1.52
1.60
1.59
1.55
1.70
1.65
1.67
1.78
1.79
1.91
1.90
2.00
1.98
2.02
2.07
2.15
2.23
2.30
2.33
2.41
2.53
2.58
2.61
2.69
2.83
2.97
3.10
3.25
3.35
3.59
3.74
3.89
4.10
6.07
6.08
6.07
6.07
6.05
6.07
6.04
6.06
6.03
6.05
5.97
5.94
5.93
5.95
5.93
5.95
5.93
5.95
5.93
5.95
5.94
5.95
5.95
5.95
5.95
5.96
5.95
5.97
5.96
5.98
5.98
6.00
6.00
6.02
6.01
6.03
6.02
6.03
6.03
6.04
6.03
6.04
6.03
6.04
6.03
6.05
4.10
4.03
3.88
3.81
3.64
3.58
3.46
3.39
3.28
3.21
3.13
3.07
2.99
2.93
2.86
2.80
2.74
2.69
2.64
2.59
2.53
2.50
2.45
2.40
2.35
2.31
2.27
2.24
2.20
2.16
2.13
2.10
2.07
2.04
2.01
1.99
1.96
1.94
1.91
1.89
1.87
1.84
1.82
1.80
1.77
1.75
1.74
1.72
1.71
1.69
1.67
1.64
1.63
1.61
1.61
1.59
1.57
1.56
1.54
1.52
1.51
1.50
1.49
1.47
1.46
1.45
1.44
1.43
1.41
1.41
1.40
1.39
1.39
1.37
1.36
1.35
1.34
1.33
1.33
1.31
1.31
1.30
1.29
1.28
1.27
1.27
1.26
1.25
1.25
1.25
1.24
1.23
1.23
1.22
1.22
1.21
1.21
1.20
1.20
1.19
1.19
1.19
1.18
1.17
1.16
1.16
1.16
1.16
1.16
1.15
1.15
1.14
1.14
1.13
1.13
1.12
1.12
1.12
1.12
1.11
1.12
1.11
1.10
1.11
1.11
1.10
1.10
1.10
1.10
1.09
581.546472 -6.009893 -0.092576
