1 361
1.35
1.46
1.39
1.70
1.67
1.72
1.72
1.35
1.36
1.33
1.35
1.34
1.34
1.36
1.35
1.34
1.37
1.34
1.35
1.37
1.37
1.36
1.37
1.35
1.36
1.38
1.39
1.39
1.38
1.76
1.69
1.78
1.78
1.79
1.79
1.79
1.80
1.81
1.81
1.82
1.82
1.81
1.82
1.84
1.83
1.61
1.66
1.74
1.73
1.78
1.81
1.84
1.86
1.85
1.87
1.85
1.86
1.88
1.88
1.89
1.89
1.90
1.91
1.93
1.93
1.95
1.95
1.97
1.98
1.99
1.99
1.51
1.99
1.41
1.41
1.43
1.44
1.45
1.45
1.47
1.47
1.49
1.49
1.51
1.51
1.54
1.54
1.55
1.56
1.58
1.58
1.61
1.61
1.63
1.64
1.65
1.66
1.68
1.69
1.71
1.72
1.75
1.76
2.64
2.65
2.69
2.71
2.74
2.75
3.20
3.27
4.88
4.89
4.88
4.89
4.88
4.89
4.88
4.89
4.87
4.88
4.88
4.88
4.88
4.89
4.88
4.89
4.17
4.19
4.22
4.23
4.23
4.24
4.24
4.27
4.26
4.28
4.29
4.31
4.32
4.33
4.40
4.49
5.09
5.11
4.76
4.64
3.40
3.31
3.08
3.06
2.97
2.96
2.88
2.89
2.83
2.83
2.78
2.79
2.75
2.76
2.75
2.77
2.75
2.75
2.74
2.76
2.83
3.31
2.74
2.69
2.56
2.53
2.40
2.41
2.41
2.45
2.44
2.45
2.45
2.49
2.64
2.61
2.62
2.67
2.60
2.58
2.51
2.50
2.48
2.50
2.51
2.53
2.54
2.56
2.57
2.59
2.60
2.63
2.63
2.66
2.67
2.70
2.70
2.74
81.91
81.91
81.91
81.91
81.91
81.91
81.91
81.91
81.91
81.91
81.91
81.91
81.91
81.91
81.91
81.91
3.69
3.70
3.67
3.68
3.82
3.84
4.11
4.21
4.16
4.15
4.18
4.23
2.13
2.10
4.38
4.40
4.45
2.07
1.60
1.49
1.46
1.46
1.43
1.42
1.40
1.40
1.38
1.39
1.37
1.39
1.37
1.37
1.36
1.36
1.35
1.35
1.34
1.34
1.32
1.33
1.31
1.31
1.29
1.29
1.28
1.28
1.26
1.26
1.25
1.25
1.23
1.23
1.22
1.22
1.21
1.21
1.19
1.20
1.18
1.18
1.17
1.17
1.17
1.17
1.17
1.17
1.16
1.17
1.16
1.17
1.16
1.17
1.17
1.17
1.17
1.20
1.18
1.24
1.23
1.32
1.33
1.44
1.45
1.32
1.33
1.15
1.14
1.13
1.12
1.12
1.10
1.11
1.10
1.10
1.10
1.09
1.09
1.10
1.09
1.10
1.09
1.10
1.09
1.10
1.10
1.10
1.09
1.10
1.09
1.10
1.10
1.11
1.10
1.11
1.10
1.11
1.10
1.11
1.11
1.12
1.12
1.12
1.11
1.12
1.12
1.13
1.12
1.13
1.13
1.13
1.13
1.13
1.14
1.14
1.14
1.15
1.14
1.15
1.15
1.16
598.802463 -12.348073 -1.245701
