1 361
7.31
7.24
7.20
81.91
2.77
2.77
2.76
2.74
2.71
2.70
2.70
2.73
81.91
2.85
81.91
81.91
81.91
81.91
81.91
3.59
3.11
9.25
2.62
81.91
81.91
81.91
2.52
81.91
81.91
81.91
8.81
8.83
8.86
8.80
8.76
8.72
8.68
8.65
2.98
8.57
8.54
4.34
4.31
4.12
4.12
4.10
4.12
4.11
4.10
2.51
2.40
2.39
3.44
3.35
2.48
2.37
2.44
2.38
2.39
2.37
2.38
2.35
2.37
2.36
2.38
2.54
7.83
2.85
13.77
7.78
7.83
13.97
14.09
2.13
2.11
4.06
81.91
81.91
81.91
4.25
81.91
2.10
2.10
2.08
2.10
2.09
2.09
2.04
2.02
1.99
2.07
2.07
2.08
2.07
2.08
2.13
2.14
2.14
2.14
2.13
2.15
5.47
5.30
5.17
5.00
4.87
2.54
2.51
4.49
4.41
4.31
4.22
4.13
4.05
3.95
3.88
3.80
3.70
3.63
3.56
3.50
3.44
3.37
3.31
3.26
3.20
3.15
3.10
3.05
3.00
2.96
2.91
2.88
2.83
2.80
2.76
2.74
2.70
2.67
2.63
2.61
2.57
2.55
2.51
2.50
2.46
2.44
2.40
2.38
2.34
2.33
2.30
2.28
2.26
2.24
2.22
2.20
2.17
2.16
2.13
2.12
2.09
2.09
2.06
2.05
2.02
2.01
1.99
2.00
1.97
1.97
1.94
1.93
1.91
1.91
1.88
1.87
1.86
1.86
1.83
1.83
1.81
1.81
1.79
1.79
1.78
1.84
1.84
1.89
1.89
1.95
1.95
2.01
2.01
2.08
2.08
2.15
2.16
2.24
2.25
2.33
2.34
2.42
2.42
2.45
2.42
2.42
2.41
2.41
2.40
2.40
2.38
2.39
2.37
2.38
2.37
2.40
2.40
2.52
2.53
2.69
2.71
2.88
2.90
2.90
2.87
2.89
2.88
2.89
2.86
2.88
2.86
2.86
2.84
2.90
2.90
2.90
2.89
2.90
2.88
2.90
2.88
2.89
2.87
2.87
2.85
2.88
2.87
2.86
2.83
2.87
2.87
2.88
2.87
2.90
2.88
2.84
2.84
2.85
2.84
2.86
2.84
2.85
2.83
2.85
2.84
2.88
2.87
2.89
2.88
2.90
2.89
2.92
2.91
2.93
2.92
2.94
2.93
2.95
2.94
2.96
2.95
2.98
2.97
3.00
2.99
3.01
3.01
2.90
2.88
2.75
2.74
2.64
2.62
2.52
2.51
2.42
2.40
2.32
2.32
2.25
2.24
2.16
2.16
2.09
2.08
2.02
2.02
1.96
1.96
1.90
1.90
1.84
1.84
1.79
1.79
1.80
1.79
1.80
1.79
1.83
1.82
1.82
1.83
1.79
1.79
1.75
1.75
1.72
1.72
1.68
1.68
1.64
1.65
1.61
1.62
1.58
1.59
1.56
1.56
1.53
1.54
1.52
1.52
1.49
1.49
1.47
1.47
1.44
1.44
1.42
1.42
1.40
1.40
1.38
1.38
1.36
1.37
1.34
1.35
1.33
586.134267 -24.238313 -0.290498
