1 361
0.77
0.68
0.72
6.42
0.68
6.43
6.45
1.94
1.93
1.96
1.96
6.51
6.53
6.56
2.00
0.80
0.81
0.71
0.78
0.70
0.71
3.77
3.64
3.53
3.55
2.08
2.15
3.56
3.58
0.84
0.84
0.83
0.84
0.74
0.80
0.74
0.74
0.74
0.74
0.73
0.74
2.18
3.81
0.90
0.98
0.88
0.89
3.88
3.91
0.80
2.31
0.81
0.82
2.25
0.84
0.94
1.01
2.37
0.94
4.14
4.17
0.87
0.91
0.87
0.87
1.00
1.00
2.50
2.54
2.65
2.52
0.94
0.95
0.96
0.95
1.04
1.04
4.70
4.74
4.79
4.85
0.99
1.00
4.88
4.84
4.81
4.78
1.19
1.20
1.08
1.09
4.83
4.89
1.29
1.29
1.14
1.15
1.42
1.45
1.37
1.40
1.23
1.24
1.45
1.47
1.33
1.32
1.46
1.52
4.42
1.44
1.41
1.49
1.60
1.53
1.51
1.62
1.59
1.57
1.55
1.57
1.68
1.69
1.68
1.91
1.76
1.91
1.96
1.96
2.06
2.03
2.16
2.25
2.25
2.36
2.38
2.47
2.54
2.63
2.57
2.64
2.76
2.98
3.03
3.18
3.26
3.39
3.50
3.64
3.75
3.88
3.86
4.18
4.23
5.43
5.72
5.96
5.94
6.02
8.84
9.59
9.58
9.61
9.92
12.26
12.35
12.37
12.36
12.37
12.35
12.37
12.35
12.38
12.36
12.37
12.36
12.38
12.37
12.40
12.39
12.42
12.41
12.44
12.45
12.47
12.02
11.67
10.74
9.96
9.89
9.03
8.69
8.59
8.59
8.63
8.62
6.98
6.84
6.55
6.39
6.22
6.21
6.10
5.96
5.76
5.62
5.43
5.35
5.18
5.11
4.93
4.84
4.43
4.38
4.26
4.20
4.08
4.03
3.93
3.87
3.78
3.71
3.62
3.57
3.51
3.46
3.38
3.34
3.28
3.24
3.17
3.14
3.08
3.05
3.00
2.96
2.92
2.90
2.85
2.82
2.77
2.75
2.72
2.69
2.65
2.63
2.59
2.57
2.54
2.52
2.49
2.46
2.42
2.41
2.38
2.36
2.33
2.31
2.28
2.28
2.25
2.23
2.22
2.20
2.17
2.16
2.13
2.12
2.11
2.10
2.08
2.07
2.05
2.04
2.02
2.01
2.00
1.99
1.98
1.96
1.95
1.94
1.93
1.92
1.90
1.89
1.88
1.87
1.87
1.86
1.85
1.84
1.83
1.82
1.81
1.80
1.79
1.79
1.78
1.77
1.75
1.75
1.74
1.74
1.73
1.72
1.71
1.71
1.70
1.70
1.69
1.68
1.68
1.67
1.67
1.67
1.66
1.65
1.66
1.65
1.64
1.65
1.64
1.63
1.64
1.62
1.63
1.63
1.62
1.61
1.61
1.61
1.61
1.60
1.60
1.60
1.60
1.60
1.60
1.59
1.59
1.59
1.59
1.59
1.60
1.60
1.60
1.60
1.60
1.59
1.60
1.59
1.60
1.59
1.60
1.59
1.60
1.60
1.60
1.60
1.60
596.028354 -30.432441 0.160857
