1 361
1.35
1.26
1.30
1.23
1.25
1.18
1.22
1.14
1.18
1.10
1.14
1.06
1.10
1.04
1.07
1.01
1.04
0.99
1.02
0.95
0.98
0.95
0.96
0.92
0.95
0.89
0.93
0.87
0.89
0.86
0.88
0.84
0.86
0.82
0.84
0.81
0.82
0.80
0.82
0.79
0.80
0.76
0.78
0.75
0.77
0.74
0.75
0.73
0.74
0.72
0.73
0.71
0.72
0.70
0.71
0.69
0.70
0.67
0.69
0.66
0.68
0.65
0.67
0.65
0.66
0.65
0.65
0.63
0.64
0.62
0.64
0.62
0.62
0.61
0.62
0.61
0.62
0.60
0.61
0.59
0.61
0.60
0.60
0.59
0.60
0.58
0.59
0.58
0.58
0.58
0.58
0.57
0.58
0.57
0.58
0.57
0.57
0.56
0.57
0.56
0.57
0.55
0.56
0.55
0.56
0.55
0.56
0.55
0.55
0.55
0.55
0.54
0.55
0.54
0.55
0.54
0.55
0.55
0.55
0.55
0.55
0.54
0.55
0.55
0.54
0.54
0.55
0.54
0.54
0.54
0.54
0.54
0.54
0.54
0.54
0.55
0.55
0.55
0.55
0.55
0.55
0.54
0.55
0.54
0.54
0.55
0.55
0.55
0.55
0.55
0.55
0.55
0.55
0.55
0.55
0.55
0.55
0.55
0.56
0.55
0.56
0.56
0.56
0.56
0.56
0.56
0.57
0.57
0.57
0.57
0.57
0.58
0.58
0.58
0.58
0.58
0.58
0.59
0.59
0.60
0.59
0.60
0.60
0.60
0.61
0.60
0.60
0.61
0.61
0.62
0.61
0.62
0.62
0.63
0.63
0.64
0.64
0.66
0.65
0.67
0.67
0.67
0.67
0.69
0.68
0.69
0.69
0.70
0.70
0.72
0.72
0.73
0.73
0.74
0.74
0.75
0.75
0.77
0.76
0.78
0.78
0.80
0.80
0.82
0.81
0.83
0.83
0.84
0.83
0.85
0.85
0.87
0.87
0.90
0.89
0.92
0.92
0.94
0.94
0.96
0.96
0.99
0.97
1.02
1.00
1.04
1.03
1.07
1.07
1.11
1.10
1.14
1.13
1.17
1.16
1.21
1.20
1.25
1.24
1.29
1.27
1.34
1.32
1.40
1.36
1.46
1.43
1.53
1.50
1.61
1.57
1.70
1.65
10.38
1.71
3.51
3.52
3.52
10.32
10.24
3.46
3.44
10.22
10.13
3.46
3.38
3.45
3.70
3.46
4.09
3.87
4.56
4.26
5.15
4.71
5.90
5.41
6.89
6.23
8.33
7.31
15.08
8.99
15.08
15.07
17.55
15.07
17.55
17.55
17.14
17.56
17.13
17.03
17.04
17.16
17.06
17.05
12.98
14.72
10.79
11.94
8.84
9.83
7.60
8.33
6.71
7.25
5.99
6.42
5.42
5.75
4.94
5.24
4.56
4.78
4.23
4.43
3.94
4.11
3.67
3.84
3.45
3.58
3.25
3.37
3.07
3.18
2.92
3.01
2.78
2.86
2.66
2.73
2.55
2.60
2.45
2.50
2.33
2.39
2.25
2.30
576.623455 -20.160744 0.767022
