1 361
0.92
0.92
0.92
0.92
0.92
0.92
0.92
0.92
0.92
0.92
0.92
0.92
0.93
0.92
0.93
0.93
0.93
0.93
0.93
0.94
0.94
0.94
0.94
0.94
0.95
0.95
0.95
0.95
0.95
0.95
0.95
0.96
0.96
0.97
0.97
0.97
0.97
0.98
0.98
0.99
0.99
1.00
1.00
1.01
1.01
1.01
1.02
1.02
1.03
1.03
1.03
1.04
1.05
1.05
1.06
1.06
1.07
1.07
1.07
1.07
1.08
1.09
1.10
1.10
1.11
1.11
1.12
1.13
1.13
1.14
1.15
1.16
1.16
1.17
1.18
1.18
1.19
1.20
1.21
1.21
1.22
1.23
1.24
1.25
1.26
1.27
1.28
1.29
1.31
1.32
1.33
1.35
1.36
1.37
1.38
1.39
1.40
1.42
1.44
1.46
1.47
1.49
1.51
1.53
1.55
1.56
1.58
1.60
1.62
1.64
1.65
1.68
1.70
1.72
1.75
1.78
1.80
1.83
1.86
1.89
1.92
1.95
1.98
2.02
2.05
2.09
2.12
2.17
2.20
2.25
2.28
2.32
2.38
2.46
2.51
2.58
2.64
2.71
2.77
2.85
2.91
3.01
3.08
3.18
3.26
3.36
3.46
3.59
3.69
3.86
3.99
4.15
4.28
4.48
4.67
4.89
5.10
5.38
5.61
5.95
6.23
6.68
7.07
7.65
7.99
9.86
9.89
10.30
10.31
10.29
10.30
10.28
10.28
10.27
10.28
10.27
10.28
10.26
10.28
10.26
10.29
10.27
10.28
10.27
10.28
10.27
10.31
8.20
7.68
6.97
6.57
6.07
5.67
5.35
5.10
4.76
4.57
4.26
4.15
3.95
3.81
3.60
3.50
3.36
3.22
3.11
3.02
2.88
2.82
2.76
2.68
2.63
2.55
2.46
2.44
2.32
2.29
2.22
2.16
2.12
2.07
2.02
2.02
1.93
1.94
1.88
1.84
1.82
1.76
1.73
9.38
1.69
1.65
1.63
1.57
1.55
1.52
1.51
1.53
9.73
1.47
1.44
1.44
9.95
1.39
1.35
1.34
1.33
10.26
10.14
1.29
1.27
2.36
2.33
9.59
9.48
1.19
1.18
9.15
9.09
9.00
8.91
1.13
1.13
1.09
1.09
8.52
8.43
8.38
8.30
1.05
1.04
1.03
1.01
9.59
9.53
9.44
9.22
9.34
9.26
0.96
0.95
9.15
9.11
9.06
9.01
8.97
8.90
8.86
8.79
0.89
0.90
8.64
0.89
8.56
8.49
8.46
8.37
3.76
3.73
8.29
8.28
0.85
0.86
8.16
0.85
9.94
8.04
7.99
9.82
9.79
7.89
7.86
9.79
0.83
7.84
0.81
0.80
9.64
7.71
7.68
9.43
7.65
7.62
9.37
7.57
7.54
9.30
0.80
7.52
0.78
0.78
7.49
0.77
7.43
9.15
7.44
9.12
7.40
7.39
9.08
7.34
9.06
7.34
0.76
9.04
0.77
0.75
9.50
0.85
11.94
7.28
7.29
12.47
7.27
11.63
7.30
11.39
7.29
11.16
0.74
579.845094 -16.636197 0.370069
