1 361
1.02
1.01
1.01
1.02
1.02
1.02
1.02
1.02
1.02
1.02
1.03
1.03
1.03
1.03
1.03
1.04
1.03
1.04
1.04
1.04
1.05
1.05
1.05
1.06
1.06
1.06
1.06
1.07
1.07
1.08
1.08
1.08
1.08
1.09
1.09
1.09
1.10
1.10
1.10
1.11
1.11
1.12
1.12
1.13
1.13
1.13
1.14
1.14
1.15
1.16
1.17
1.17
1.17
1.17
1.18
1.19
1.19
1.19
1.20
1.21
1.22
1.22
1.23
1.24
1.24
1.25
1.26
1.26
1.27
1.28
1.28
1.30
1.31
1.32
1.33
1.34
1.34
1.35
1.37
1.36
1.38
1.40
1.41
1.42
1.43
1.44
1.46
1.48
1.49
1.51
1.51
1.53
1.55
1.56
1.58
1.58
1.61
1.62
1.63
1.65
1.68
1.69
1.72
1.74
1.75
1.78
1.80
1.82
1.85
1.87
1.90
1.92
1.95
1.98
2.00
2.04
2.07
2.10
2.13
2.18
2.21
2.25
2.28
2.33
2.38
2.44
2.48
2.52
2.57
2.62
2.68
2.74
2.79
2.87
2.93
3.01
3.08
3.15
3.22
3.32
3.40
3.50
3.61
3.71
3.84
3.91
5.83
5.68
6.97
5.63
5.88
8.25
14.08
14.06
14.07
14.02
14.03
14.02
14.08
14.09
14.10
14.10
14.11
14.04
13.97
13.94
13.97
13.96
13.17
12.23
12.22
12.23
12.26
9.82
9.48
9.03
8.69
8.31
8.00
7.69
7.43
7.17
6.90
6.68
6.63
6.61
6.46
6.25
6.11
5.62
5.50
5.36
5.23
5.10
4.97
4.84
4.76
4.65
4.56
4.45
4.38
4.23
4.06
3.93
3.80
3.65
3.54
3.44
3.34
3.24
3.16
3.06
2.98
2.89
2.89
2.88
2.90
2.90
2.86
2.79
2.74
2.68
2.63
2.58
2.53
2.48
2.44
2.38
2.33
2.28
2.03
1.99
1.97
1.94
1.91
1.88
1.86
1.83
1.80
1.77
1.75
1.72
1.70
1.67
1.66
1.63
1.62
1.59
1.59
1.57
1.55
1.53
1.52
1.50
1.48
1.46
1.45
1.44
1.42
1.41
1.39
1.38
1.38
1.36
1.35
1.34
1.33
1.31
1.31
1.29
1.28
1.27
1.26
1.25
1.25
1.23
1.22
1.22
1.20
1.20
1.19
1.19
1.19
1.19
1.18
1.17
1.16
1.15
1.14
1.14
1.13
1.13
1.12
1.11
1.10
1.10
1.09
1.09
1.07
1.08
1.06
1.06
1.06
1.06
1.05
1.05
1.04
1.04
1.04
1.03
1.03
1.03
1.02
1.02
1.01
1.01
1.01
1.00
1.00
0.99
0.99
0.99
0.98
0.98
0.98
0.98
0.98
0.97
0.97
0.97
0.97
0.97
0.97
0.97
0.96
0.96
0.96
0.96
0.96
0.96
0.96
0.96
0.95
0.95
0.95
0.95
0.95
0.95
0.95
0.95
0.95
0.95
0.95
0.95
0.95
0.95
0.95
0.95
0.95
0.95
0.95
564.271232 -2.964435 -0.595239
