1 361
0.60
0.61
0.60
0.60
0.61
0.61
0.60
0.60
0.60
0.60
0.60
0.60
0.60
0.61
0.61
0.61
0.62
0.62
0.62
0.61
0.61
0.61
0.61
0.62
0.62
0.62
0.62
0.62
0.62
0.64
0.63
0.65
0.65
0.65
0.65
0.65
0.66
0.66
0.66
0.66
0.66
0.67
0.67
0.67
0.68
0.68
0.68
0.68
0.68
0.69
0.69
0.69
0.70
0.70
0.70
0.70
0.71
0.71
0.71
0.72
0.72
0.72
0.72
0.73
0.73
0.74
0.74
0.75
0.75
0.76
0.76
0.76
0.77
0.77
0.79
0.79
0.79
0.80
0.80
0.81
0.81
0.82
0.83
0.83
0.84
0.85
0.86
0.87
0.87
0.88
0.88
0.90
0.90
0.91
0.92
0.93
0.94
0.95
0.96
0.97
0.98
0.99
0.99
1.00
1.01
1.03
1.04
1.06
1.07
1.09
1.10
1.11
1.12
1.14
1.15
1.17
1.18
1.20
1.22
1.24
1.26
1.29
1.30
1.32
1.34
1.36
1.38
1.41
1.44
1.47
1.50
1.53
1.56
1.59
1.62
1.66
1.70
1.74
1.77
1.81
1.86
1.90
1.95
2.00
2.05
2.12
2.16
2.18
3.15
3.09
3.01
2.97
3.03
3.10
3.10
3.09
3.11
3.24
3.38
3.56
3.62
3.59
3.60
3.58
3.59
3.57
3.58
3.56
3.58
3.56
3.57
3.56
3.58
3.58
3.58
4.60
4.72
8.07
7.91
7.83
7.82
7.81
7.90
7.84
7.78
8.07
7.72
7.15
7.12
7.10
7.13
7.12
7.16
7.19
7.62
7.68
6.81
6.69
6.77
5.75
5.75
5.65
5.60
5.46
5.09
4.88
4.76
4.71
4.74
4.73
4.76
4.75
4.78
4.78
4.80
4.80
4.84
4.83
4.86
4.87
5.06
5.70
5.71
6.96
6.85
6.62
6.61
6.59
6.76
7.03
6.99
5.80
5.78
5.73
5.74
5.18
4.96
4.94
4.33
3.98
3.97
4.05
4.07
4.08
5.96
3.19
3.06
3.04
3.06
3.05
2.93
2.87
2.91
2.89
2.96
2.96
2.93
2.89
2.44
2.37
2.35
2.37
2.40
2.40
2.39
2.35
2.30
2.26
2.20
2.16
2.12
2.10
2.06
2.02
2.01
1.99
2.02
2.02
1.60
1.58
1.55
1.53
1.50
1.50
1.47
1.46
1.51
1.51
1.60
1.60
2.91
2.90
2.93
2.95
3.02
3.03
4.28
4.19
4.18
4.16
4.28
4.32
4.31
4.28
4.27
4.25
4.22
4.18
4.16
4.16
4.11
4.12
4.24
4.44
5.63
5.72
5.77
5.75
5.75
11.86
11.80
11.73
11.73
11.88
12.06
12.21
12.41
81.91
81.91
5.29
5.28
5.28
5.28
3.97
3.87
3.87
3.89
3.91
0.95
0.96
0.95
0.95
0.94
0.94
0.93
0.93
0.92
0.92
0.92
0.92
0.91
0.91
0.90
0.90
0.90
0.90
0.87
0.88
0.84
0.84
0.91
563.151015 -6.226309 1.470182
