1 361
0.96
0.96
0.96
0.96
0.96
0.96
0.96
0.96
0.96
0.96
0.96
0.96
0.96
0.96
0.96
0.96
0.97
0.97
0.98
0.98
0.98
0.99
0.98
1.00
0.99
1.00
1.00
1.01
1.01
1.01
1.02
1.02
1.02
1.03
1.03
1.03
1.04
1.04
1.05
1.05
1.05
1.06
1.06
1.07
1.07
1.07
1.07
1.08
1.09
1.09
1.10
1.10
1.11
1.11
1.12
1.13
1.13
1.14
1.14
1.15
1.16
1.17
1.17
1.18
1.18
1.20
1.20
1.21
1.22
1.22
1.22
1.23
1.24
1.25
1.26
1.27
1.28
1.29
1.30
1.31
1.32
1.33
1.35
1.36
1.37
1.38
1.39
1.40
1.41
1.43
1.45
1.46
1.48
1.49
1.51
1.53
1.55
1.56
1.58
1.60
1.62
1.64
1.66
1.68
1.69
1.72
1.74
1.76
1.79
1.81
1.84
1.87
1.90
1.93
1.96
1.99
2.02
2.06
2.09
2.13
2.17
2.21
2.26
2.29
2.35
2.39
2.45
2.50
2.56
2.61
2.68
2.74
2.80
2.87
2.95
3.02
3.11
3.18
3.29
3.37
3.48
3.57
3.69
3.83
3.97
4.10
4.27
4.41
4.61
4.78
5.04
5.27
5.46
7.09
7.11
7.19
7.21
7.23
7.64
7.62
7.63
7.60
7.60
7.58
7.59
7.58
7.58
7.57
7.58
7.56
7.57
7.56
7.57
7.55
7.57
7.55
7.57
7.56
7.57
7.56
7.58
7.57
7.58
7.58
7.59
7.59
5.70
5.53
5.18
4.90
4.61
4.34
4.17
4.01
3.82
3.65
3.49
3.39
3.22
3.14
2.94
2.90
2.85
2.73
2.64
2.58
2.52
2.42
2.34
2.31
2.23
2.22
2.13
2.11
2.03
2.01
1.93
1.91
1.85
1.83
8.32
1.75
1.74
1.70
1.61
1.59
1.62
1.61
1.55
1.53
1.51
6.51
1.46
1.44
1.42
6.61
1.39
1.36
1.34
1.30
6.79
6.85
1.27
1.26
6.99
7.05
7.12
7.10
1.19
1.16
5.20
7.28
7.40
7.39
1.21
1.26
1.07
1.07
7.75
7.78
7.87
7.89
1.02
1.00
8.15
0.99
8.12
8.06
7.99
7.95
0.98
7.83
0.93
0.92
7.63
7.63
7.57
7.48
7.44
7.42
7.38
7.27
0.88
0.88
7.16
0.88
7.13
7.04
7.00
6.98
6.95
6.91
0.85
6.83
0.82
0.83
6.76
0.81
8.04
6.62
3.58
6.57
6.55
7.73
7.80
7.92
0.80
7.70
0.78
0.78
7.80
0.78
7.72
9.50
9.46
7.63
7.63
7.62
7.58
9.34
9.31
7.53
0.74
0.76
7.46
0.73
7.46
9.17
9.15
7.37
9.11
7.36
9.08
7.34
7.33
9.05
7.32
9.05
0.72
9.12
0.71
0.71
0.71
0.71
0.74
0.71
7.24
9.07
9.03
8.93
8.95
7.24
8.95
8.95
8.95
7.24
8.95
7.24
0.72
8.96
0.72
582.176815 -15.708012 0.393060
