1 361
81.91
81.91
81.91
81.91
81.91
81.91
81.91
81.91
81.91
81.91
81.91
81.91
81.91
81.91
81.91
81.91
81.91
81.91
81.91
81.91
81.91
81.91
81.91
0.69
0.69
81.91
81.91
81.91
3.94
3.94
3.90
3.90
3.89
3.89
3.88
3.88
3.90
3.90
3.94
3.93
4.00
3.99
3.89
3.91
3.79
4.06
3.30
3.30
3.30
3.29
3.28
3.28
3.22
3.20
3.05
3.04
3.05
3.04
3.15
3.12
3.21
3.19
3.53
3.50
3.55
3.54
3.51
3.51
3.47
3.46
5.37
5.34
5.89
5.90
4.71
4.70
4.70
4.70
4.69
4.68
4.79
4.79
4.74
4.73
4.88
4.81
5.40
5.40
5.34
5.35
5.29
5.29
5.24
5.24
2.08
2.08
1.86
1.84
1.75
1.74
1.73
1.72
1.71
1.70
1.70
1.69
1.68
1.67
1.67
1.66
1.68
1.66
1.79
1.77
1.81
1.79
1.82
1.81
1.82
1.82
1.81
1.80
1.79
1.78
4.86
4.86
4.84
4.83
4.20
4.38
3.99
3.98
3.98
3.97
3.96
3.96
3.96
3.95
2.07
2.07
3.94
3.93
3.94
3.94
3.92
3.92
3.91
3.91
3.91
3.89
3.77
3.84
3.87
3.87
3.91
3.89
4.72
4.63
81.91
4.89
5.48
5.47
3.20
3.20
9.22
9.21
9.28
9.25
7.82
7.81
7.40
7.40
9.34
7.47
9.28
9.32
4.79
7.39
4.71
4.71
4.74
4.72
4.76
4.73
4.77
4.75
4.80
4.78
4.83
4.81
4.86
4.83
4.89
4.87
4.92
4.90
4.95
4.93
5.00
4.97
1.86
1.93
1.80
1.80
1.77
1.77
1.76
1.75
1.75
1.74
1.74
1.73
1.74
1.73
1.74
1.73
1.74
1.73
1.75
1.73
1.76
1.75
1.77
1.76
1.78
1.77
1.80
1.78
1.82
1.80
1.87
1.84
4.52
1.87
4.50
4.48
4.34
4.41
4.31
4.28
3.11
3.17
3.08
3.08
3.06
3.05
3.04
3.01
3.18
3.14
3.22
3.21
3.41
3.37
3.70
3.53
3.95
3.95
4.00
3.95
5.11
4.99
3.90
3.90
3.43
3.92
3.06
3.89
3.01
3.01
3.01
3.00
2.98
2.99
81.91
2.96
81.91
81.91
3.47
81.91
5.42
4.77
5.46
5.45
5.46
5.45
3.09
3.08
3.10
3.09
3.08
3.09
3.08
3.08
3.08
3.08
3.08
3.08
3.09
3.08
3.09
3.08
3.09
3.08
3.09
3.08
3.22
3.10
3.01
4.59
2.96
2.93
2.94
2.92
2.94
2.93
2.93
2.93
4.61
3.02
5.09
5.11
5.17
5.36
5.24
5.18
5.15
5.18
5.24
9.25
9.32
5.27
7.53
7.78
2.87
2.86
2.73
2.79
2.91
2.76
2.80
2.88
2.79
2.79
2.83
2.80
2.84
2.84
2.82
2.83
7.92
7.79
10.16
10.13
10.23
10.23
12.46
10.27
12.08
12.21
11.47
578.492572 4.571650 2.694305
