1 361
2.77
2.77
2.78
2.70
2.76
2.05
2.33
2.09
2.09
81.91
2.10
2.15
1.99
3.67
2.09
5.27
2.10
81.91
81.91
2.14
4.31
4.14
81.91
4.50
4.06
3.78
4.47
3.50
3.62
3.45
3.46
2.84
2.96
1.38
2.77
1.34
1.34
1.35
1.35
1.36
1.35
1.36
1.36
1.37
1.36
1.38
1.38
1.39
1.38
1.40
1.40
1.41
1.41
1.43
1.42
1.44
1.44
1.46
1.45
1.48
1.47
1.49
1.48
1.51
1.50
1.52
1.52
1.50
1.54
1.46
1.47
1.47
1.47
1.37
1.47
1.16
1.23
1.15
1.15
1.15
1.15
1.16
1.16
1.18
1.18
1.32
1.21
1.47
1.43
1.48
1.48
1.48
1.48
1.53
1.49
81.91
1.54
1.53
1.59
1.52
1.53
1.52
1.53
1.58
1.61
1.58
81.91
81.91
81.91
81.91
81.91
81.91
81.91
81.91
1.39
81.91
81.91
81.91
81.91
81.91
81.91
81.91
81.91
2.31
2.21
81.91
81.91
2.44
81.91
2.56
81.91
2.54
2.53
81.91
2.50
1.26
81.91
1.29
1.28
81.91
81.91
81.91
81.91
81.91
81.91
1.29
81.91
1.23
1.25
1.24
1.24
1.25
1.25
2.37
1.30
2.48
2.37
4.27
4.27
4.25
4.27
4.23
4.25
4.23
4.23
4.21
4.23
3.61
3.63
7.65
7.62
7.13
7.23
7.11
7.12
7.11
7.12
7.12
7.12
7.11
7.11
5.15
7.17
5.13
5.14
5.13
5.14
5.14
5.14
5.13
5.14
5.14
5.14
5.15
5.16
5.16
5.16
5.17
5.18
5.19
5.19
5.21
5.21
5.23
5.24
5.26
5.26
5.28
5.28
5.30
5.30
5.33
5.33
5.36
5.36
5.39
5.39
4.13
5.43
3.81
4.13
3.51
3.51
3.54
3.54
3.59
3.60
3.61
3.61
3.70
3.76
3.62
3.66
3.57
3.56
5.97
5.95
6.03
6.01
6.02
6.02
6.08
6.12
7.89
7.96
7.36
7.51
7.29
7.27
7.08
7.13
6.78
6.95
6.66
6.67
6.56
6.61
6.61
6.57
6.51
6.56
6.38
6.42
6.25
6.29
6.12
6.17
5.32
5.36
5.23
5.26
5.13
5.17
5.06
5.08
4.95
4.98
4.89
4.91
4.82
4.84
4.74
4.77
4.69
4.71
4.63
4.65
4.57
4.59
4.51
4.53
4.45
4.47
4.40
4.42
4.36
4.38
4.31
4.32
4.26
4.28
4.23
4.23
4.19
4.20
4.15
4.17
4.12
4.13
4.20
4.16
4.37
4.33
4.55
4.50
4.53
4.54
4.50
4.51
4.46
4.48
4.71
4.65
4.95
4.90
5.87
5.96
5.89
5.86
5.96
5.89
6.42
6.30
3.00
3.01
2.97
2.97
2.97
2.98
3.00
2.98
3.02
3.01
3.18
3.16
6.79
3.16
14.11
14.39
14.46
14.17
3.46
3.49
3.46
3.48
3.40
3.41
3.34
3.35
3.30
3.31
597.938760 -3.082628 -2.692748
