1 361
1.19
1.19
1.20
1.20
1.20
1.21
1.21
1.21
1.21
1.22
1.22
1.22
1.22
1.23
1.24
1.24
1.25
1.25
1.26
1.27
1.27
1.28
1.29
1.29
1.29
1.29
1.30
1.30
1.31
1.31
1.32
1.32
1.33
1.34
1.35
1.35
1.37
1.36
1.38
1.39
1.40
1.41
1.41
1.42
1.43
1.44
1.44
1.45
1.46
1.47
1.48
1.49
1.51
1.51
1.53
1.53
1.55
1.56
1.57
1.58
1.60
1.61
1.62
1.63
1.65
1.65
1.67
1.69
1.72
1.73
1.75
1.76
1.77
1.79
1.81
1.83
1.85
1.87
1.90
1.92
1.94
1.95
1.99
2.01
2.03
2.05
2.09
2.11
2.15
2.17
2.21
2.23
2.28
2.30
2.34
2.36
2.42
2.46
2.51
2.53
2.55
9.06
9.31
9.40
9.66
9.78
9.97
81.91
5.63
5.59
5.60
5.59
5.60
5.60
5.61
5.60
5.61
5.61
4.72
4.56
4.46
4.45
4.45
4.43
4.43
4.42
4.41
4.40
4.40
4.39
4.39
4.38
4.38
4.37
4.37
4.36
4.36
4.35
4.36
4.35
4.35
4.34
4.35
4.34
4.36
4.34
4.35
4.34
4.35
4.34
4.35
4.35
4.35
4.34
4.35
4.35
4.36
4.36
4.36
4.36
4.38
4.37
4.39
4.39
4.40
4.40
4.42
4.41
4.43
4.44
7.65
7.63
3.50
3.48
3.45
3.43
3.20
3.09
2.95
2.89
2.76
2.70
2.57
2.51
2.52
2.51
2.34
2.28
2.20
2.14
2.09
2.06
1.98
1.95
1.90
1.85
1.80
1.78
1.72
1.70
1.66
1.64
1.60
1.58
1.54
1.53
1.50
1.47
1.42
1.41
1.38
1.36
1.35
1.32
1.30
1.29
1.26
1.26
1.24
1.22
1.20
1.19
1.16
1.17
1.14
1.14
1.11
1.10
1.08
1.07
1.06
1.04
1.03
1.03
1.02
1.01
0.99
0.98
0.97
0.95
0.95
0.95
0.94
0.94
0.93
0.92
0.91
0.89
0.90
0.88
0.88
0.87
0.86
0.85
0.84
0.84
0.83
0.83
0.83
0.82
0.81
0.80
0.81
0.80
0.80
0.79
0.79
0.79
0.83
0.83
0.84
0.84
0.89
0.87
0.92
0.91
0.94
0.94
0.97
0.97
1.02
1.01
1.06
1.05
1.08
1.09
1.13
1.12
1.15
1.15
1.24
1.23
1.21
1.20
1.20
1.20
1.20
1.19
1.19
1.19
1.18
1.18
1.18
1.17
1.17
1.17
1.17
1.16
1.16
1.16
1.16
1.16
1.16
1.15
1.15
1.15
1.15
1.14
1.14
1.14
1.14
1.14
1.13
1.13
1.13
1.13
1.13
1.13
1.13
1.13
1.13
1.13
1.14
1.13
1.13
1.13
1.13
1.13
1.14
1.13
1.13
1.13
1.13
1.13
1.13
1.14
1.14
1.14
1.14
1.14
1.15
1.14
1.15
1.14
1.15
1.15
1.15
1.15
1.16
1.16
1.16
569.955137 0.070700 0.107242
