1 361
0.86
0.83
0.83
0.80
0.81
0.77
0.78
0.76
0.76
0.75
0.75
0.73
0.73
0.71
0.72
0.70
0.70
0.68
0.70
0.68
0.69
0.69
0.69
0.71
0.70
0.72
0.72
0.74
0.74
0.76
0.76
0.77
0.76
0.79
0.79
0.81
0.80
0.83
0.82
0.85
0.85
0.87
0.88
0.89
0.90
0.92
0.92
0.94
0.94
0.97
0.98
1.00
1.01
1.04
1.04
1.07
1.08
1.09
1.09
1.11
1.12
1.43
1.50
1.53
1.57
1.60
1.63
1.66
1.71
1.75
1.92
1.94
1.95
1.86
1.88
1.89
1.97
1.99
1.98
1.97
1.98
1.98
1.98
1.99
2.13
2.19
2.30
2.37
2.52
2.59
2.76
2.86
3.06
3.15
3.42
2.99
2.64
2.74
2.61
2.64
2.53
2.61
2.59
2.62
2.79
2.78
2.80
2.68
2.60
2.60
2.63
2.62
2.68
2.68
2.90
2.96
2.95
2.95
2.88
2.57
2.59
2.66
2.77
2.68
2.64
8.11
8.17
8.18
8.32
8.29
8.29
8.29
8.40
8.41
8.56
81.91
81.91
81.91
81.91
81.91
9.49
9.47
7.16
7.12
7.07
7.07
7.17
7.16
7.27
7.26
7.35
7.33
7.20
7.16
7.05
7.02
7.00
6.95
6.81
6.78
6.70
6.67
6.61
6.57
6.49
6.46
5.96
5.93
5.62
5.59
5.54
5.52
5.53
5.52
5.52
5.51
5.57
5.56
5.69
5.68
6.12
8.10
8.14
8.13
8.34
8.37
6.88
6.85
11.45
7.08
7.03
6.99
6.95
6.93
7.02
7.02
7.22
7.19
7.11
7.10
7.07
7.05
7.02
6.99
6.98
6.96
6.80
6.77
6.77
6.76
3.97
3.95
3.56
3.53
3.23
3.22
2.98
2.95
2.74
2.73
2.55
2.54
2.38
2.37
2.24
2.23
2.10
2.09
1.98
1.97
1.88
1.88
1.79
1.79
1.70
1.70
1.64
1.63
1.57
1.56
1.51
1.51
1.45
1.45
1.39
1.39
1.35
1.35
1.31
1.30
1.27
1.26
1.21
1.21
1.19
1.19
1.16
1.16
1.13
1.13
1.10
1.10
1.06
1.06
1.04
1.04
1.01
1.01
0.98
0.98
0.96
0.96
0.94
0.94
0.93
0.91
0.91
0.91
0.89
0.89
0.88
0.87
0.86
0.86
0.83
0.84
0.82
0.83
0.81
0.81
0.80
0.80
0.77
0.78
0.77
0.77
0.76
0.76
0.75
0.75
0.75
0.75
0.74
0.74
0.73
0.73
0.83
0.73
0.84
0.82
0.84
0.84
0.83
0.83
0.82
0.83
0.82
0.81
0.80
0.81
0.80
0.79
0.83
0.79
0.86
0.82
0.87
0.85
0.83
0.86
0.82
0.82
0.83
0.82
1.07
0.82
1.13
1.09
1.18
1.13
1.25
1.21
1.33
1.29
1.44
1.38
1.54
1.48
1.66
1.59
1.81
1.75
1.96
1.93
2.19
2.12
2.21
2.26
2.23
2.20
2.30
594.827627 -8.780775 -0.354872
