1 361
3.77
3.84
3.91
3.99
4.06
4.15
4.22
4.35
5.51
5.48
5.46
5.44
5.41
5.38
5.36
5.33
5.31
5.29
5.27
5.25
5.24
5.21
5.19
5.17
5.15
1.11
1.11
1.11
1.11
1.10
1.10
1.09
1.10
1.09
1.10
1.09
1.09
1.09
1.09
1.08
1.08
1.08
1.08
1.08
1.08
1.07
1.08
1.08
1.08
1.08
1.09
1.08
1.08
1.08
1.09
1.08
1.09
1.09
1.10
1.09
1.10
1.10
1.11
1.10
1.11
1.11
1.12
1.11
1.12
1.11
1.12
1.13
1.13
1.13
1.13
1.13
1.13
1.13
1.13
1.13
1.14
1.14
1.13
3.97
3.98
3.97
3.99
3.99
4.00
3.99
4.01
3.97
3.94
3.90
3.86
3.81
3.80
3.74
3.69
3.65
3.61
2.36
2.38
2.83
2.79
2.81
2.83
2.85
2.92
3.33
3.34
3.36
3.41
3.44
2.31
2.33
2.33
2.29
2.33
2.35
2.38
2.52
2.62
3.24
3.20
3.23
2.79
2.92
3.11
3.17
3.16
3.14
3.12
3.11
3.11
3.07
3.07
3.04
3.04
3.01
3.01
2.99
2.99
2.96
2.96
2.93
2.93
2.91
2.91
2.89
2.89
2.86
2.87
2.84
2.85
2.82
2.82
2.80
2.81
2.78
2.79
2.77
2.78
2.76
2.76
2.75
2.75
2.74
2.74
2.73
2.73
2.72
2.73
2.70
2.72
2.70
2.71
2.69
2.70
2.68
2.69
2.67
2.68
2.66
2.68
2.66
2.67
2.65
2.66
2.65
2.66
2.65
2.66
2.65
2.66
2.64
2.66
2.64
2.66
2.65
2.66
2.65
2.66
2.65
2.64
2.64
2.66
2.64
2.67
2.66
2.68
2.67
2.69
2.68
2.69
2.69
2.70
2.70
2.71
2.70
2.72
2.71
2.70
2.67
2.62
2.51
2.45
2.39
1.67
1.34
1.51
1.51
1.46
1.56
1.49
1.48
1.54
1.57
81.91
81.91
1.81
1.79
1.77
1.74
1.71
1.69
1.65
1.64
1.61
1.59
1.56
1.54
1.51
1.50
1.46
1.47
1.43
1.42
1.39
1.38
1.36
1.35
1.33
1.32
1.31
1.30
1.28
1.27
1.26
1.25
1.23
1.22
1.21
1.20
1.18
1.17
1.16
1.15
1.14
1.13
1.12
1.11
1.09
1.10
0.72
1.06
0.48
0.48
1.02
0.47
1.04
1.00
1.02
1.02
1.01
1.00
1.00
1.00
0.99
0.99
0.86
0.95
0.82
0.76
0.95
0.95
0.95
0.95
0.94
0.93
0.92
0.92
0.92
0.91
0.91
0.90
0.90
0.90
0.89
0.90
0.88
0.88
0.88
0.89
0.87
0.87
0.87
0.87
0.87
0.87
0.86
0.87
0.86
0.86
0.86
0.85
0.85
0.85
0.85
0.85
0.84
0.84
0.84
0.84
0.84
0.83
0.80
0.82
0.78
0.77
0.82
0.80
0.82
0.82
0.82
0.82
0.81
0.82
0.74
0.81
0.47
556.918753 -15.948213 2.914991
