1 361
9.41
9.41
9.40
9.40
9.40
9.40
9.39
9.39
9.40
9.39
9.40
9.40
9.41
9.41
4.17
4.62
4.22
4.29
4.25
4.33
4.30
4.39
4.36
4.41
4.27
4.19
4.71
4.88
9.56
4.69
4.64
4.62
4.66
4.67
4.64
4.64
4.67
4.57
4.61
6.27
6.01
5.91
3.38
3.32
3.37
5.32
5.14
5.06
4.88
4.82
4.66
4.59
4.43
4.24
4.28
4.23
4.12
4.07
3.97
3.14
2.98
2.94
2.90
2.91
2.87
2.82
2.76
2.74
2.69
2.65
2.61
2.58
2.54
2.51
2.40
2.35
2.32
2.28
2.26
2.25
2.36
2.74
2.26
2.22
2.19
2.16
2.17
2.15
2.15
2.17
2.22
2.22
2.42
2.47
2.50
2.51
2.51
2.35
2.42
2.37
2.40
2.40
2.46
2.46
2.51
2.50
2.56
2.56
2.61
2.62
2.67
2.68
2.72
2.73
2.79
2.80
2.87
2.87
2.93
2.95
3.01
3.00
2.54
2.48
2.50
2.51
2.58
2.60
2.79
2.80
2.89
2.90
2.98
3.00
3.10
3.11
3.21
3.17
3.13
3.15
3.26
3.30
4.85
4.88
4.84
4.88
4.94
4.93
5.07
5.10
5.34
5.39
5.62
5.68
5.93
6.71
6.68
6.75
6.78
6.81
7.26
7.35
7.86
7.96
8.54
8.66
9.42
10.01
10.35
10.58
11.71
11.87
11.90
11.88
11.87
11.87
11.86
11.85
11.84
11.83
11.83
11.81
11.81
11.80
11.81
11.79
11.80
11.79
11.80
11.79
5.73
5.73
5.70
5.69
5.68
5.66
5.65
5.64
5.63
5.62
5.61
5.60
2.97
2.92
2.88
2.86
2.13
2.13
2.22
2.22
3.10
3.10
3.11
3.10
3.11
3.09
2.92
2.90
2.74
2.72
2.60
2.58
2.46
2.44
2.32
2.31
2.20
2.19
2.11
2.10
2.02
2.01
1.93
1.92
1.86
1.84
1.78
1.78
1.72
1.70
1.66
1.65
1.60
1.59
1.57
1.56
1.51
1.51
1.46
1.46
1.43
1.43
1.39
1.39
1.34
1.34
1.31
1.31
1.28
1.28
1.26
1.25
1.23
1.22
1.20
1.20
1.18
1.17
1.14
1.15
1.12
1.13
1.10
1.10
1.09
1.09
1.07
1.06
1.05
1.05
1.04
1.03
1.02
1.01
1.00
0.99
0.99
0.99
0.97
0.98
0.96
0.97
0.95
0.94
0.93
0.93
0.92
0.92
0.91
0.91
0.90
0.90
0.89
0.89
0.88
0.88
0.87
0.87
0.86
0.86
0.86
0.86
0.85
0.85
0.84
0.84
0.84
0.84
0.83
0.83
0.82
0.82
0.82
0.81
0.81
0.81
0.81
0.81
0.80
0.80
0.80
0.80
0.80
0.80
0.78
0.79
0.79
0.78
0.78
0.78
0.78
0.78
0.77
0.77
0.77
0.77
0.77
0.77
0.76
0.76
0.76
0.76
0.75
0.76
0.75
0.75
0.75
0.75
0.75
0.75
0.75
562.351675 -19.908193 1.672260
