1 361
12.82
12.80
12.76
0.92
0.93
0.92
0.93
12.57
14.27
12.49
14.21
12.45
14.15
12.41
14.09
12.37
14.01
0.91
0.89
12.28
13.93
12.21
13.89
12.21
13.87
12.18
13.83
12.16
13.80
0.90
0.90
0.90
0.89
12.06
12.11
12.09
2.53
12.10
4.94
12.08
12.07
12.10
12.08
0.88
0.89
0.88
0.88
9.04
7.51
7.06
6.17
5.82
5.12
4.93
4.48
4.30
3.97
0.90
0.90
3.37
0.89
3.07
2.92
2.81
2.68
2.59
2.48
2.32
2.32
0.95
0.96
0.91
1.00
1.96
1.92
1.84
1.82
1.74
1.73
1.69
1.64
1.57
1.03
0.94
0.97
1.45
1.43
1.42
5.54
1.34
1.34
5.28
1.04
1.00
1.01
4.89
4.79
1.18
1.17
1.14
1.13
4.47
1.07
1.03
1.05
1.03
1.04
1.03
4.04
3.99
3.93
3.89
3.84
3.79
3.74
3.69
3.65
3.61
3.57
3.53
3.49
3.46
3.42
3.40
3.36
3.33
3.30
3.26
3.23
3.21
3.18
3.16
3.14
3.11
3.08
3.06
3.04
3.01
2.98
2.96
2.95
2.92
2.90
2.88
2.86
2.84
2.84
2.80
2.80
2.77
2.77
2.74
2.74
2.71
2.70
2.68
2.67
2.65
2.64
2.63
2.60
2.57
2.59
2.58
2.62
2.63
2.70
2.69
2.69
2.67
2.67
2.65
2.65
2.65
2.68
2.66
2.66
2.64
2.64
2.63
2.62
2.60
2.61
2.59
2.59
2.57
2.58
2.56
2.56
2.54
2.54
2.53
2.54
2.52
2.53
2.50
2.52
2.49
2.47
2.45
2.46
2.44
2.47
2.45
2.44
2.42
2.44
2.42
2.44
2.42
2.45
2.42
2.41
2.40
2.46
2.45
2.46
2.45
2.46
2.45
2.46
2.46
2.46
2.45
2.46
2.44
2.47
2.45
2.47
2.46
2.48
2.45
2.50
2.47
2.49
2.47
2.50
2.47
2.51
2.49
2.48
2.47
2.49
2.47
2.50
2.48
2.50
2.49
2.36
2.34
2.32
2.31
2.37
2.35
2.38
2.36
2.39
2.38
2.40
2.39
2.44
2.41
2.45
2.44
2.47
2.46
2.49
2.48
2.51
2.49
2.45
2.44
2.34
2.35
2.27
2.27
2.19
2.19
2.12
2.12
2.05
2.05
2.00
2.00
1.93
1.94
1.89
1.89
1.83
1.83
1.78
1.78
1.74
1.74
1.70
1.70
1.66
1.66
1.62
1.63
1.59
1.59
1.56
1.56
1.53
1.53
1.50
1.51
1.47
1.48
1.44
1.45
1.42
1.42
1.40
1.41
1.38
1.38
1.36
1.36
1.33
1.34
1.31
1.32
1.29
1.30
1.28
1.28
1.26
1.26
1.25
1.25
1.24
1.25
1.23
1.23
1.21
1.22
1.20
1.21
1.19
1.19
1.18
1.18
1.17
1.17
1.15
1.16
1.14
1.14
1.13
1.14
1.20
1.16
1.24
1.21
1.30
1.26
1.36
1.32
1.42
587.552618 -12.198562 -1.677355
