1 361
7.80
6.50
6.74
6.72
6.63
81.91
81.91
2.76
2.72
2.70
2.69
2.68
2.69
2.71
81.91
2.84
81.91
81.91
81.91
81.91
81.91
81.91
2.70
2.41
81.91
81.91
2.46
81.91
81.91
2.54
2.53
9.35
9.29
9.27
4.02
9.21
9.14
9.11
9.06
9.04
8.98
8.97
8.62
8.59
8.60
8.58
8.72
8.69
8.64
8.63
2.22
2.18
8.49
8.45
4.01
2.18
2.14
2.20
2.18
2.16
2.17
2.14
2.14
2.11
2.14
2.14
2.30
2.29
2.48
2.72
6.72
2.65
2.63
6.76
6.84
6.85
7.50
7.48
7.44
7.41
7.41
1.84
1.82
1.81
1.82
1.80
1.81
1.79
1.74
1.71
1.75
1.79
1.80
1.79
1.80
1.79
1.80
1.78
1.79
1.78
1.78
1.77
1.78
1.77
1.88
3.13
8.43
2.96
2.84
2.82
8.62
8.66
5.78
5.71
2.15
2.24
4.98
4.90
4.67
4.58
4.36
4.27
4.10
4.04
3.90
3.83
3.67
3.61
3.50
3.45
3.33
3.28
3.18
3.13
3.04
3.00
2.92
2.88
2.80
2.76
2.71
2.67
2.61
2.58
2.52
2.49
2.44
2.40
2.36
2.33
2.29
2.26
2.23
2.21
2.17
2.14
2.11
2.09
2.06
2.04
2.01
1.98
1.96
1.94
1.91
1.89
1.87
1.85
1.84
1.81
1.79
1.77
1.75
1.74
1.72
1.70
1.69
1.67
1.66
1.63
1.62
1.60
1.59
1.57
1.56
1.55
1.54
1.52
1.52
1.51
1.50
1.48
1.48
1.46
1.46
1.44
1.43
1.42
1.41
1.40
1.40
1.38
1.38
1.36
1.36
1.35
1.35
1.34
1.34
1.33
1.38
1.37
1.43
1.42
1.48
1.47
1.53
1.52
1.58
1.57
1.64
1.63
1.71
1.69
1.78
1.77
1.86
1.84
1.95
1.93
2.02
2.00
2.01
2.00
2.00
1.99
1.99
1.97
1.98
1.97
1.97
1.96
1.97
1.96
1.96
1.95
1.97
1.97
2.09
2.06
2.31
2.28
2.51
2.50
2.49
2.48
2.50
2.48
2.50
2.49
2.49
2.48
2.50
2.49
2.52
2.51
2.53
2.52
2.52
2.52
2.52
2.51
2.52
2.51
2.54
2.52
2.54
2.53
2.55
2.53
2.54
2.53
2.54
2.54
2.55
2.54
2.56
2.55
2.57
2.56
2.53
2.54
2.54
2.53
2.55
2.53
2.55
2.54
2.55
2.54
2.59
2.57
2.61
2.60
2.63
2.61
2.64
2.63
2.65
2.65
2.67
2.66
2.69
2.68
2.70
2.70
2.72
2.72
2.75
2.74
2.77
2.76
2.79
2.78
2.72
2.73
2.63
2.64
2.54
2.55
2.47
2.48
2.39
2.40
2.32
2.33
2.26
2.27
2.21
2.21
2.15
2.16
2.09
2.10
2.05
2.06
2.00
2.02
1.97
1.98
1.93
1.94
1.89
1.90
1.85
1.85
1.81
1.82
1.78
1.79
1.75
586.551462 -24.391476 -0.440757
