1 361
1.12
1.13
1.13
1.13
1.13
1.13
1.13
1.14
1.14
1.14
1.14
1.14
1.14
1.14
1.14
1.15
1.15
1.16
1.16
1.17
1.17
1.18
1.18
1.19
1.19
1.19
1.20
1.20
1.20
1.21
1.21
1.22
1.22
1.23
1.23
1.24
1.24
1.25
1.25
1.26
1.26
1.28
1.28
1.29
1.29
1.30
1.30
1.31
1.32
1.32
1.33
1.34
1.34
1.36
1.36
1.37
1.38
1.39
1.40
1.41
1.42
1.43
1.44
1.46
1.46
1.48
1.49
1.49
1.50
1.52
1.52
1.54
1.55
1.57
1.58
1.60
1.61
1.62
1.64
1.66
1.67
1.69
1.70
1.73
1.74
1.76
1.78
1.81
1.82
1.84
1.86
1.89
1.91
1.94
1.95
1.98
2.01
2.04
2.06
2.10
2.13
2.17
2.20
2.23
2.26
2.30
2.33
2.38
2.41
2.47
2.51
2.56
2.60
2.66
2.71
2.76
2.81
2.88
2.93
3.00
3.06
3.14
3.20
3.29
3.35
3.46
3.53
3.64
3.75
3.86
3.96
4.09
4.21
4.35
4.48
4.66
4.82
5.01
5.21
5.44
5.63
5.90
6.15
6.34
9.16
9.24
9.26
15.56
15.64
15.66
15.73
15.77
15.83
15.88
15.95
15.98
16.06
16.12
16.19
16.24
16.31
16.38
16.46
16.52
16.60
16.69
16.76
12.87
12.91
12.63
12.63
81.91
11.29
11.30
7.77
7.63
7.56
7.51
7.50
7.49
7.49
7.50
7.04
6.71
6.42
6.11
5.81
5.59
5.40
5.18
5.00
4.82
4.67
4.47
4.40
4.25
4.13
4.00
3.90
3.79
3.69
3.58
3.51
3.44
3.36
3.22
3.23
3.23
15.20
3.28
3.29
15.22
3.37
3.33
15.28
15.19
3.39
3.38
15.18
3.43
3.43
15.41
3.49
3.48
15.51
3.57
3.55
15.59
3.62
3.59
15.71
3.66
3.66
15.81
3.75
3.71
3.84
3.80
16.05
3.87
3.86
16.18
3.92
3.91
4.06
4.01
16.48
4.10
16.61
4.17
4.18
4.26
4.24
15.21
1.64
1.62
1.60
1.58
1.62
1.65
1.66
1.65
1.57
1.54
1.58
4.78
1.61
1.60
1.50
1.49
1.46
1.45
1.58
1.56
1.55
1.52
1.41
1.40
7.78
5.74
1.48
1.47
6.06
5.97
1.35
1.34
1.47
1.46
1.42
1.43
6.92
7.00
1.29
1.29
1.42
2.66
1.51
1.48
2.98
2.79
1.34
1.28
1.28
1.25
1.33
1.36
3.56
3.54
2.64
2.63
1.23
1.22
1.32
1.32
3.95
1.30
4.23
4.64
2.52
2.50
1.20
1.20
1.34
1.29
6.71
6.84
6.84
6.83
2.48
6.83
1.18
1.20
1.38
1.26
6.82
6.82
6.82
6.82
2.46
6.83
1.18
1.23
1.34
1.28
6.84
6.84
6.85
6.86
2.42
2.41
1.20
6.91
1.16
1.15
1.17
1.16
6.94
6.95
2.47
2.48
7.00
595.854720 -27.066427 2.945176
