1 361
0.92
0.92
0.92
0.92
0.92
0.92
0.92
0.92
0.92
0.93
0.93
0.92
0.92
0.92
0.93
0.93
0.93
0.94
0.94
0.94
0.94
0.94
0.94
0.95
0.95
0.95
0.95
0.95
0.96
0.96
0.96
0.96
0.96
0.97
0.97
0.97
0.97
0.98
0.98
0.99
0.99
0.99
1.00
1.00
1.00
1.01
1.01
1.01
1.02
1.02
1.03
1.03
1.03
1.04
1.04
1.05
1.05
1.05
1.06
1.06
1.07
1.07
1.08
1.09
1.09
1.10
1.11
1.11
1.12
1.12
1.13
1.14
1.14
1.15
1.16
1.16
1.17
1.18
1.18
1.19
1.20
1.21
1.21
1.22
1.23
1.24
1.25
1.26
1.27
1.28
1.30
1.31
1.32
1.33
1.35
1.36
1.36
1.38
1.39
1.41
1.43
1.45
1.46
1.48
1.49
1.51
1.53
1.54
1.56
1.58
1.60
1.61
1.63
1.65
1.67
1.69
1.72
1.74
1.77
1.80
1.83
1.85
1.88
1.91
1.95
1.97
2.02
2.05
2.08
2.13
2.17
2.21
2.26
2.30
2.36
2.41
2.47
2.48
2.57
3.18
3.25
3.32
3.30
3.36
3.45
3.55
3.64
4.06
4.19
4.23
4.19
4.26
4.31
4.28
4.29
4.28
4.35
4.58
4.74
4.73
4.74
4.71
4.73
4.70
4.71
4.69
4.70
4.67
4.69
4.67
4.67
4.65
4.67
4.65
4.66
4.64
4.65
4.64
4.65
4.63
4.64
4.63
4.64
4.63
4.64
4.63
4.64
4.63
4.64
4.63
4.65
4.64
4.66
4.64
4.67
4.66
4.68
4.67
4.68
4.68
4.69
4.67
4.70
13.76
13.65
13.58
13.53
13.48
13.76
13.65
7.57
2.80
2.77
2.70
2.61
2.58
2.56
2.45
2.35
2.28
2.29
2.19
2.11
2.08
2.11
1.98
1.94
1.90
1.95
1.84
1.81
1.82
1.74
1.70
3.10
1.70
1.61
1.60
1.53
1.58
1.47
1.46
1.49
1.47
1.43
1.42
1.38
5.74
1.36
1.35
1.33
1.31
3.32
5.75
1.26
1.24
1.22
1.22
3.48
3.46
1.20
1.19
1.13
1.13
6.25
6.27
3.67
6.38
1.09
1.07
1.14
1.04
3.91
3.90
4.00
3.98
1.01
1.01
1.05
0.99
4.22
4.20
4.31
4.26
1.01
1.79
0.93
0.94
4.56
0.96
4.65
4.73
4.82
4.80
4.91
5.00
0.88
0.89
0.92
0.85
5.38
5.37
5.60
5.58
5.71
5.76
5.93
5.94
0.84
6.15
0.83
0.82
6.53
10.99
6.51
11.25
11.63
6.52
11.94
6.54
7.75
6.41
0.80
6.28
0.80
0.78
6.24
7.46
6.24
7.56
6.21
9.29
6.18
7.38
6.13
7.33
0.77
6.06
0.76
0.77
6.18
0.76
6.13
6.03
6.01
6.03
5.99
7.22
6.02
7.19
6.01
9.01
0.75
8.99
0.74
0.74
5.99
0.73
5.97
8.98
5.98
584.860466 -14.634322 0.368461
