1 361
16.16
16.00
15.97
15.85
15.81
15.68
15.66
15.54
1.72
15.73
15.81
16.32
16.40
1.70
1.70
17.20
17.21
17.25
17.27
1.70
17.34
9.89
1.70
6.94
6.95
6.95
6.95
1.69
1.69
6.97
6.98
6.98
6.99
1.71
7.02
7.03
1.71
7.05
7.06
7.08
7.09
1.72
1.73
7.14
7.14
7.16
7.17
1.74
1.78
7.24
1.72
7.28
7.29
1.83
7.32
1.75
1.75
7.41
1.75
7.45
7.46
7.51
7.52
1.79
1.80
7.62
7.64
7.69
7.70
1.83
1.84
7.69
7.71
7.47
7.46
1.88
1.89
6.98
6.95
1.95
1.98
6.39
1.93
6.18
6.18
1.97
1.99
5.80
5.82
5.71
5.68
2.03
2.04
5.35
5.36
2.09
2.10
5.16
5.16
2.17
2.19
4.89
4.91
2.24
2.26
4.75
7.67
2.31
2.33
7.41
4.53
2.38
2.39
4.33
4.34
2.44
2.45
2.44
2.46
2.57
2.58
4.08
4.08
2.69
2.64
2.71
2.73
2.81
2.83
6.26
6.27
2.86
2.88
2.97
2.98
3.05
3.07
3.13
3.13
3.29
3.32
3.31
3.33
3.40
3.41
3.48
3.49
6.30
6.32
6.51
6.55
6.73
6.82
6.98
7.04
7.26
7.33
7.57
7.61
7.71
7.89
10.45
10.45
5.30
5.30
5.28
5.28
5.50
5.58
5.78
5.88
6.14
6.19
6.46
6.55
6.94
7.04
7.44
7.53
8.02
8.15
8.68
8.81
9.53
9.71
10.27
10.47
11.95
11.97
14.80
14.99
15.60
15.65
17.71
18.28
18.30
18.31
18.28
18.30
18.27
18.28
18.26
18.27
18.25
18.27
18.26
18.27
16.96
15.88
11.95
10.23
8.79
8.38
7.05
6.74
5.83
5.61
5.00
4.82
4.36
4.25
3.90
3.81
3.52
3.43
3.19
3.11
2.92
2.86
2.70
2.65
2.51
2.46
2.34
2.29
2.19
2.15
2.06
2.02
1.95
1.90
1.85
1.81
1.75
1.73
1.68
1.66
1.61
1.58
1.54
1.53
1.48
1.46
1.42
1.40
1.37
1.35
1.33
1.31
1.28
1.27
1.24
1.22
1.20
1.18
1.16
1.15
1.14
1.13
1.11
1.09
1.08
1.06
1.05
1.04
1.03
1.01
0.99
0.98
0.97
0.96
0.95
0.94
0.93
0.92
0.91
0.91
0.91
0.90
0.89
0.88
0.87
0.86
0.85
0.84
0.83
0.83
0.82
0.81
0.81
0.80
0.79
0.79
0.78
0.77
0.77
0.76
0.76
0.75
0.74
0.74
0.74
0.73
0.73
0.73
0.72
0.72
0.72
0.71
0.71
0.71
0.70
0.70
0.70
0.69
0.69
0.68
0.68
0.68
0.68
0.67
0.67
0.67
0.67
0.65
0.66
0.65
0.65
0.64
0.64
0.65
0.65
0.64
0.64
0.64
0.64
0.63
0.63
0.63
0.63
0.62
0.63
0.62
0.62
0.61
0.62
0.61
0.61
0.61
0.62
0.61
590.254393 -29.480926 -0.236620
