1 361
12.30
1.11
1.11
13.96
12.29
13.96
12.27
12.29
10.07
12.31
12.34
1.12
1.12
14.04
1.13
5.21
12.41
14.12
12.41
12.46
12.48
1.15
12.53
1.14
1.15
14.31
12.61
2.81
14.39
12.69
12.50
1.20
11.73
1.16
1.19
10.61
10.41
10.01
9.87
9.54
9.37
1.22
8.97
1.21
1.19
8.31
8.21
7.97
7.86
7.67
7.54
1.24
1.24
1.24
1.24
6.91
1.24
6.64
6.56
6.45
6.37
1.31
1.33
1.27
1.30
5.87
5.87
5.72
5.71
1.36
1.39
5.45
5.40
5.30
5.30
1.46
5.26
1.42
1.43
5.02
4.93
4.84
4.83
1.49
1.50
3.74
7.16
4.61
4.57
1.56
1.57
6.81
4.41
1.65
1.66
1.62
1.63
6.49
1.76
1.71
1.70
4.12
6.27
1.83
1.80
3.97
3.97
1.88
1.95
5.96
5.95
1.95
1.97
2.12
2.17
2.04
3.74
2.13
2.13
2.14
2.17
2.30
2.31
2.36
2.37
2.51
2.48
2.65
2.65
2.63
2.67
2.89
2.76
2.85
2.93
2.94
2.95
3.11
3.25
3.29
3.32
3.31
3.44
5.12
5.12
5.08
5.10
5.10
5.21
5.19
5.20
5.19
5.21
5.19
5.20
5.17
5.18
5.15
5.15
5.13
5.14
5.12
5.13
5.10
5.08
5.04
5.05
5.01
5.04
5.00
5.04
4.99
5.05
5.03
5.06
5.03
5.03
5.02
5.03
5.01
5.06
5.02
5.04
5.02
5.04
4.99
5.00
4.99
4.96
4.83
4.85
4.85
4.87
4.85
4.88
4.87
4.89
4.88
4.90
4.89
4.77
4.51
4.31
4.09
3.92
3.74
3.59
3.44
3.32
3.18
3.17
3.15
3.18
3.17
3.20
3.19
3.22
3.21
3.24
3.23
3.26
3.25
3.27
3.27
3.29
3.29
3.32
3.31
3.35
3.34
3.37
3.37
3.40
3.40
3.43
3.42
3.46
3.46
3.48
3.48
3.52
3.52
3.55
3.55
3.59
3.59
3.63
3.64
3.68
3.68
3.74
3.74
3.78
3.78
3.83
3.83
3.88
3.89
3.93
3.93
3.99
4.00
3.90
3.83
3.87
3.88
3.93
4.04
4.11
4.11
4.16
4.17
1.19
1.21
1.11
1.10
1.10
1.09
1.08
1.07
1.06
1.06
1.06
1.05
1.04
1.03
1.02
1.02
1.01
1.01
1.00
0.99
0.98
0.97
0.97
0.96
0.96
0.95
0.95
0.95
0.95
0.94
0.94
0.93
0.93
0.93
0.92
0.92
0.91
0.91
0.91
0.90
0.90
0.90
0.89
0.89
0.88
0.88
0.88
0.88
0.87
0.87
0.86
0.86
0.86
0.85
0.85
0.85
0.85
0.85
0.84
0.84
0.84
0.84
0.84
0.84
0.84
0.84
0.84
0.84
0.83
0.82
0.83
0.82
0.82
0.82
0.82
0.82
0.82
0.82
0.82
0.82
0.81
0.81
0.81
0.81
0.81
0.81
0.81
0.81
0.81
587.158359 -9.651592 -1.334823
