1 361
3.32
3.33
3.33
3.35
3.34
3.38
3.38
3.39
3.41
3.43
3.43
3.46
3.46
3.48
3.48
3.52
3.52
3.55
3.54
3.58
3.58
3.56
3.58
3.46
3.48
3.39
3.39
1.83
1.84
1.80
1.80
1.77
1.78
1.73
1.77
1.75
1.74
1.78
1.78
1.83
1.81
1.87
1.85
1.88
1.90
1.98
1.92
2.02
2.01
2.08
2.06
2.15
2.12
2.69
2.23
2.64
2.66
2.61
2.62
2.59
2.59
2.59
2.57
3.67
3.68
3.66
3.67
2.52
2.55
2.52
2.01
1.66
1.79
1.63
1.66
1.63
1.63
1.62
1.62
1.61
1.60
1.58
1.60
1.59
1.60
81.91
81.91
81.91
81.91
81.91
81.91
2.08
81.91
3.39
2.26
4.06
4.09
4.07
4.08
4.06
4.07
4.05
4.06
4.06
4.06
1.71
1.72
1.71
1.72
1.71
1.72
1.71
1.72
1.71
1.72
1.71
1.72
1.71
1.72
1.71
1.72
1.71
1.72
1.72
1.72
1.72
1.73
1.73
1.74
1.74
1.75
1.74
1.74
1.75
1.75
1.76
1.77
1.76
1.77
1.77
1.79
3.79
1.80
81.91
81.91
81.91
81.91
1.69
1.74
1.65
1.66
1.67
1.68
1.68
1.69
1.69
1.71
1.69
1.72
1.73
1.74
1.72
1.72
8.46
8.46
8.52
8.53
7.05
7.08
6.75
6.79
6.68
6.69
6.77
6.79
6.78
6.82
9.20
9.20
9.26
9.27
10.50
10.54
10.39
10.42
9.96
10.02
1.85
1.86
1.80
1.81
1.80
1.80
1.80
1.81
1.69
1.70
1.72
1.74
1.80
1.81
1.85
1.86
1.83
1.83
1.84
1.85
1.88
1.89
1.89
1.89
1.84
1.87
7.30
7.31
7.20
7.22
7.11
7.13
7.19
7.19
7.37
7.37
7.44
7.45
5.80
5.81
5.87
5.77
5.77
5.76
8.22
8.19
3.93
3.94
3.92
3.92
3.90
3.91
3.88
3.89
3.84
3.84
3.40
3.41
3.58
3.59
81.91
81.91
81.91
81.91
81.91
81.91
2.93
2.93
2.83
2.85
2.92
2.91
2.95
2.96
2.54
2.51
2.44
2.42
2.37
2.38
2.33
2.33
2.29
2.29
2.27
2.28
2.29
2.31
2.34
2.35
2.39
2.41
81.91
81.91
2.38
2.37
2.36
2.35
2.39
2.39
2.42
2.43
2.50
81.91
3.18
3.17
3.13
3.14
3.08
3.07
3.04
3.05
2.76
2.73
2.54
2.54
2.54
2.54
2.47
2.49
2.47
2.48
2.46
2.47
2.43
2.44
3.59
3.59
3.60
3.61
3.63
1.69
1.66
1.65
1.61
1.48
1.47
3.62
1.71
1.67
3.61
3.61
3.61
1.58
1.59
1.60
3.64
3.64
3.67
3.63
81.91
81.91
81.91
2.96
3.55
3.56
2.11
2.08
1.99
1.98
1.96
1.95
1.94
1.93
1.91
1.91
1.89
1.88
1.87
1.87
1.85
1.85
1.83
1.82
577.360800 3.567708 -1.541046
