1 361
2.94
2.90
2.90
2.89
2.88
2.80
2.80
2.78
2.79
2.78
2.78
2.81
2.81
2.80
2.80
2.80
2.80
2.79
2.80
2.79
2.79
2.79
2.79
2.78
2.78
2.77
2.78
2.77
2.78
2.77
2.77
2.76
2.77
2.77
2.77
2.73
2.75
2.75
2.74
2.74
2.75
2.76
2.79
2.77
2.69
2.60
2.61
2.60
2.60
2.59
2.59
2.59
2.60
2.58
2.59
2.58
2.59
2.58
2.58
2.59
2.60
2.60
2.61
2.60
2.60
2.59
2.59
2.58
2.60
2.60
2.61
2.60
2.60
2.59
2.59
2.58
2.58
2.57
2.58
2.58
2.59
2.59
2.60
2.59
2.61
2.60
2.61
2.60
2.61
2.61
2.62
2.62
2.64
2.63
2.65
2.65
2.66
2.66
2.67
2.68
2.69
2.69
2.71
2.71
2.72
2.72
2.74
2.74
2.76
2.76
2.78
2.78
2.80
2.80
2.82
2.83
2.84
2.85
2.87
2.87
2.90
2.90
2.92
2.93
2.96
2.96
2.98
2.99
3.01
3.02
3.05
3.06
3.09
3.10
3.12
3.14
3.17
3.18
3.21
3.22
3.25
3.26
3.28
3.31
3.34
3.36
3.40
3.40
3.44
3.46
3.50
3.52
3.55
3.58
3.62
3.64
3.68
3.70
3.75
3.79
3.84
3.87
3.91
3.94
4.00
4.02
4.08
4.11
4.17
4.21
4.26
4.30
4.35
4.40
4.47
4.51
4.56
4.62
4.70
4.76
4.81
4.87
4.95
5.06
5.13
5.18
5.27
5.35
5.44
5.50
5.62
5.69
5.81
5.90
6.03
6.10
6.23
6.34
6.48
6.59
6.74
6.88
7.05
7.18
7.37
7.47
10.54
10.54
10.55
10.55
10.57
9.49
9.42
9.39
9.38
9.35
9.36
9.32
9.32
9.30
3.61
3.55
3.57
3.55
3.55
3.53
3.54
3.52
3.52
2.02
1.90
1.83
1.73
1.67
1.57
1.54
1.46
1.42
1.35
1.33
1.27
1.25
1.20
1.17
1.12
1.10
1.06
1.04
1.01
0.99
0.96
0.94
0.91
0.90
0.88
0.88
0.85
0.84
0.81
0.80
0.77
0.77
0.76
0.75
0.73
0.72
0.70
0.71
0.69
0.69
0.67
0.67
0.64
0.64
0.62
0.63
0.63
0.64
0.59
0.61
0.59
0.57
0.58
0.57
0.58
0.57
0.57
0.56
0.58
0.57
0.56
0.56
0.56
0.56
0.57
0.57
0.59
0.57
0.59
0.59
0.59
0.58
0.60
0.59
0.60
0.60
0.60
0.60
0.60
0.60
0.60
0.59
0.61
0.60
0.61
0.61
0.62
0.60
0.62
0.61
0.62
0.61
0.62
0.61
0.62
0.62
0.63
0.62
0.63
0.63
0.64
0.64
0.64
0.64
0.65
0.65
0.66
0.65
0.66
0.65
0.67
0.67
0.68
0.68
0.69
0.68
0.69
0.68
0.69
0.71
0.71
0.70
0.72
0.71
0.73
0.71
0.74
0.73
0.75
0.75
0.76
565.393833 1.634943 -0.666932
