1 361
0.86
0.87
0.87
0.88
0.87
0.91
0.89
0.91
0.93
0.86
0.89
0.86
0.86
0.87
0.87
0.87
0.87
0.87
0.88
0.87
0.88
0.88
0.88
0.88
0.89
0.90
0.90
0.90
0.91
0.91
0.91
0.92
0.92
0.94
0.93
0.93
0.94
0.94
0.95
0.95
0.95
0.96
0.97
0.97
0.98
0.98
0.99
0.99
1.00
1.01
1.02
1.02
1.02
1.03
1.03
1.04
1.05
1.05
1.06
1.07
1.07
1.08
1.08
1.09
1.10
1.11
1.12
1.13
1.14
1.15
1.15
1.16
1.16
1.17
1.18
1.20
1.21
1.22
1.23
1.23
1.25
1.26
1.27
1.28
1.29
1.30
1.32
1.33
1.34
1.35
1.36
1.38
1.40
1.41
1.43
1.45
1.47
1.49
1.51
1.53
1.54
1.56
1.58
1.60
1.62
1.65
1.67
1.70
1.72
1.75
1.78
1.81
1.84
1.88
1.90
1.94
1.98
2.01
2.05
2.08
2.12
2.17
2.22
2.27
2.31
2.37
2.42
2.50
2.55
2.62
2.69
2.75
2.83
2.91
3.00
3.09
3.17
3.27
3.38
3.50
3.61
3.78
3.91
4.06
4.22
4.40
4.62
4.83
5.08
5.37
5.68
6.01
6.33
16.55
16.60
16.63
16.65
16.66
16.64
16.52
16.52
16.53
16.40
15.39
14.80
14.80
14.85
12.50
12.15
11.62
11.19
10.76
10.37
10.00
9.63
9.29
9.24
9.11
8.84
8.23
8.05
7.81
7.62
7.42
7.25
7.05
6.82
6.47
6.17
5.90
5.65
5.43
5.44
5.43
5.24
4.84
4.47
4.35
4.22
4.08
3.98
3.87
3.76
3.64
3.55
3.45
3.37
3.30
3.22
3.14
3.07
3.00
2.93
2.88
2.81
2.76
2.71
2.65
2.60
2.55
2.51
2.46
2.41
2.36
2.33
2.24
1.73
1.68
1.66
1.64
1.62
1.59
1.56
1.55
1.52
1.51
1.50
1.49
1.47
1.46
1.45
1.44
1.43
1.41
1.40
1.40
1.40
1.39
1.44
1.43
1.46
1.46
1.50
1.48
1.51
1.50
1.57
1.57
1.56
1.54
1.53
1.52
1.50
1.49
1.48
1.46
1.45
1.44
1.43
1.42
1.45
1.44
1.48
1.47
1.52
1.51
1.56
1.55
1.59
1.58
1.63
1.62
1.68
1.67
1.73
1.72
1.78
1.77
1.84
1.83
1.89
1.89
1.96
1.96
2.02
2.02
2.06
2.02
1.94
1.94
1.92
1.92
1.91
1.90
1.89
1.88
1.88
1.87
1.86
1.85
1.84
1.84
1.83
1.82
1.82
1.81
1.81
1.80
1.80
1.79
1.79
1.78
1.78
1.78
1.77
1.77
1.78
1.76
1.77
1.77
1.77
1.76
1.78
1.77
1.78
1.78
1.78
1.78
1.78
1.78
1.77
1.76
1.76
1.76
1.76
1.76
2.48
2.62
2.71
2.70
2.71
2.72
2.41
2.36
2.72
2.71
2.59
2.44
2.30
2.27
2.21
562.235525 -1.592310 -0.589337
