1 361
1.61
1.60
1.60
1.59
1.59
1.58
1.58
1.57
1.57
1.56
1.57
1.56
1.56
1.55
1.56
1.55
1.55
1.54
1.55
1.54
1.55
1.54
1.54
1.54
1.54
1.54
1.54
1.54
1.54
1.54
1.54
1.53
1.54
1.53
1.54
1.53
1.53
1.53
1.53
1.53
1.53
1.53
1.53
1.53
1.53
1.53
1.54
1.53
1.54
1.53
1.54
1.54
1.54
1.54
1.54
1.54
1.54
1.54
1.55
1.54
1.55
1.55
1.55
1.55
1.56
1.56
1.57
1.56
1.57
1.57
1.58
1.58
1.59
1.59
1.59
1.60
1.60
1.60
1.61
1.61
1.62
1.62
1.63
1.63
1.64
1.65
1.67
1.67
1.68
1.68
1.69
1.69
1.71
1.71
1.72
1.72
1.74
1.73
1.76
1.76
1.78
1.78
1.79
1.80
1.81
1.82
1.84
1.85
1.85
1.85
1.88
1.88
1.90
1.91
1.93
1.94
1.95
1.96
1.98
1.98
2.00
2.01
2.04
2.05
2.07
2.08
2.10
2.12
2.14
2.15
2.18
2.20
2.22
2.24
2.26
2.26
2.30
2.32
2.35
2.38
7.38
7.32
7.34
2.95
2.95
2.92
2.96
2.98
3.04
3.07
3.11
3.14
3.12
3.09
3.15
6.44
6.46
6.60
6.64
6.64
6.66
6.66
6.70
6.71
6.73
6.73
6.77
6.77
6.82
6.82
6.87
7.09
7.05
6.88
6.95
7.55
7.59
7.60
7.65
7.68
7.72
7.71
7.75
7.76
7.81
7.81
7.87
7.89
7.93
7.95
8.00
8.03
8.08
7.36
8.14
8.18
8.18
8.00
7.89
7.76
7.70
7.71
8.05
2.75
2.72
2.68
2.28
2.16
2.14
2.10
2.08
2.06
2.04
2.01
2.00
1.97
1.96
1.93
1.91
1.88
1.87
1.85
1.84
1.80
1.79
1.77
1.77
1.76
1.78
1.77
1.81
1.79
1.80
1.78
1.77
1.75
1.74
1.72
1.73
1.71
1.77
1.76
1.76
1.72
1.73
1.70
1.70
1.69
1.68
1.67
1.67
1.65
1.64
1.63
1.62
1.60
1.60
1.59
1.59
1.58
1.57
1.55
1.55
1.54
1.54
1.53
1.53
1.52
1.52
1.50
1.50
1.49
1.49
1.48
1.48
1.47
1.40
1.39
1.39
1.38
1.38
1.37
1.37
1.36
1.36
1.36
1.28
1.27
1.27
1.26
1.26
1.25
1.26
1.25
1.25
1.24
1.24
1.23
1.24
1.23
1.23
1.23
1.23
1.22
1.23
1.22
1.23
1.22
1.22
1.22
1.22
1.22
1.22
1.21
1.22
1.21
1.21
1.21
1.21
1.21
1.22
1.21
1.22
1.21
1.22
1.21
1.22
1.21
1.22
1.22
1.23
1.22
1.23
1.23
1.23
1.23
1.22
1.22
1.18
1.22
1.00
1.03
1.00
0.99
0.98
0.97
0.97
1.02
0.92
0.94
1.02
0.96
1.08
1.05
0.96
1.14
0.96
0.97
81.91
81.91
81.91
598.113468 -8.718874 1.963841
