1 361
0.86
0.86
0.86
0.86
0.86
0.85
0.85
0.85
0.85
0.85
0.85
0.85
0.85
0.85
0.85
0.84
0.85
0.85
0.85
0.85
0.86
0.85
0.85
0.86
0.86
0.86
0.86
0.86
0.86
0.86
0.87
0.87
0.87
0.87
0.87
0.87
0.87
0.87
0.88
0.88
0.88
0.88
0.89
0.88
0.89
0.89
0.90
0.89
0.90
0.90
0.90
0.90
0.91
0.91
0.91
0.91
0.91
0.91
0.92
0.92
0.92
0.92
0.93
0.93
0.94
0.93
0.94
0.94
0.95
0.95
0.95
0.95
0.96
0.97
0.98
0.98
0.99
0.99
1.00
1.00
1.01
1.01
1.02
1.03
1.03
1.03
1.04
1.04
1.05
1.06
1.06
1.07
1.08
1.09
1.10
1.11
1.12
1.12
1.13
1.14
1.14
1.15
1.16
1.17
1.18
1.18
1.20
1.20
1.23
1.23
1.25
1.25
1.27
1.27
1.29
1.30
1.31
1.29
3.58
8.88
8.93
81.91
81.91
4.85
4.88
4.88
4.84
4.93
9.26
9.29
3.42
3.31
3.27
3.25
3.27
3.36
3.39
5.49
9.95
81.91
4.44
81.91
4.05
81.91
4.13
4.17
4.19
4.21
4.26
5.63
10.08
5.57
5.48
5.44
81.91
81.91
81.91
4.13
4.08
4.01
4.00
4.03
4.05
4.03
4.03
3.99
10.12
10.12
10.14
10.14
10.20
10.18
10.24
10.25
10.29
10.30
10.33
10.34
10.39
10.40
10.44
10.46
10.50
10.53
10.57
10.60
10.64
10.66
10.71
10.74
10.79
10.82
10.87
10.91
10.97
11.01
11.05
11.10
11.16
11.20
11.26
11.31
11.37
11.42
7.31
7.26
11.61
9.79
7.63
7.63
6.75
7.51
6.62
7.41
6.70
7.54
81.91
81.91
81.91
6.03
6.08
6.12
6.15
10.18
10.30
7.51
7.44
7.29
6.02
5.91
5.87
5.80
5.79
5.76
5.77
5.79
5.84
5.87
5.95
8.22
8.21
2.76
2.70
2.66
2.63
2.60
2.58
2.56
2.55
2.52
2.52
2.50
2.50
2.49
2.50
2.48
2.50
2.49
2.51
2.50
2.52
2.51
2.55
2.55
2.58
2.58
2.64
2.65
2.72
2.75
7.13
6.98
6.81
6.66
6.47
2.37
2.31
2.30
2.30
2.26
2.16
2.16
2.30
2.29
2.14
2.12
2.30
2.29
2.09
2.07
2.29
2.29
1.97
1.95
11.84
11.89
11.95
1.90
1.88
1.87
12.21
12.28
1.81
1.81
12.50
12.58
12.65
12.72
1.75
1.74
12.97
13.07
13.16
13.25
1.70
1.69
13.55
13.64
12.50
12.39
1.64
1.64
12.09
12.17
12.27
12.38
1.60
1.58
14.99
15.13
15.28
15.43
1.58
15.74
1.55
1.53
16.24
16.42
16.57
16.62
1.53
1.52
16.25
16.15
15.80
15.94
15.85
15.78
1.48
1.48
1.47
1.47
15.37
15.29
15.22
15.41
15.64
15.92
1.47
1.47
16.68
591.163893 -25.165495 2.670275
