1 361
0.87
0.88
0.87
0.88
0.88
0.89
0.88
0.89
0.89
0.89
0.89
0.90
0.90
0.90
0.90
0.91
0.91
0.92
0.92
0.93
0.93
0.93
0.93
0.93
0.93
0.94
0.94
0.95
0.95
0.96
0.96
0.97
0.97
0.97
0.97
0.98
0.98
0.99
0.99
1.00
1.01
1.02
1.02
1.04
1.03
1.04
1.04
1.05
1.05
1.06
1.07
1.08
1.08
1.09
1.10
1.10
1.11
1.12
1.13
1.14
1.14
1.15
1.16
1.16
1.17
1.18
1.18
1.20
1.21
1.22
1.23
1.24
1.25
1.26
1.27
1.28
1.29
1.31
1.32
1.34
1.35
1.36
1.37
1.39
1.40
1.42
1.44
1.46
1.48
1.50
1.52
1.53
1.54
1.57
1.59
1.61
1.63
1.66
1.69
1.71
1.74
1.77
1.80
1.83
1.85
1.89
1.92
1.96
1.99
2.03
2.07
2.11
2.15
2.20
2.25
2.29
2.34
2.41
2.46
2.53
2.59
2.66
2.73
2.80
2.88
2.96
3.05
3.14
3.22
3.32
3.44
3.56
3.69
3.85
4.00
4.16
4.33
4.51
4.72
4.94
5.21
5.48
5.79
6.04
8.59
8.57
8.57
8.55
8.68
9.74
10.93
11.93
13.51
15.57
21.22
21.24
23.22
23.01
22.80
22.59
22.38
22.18
22.00
21.80
21.66
12.24
10.33
8.71
8.19
7.36
6.68
6.11
5.67
5.29
4.93
4.62
4.37
4.12
3.91
3.69
3.53
3.37
3.22
3.09
2.97
2.85
2.74
2.61
2.54
2.46
2.38
2.30
2.24
2.24
2.26
2.27
2.28
2.28
2.31
2.30
2.32
2.31
2.33
2.33
2.35
2.34
2.37
2.36
2.39
2.38
2.41
2.41
2.44
2.44
2.47
2.46
2.48
2.47
2.50
2.49
2.53
2.52
2.55
2.55
2.58
2.58
2.61
2.61
2.64
2.64
2.68
2.67
2.71
2.71
2.75
2.75
2.77
2.77
2.80
2.81
2.85
2.85
2.90
2.90
2.93
2.94
2.98
2.99
3.04
3.04
3.09
3.09
3.14
3.15
3.20
3.21
3.26
3.27
3.33
3.34
3.39
3.40
3.47
3.48
3.54
3.56
3.62
3.64
3.71
3.74
3.82
3.84
3.91
3.94
0.94
4.06
0.89
0.88
0.89
0.89
0.92
0.91
4.53
4.58
1.01
1.01
4.86
4.92
1.10
1.12
0.90
0.95
0.96
0.89
1.19
1.19
1.31
1.30
1.30
1.29
1.40
1.40
0.83
0.90
1.56
0.96
1.70
1.70
1.78
1.81
1.91
1.90
1.99
1.99
2.15
2.18
0.81
0.81
0.80
0.80
2.82
2.90
3.15
3.24
3.53
3.58
4.08
4.27
4.76
4.98
5.82
6.28
0.78
0.79
0.86
0.77
11.98
11.98
11.97
11.98
11.98
11.97
7.93
11.97
11.98
11.99
0.80
11.99
0.77
0.79
12.04
0.80
15.50
14.36
12.08
14.07
14.07
14.08
14.10
14.12
14.15
563.511365 -20.944520 -0.882060
