1 361
2.46
10.67
8.93
2.44
2.42
10.67
8.94
2.44
10.68
10.70
8.97
8.98
10.72
10.74
2.46
9.04
10.76
2.49
9.08
9.09
10.82
2.50
9.12
9.16
2.52
10.94
9.18
9.24
2.53
9.30
9.27
2.55
2.55
9.39
9.34
2.59
6.80
9.48
11.27
2.64
9.53
9.58
2.63
2.66
9.68
9.74
2.67
11.68
9.79
9.88
2.71
2.76
11.85
2.73
2.73
10.16
10.12
2.81
2.79
10.38
10.33
2.81
2.86
10.56
10.58
10.71
2.92
2.98
10.80
7.88
2.95
3.02
3.04
3.09
11.21
11.40
3.10
3.16
3.17
3.19
11.65
11.89
3.17
3.23
3.29
3.35
3.36
3.39
12.42
12.71
3.41
12.95
3.51
3.56
3.58
3.68
13.35
3.78
13.61
3.83
13.91
3.92
14.21
4.01
14.04
4.09
4.12
4.18
4.15
4.21
4.26
4.41
4.34
4.51
4.48
4.61
4.60
4.73
4.70
4.85
4.87
5.08
4.98
5.23
5.18
5.41
5.35
5.59
5.54
5.83
5.74
6.02
5.96
6.28
6.22
6.56
6.47
6.85
6.77
7.20
7.09
7.53
7.43
7.94
7.83
8.47
8.34
8.98
8.83
9.57
9.41
10.22
9.98
10.92
10.75
3.45
3.47
3.45
3.46
3.44
3.45
3.43
3.44
3.42
3.43
3.43
3.43
3.43
3.43
3.41
3.43
3.42
3.43
3.41
3.43
3.41
3.43
3.41
3.43
3.42
3.42
4.38
4.47
4.33
4.34
4.34
4.34
4.36
4.37
4.37
4.38
4.28
4.34
4.30
4.29
4.30
4.31
4.34
4.38
4.39
4.39
4.43
4.43
4.44
4.45
5.20
4.81
5.23
5.23
5.25
5.26
5.24
5.30
4.85
4.95
4.61
4.65
4.50
4.52
4.50
4.52
4.52
4.53
4.55
4.55
4.75
4.73
4.80
4.78
4.86
4.86
4.29
4.45
4.11
4.15
3.96
3.99
3.81
3.86
2.80
2.81
2.86
2.87
2.85
2.86
2.84
2.85
2.82
2.84
2.81
2.82
2.80
2.81
2.79
2.80
2.78
2.79
2.77
2.78
2.76
2.77
2.75
2.76
2.75
2.76
2.66
2.69
2.94
2.78
3.90
3.88
3.89
3.90
3.86
3.87
3.82
3.84
3.94
3.88
4.49
4.50
4.46
4.47
2.15
2.15
2.05
2.06
2.11
2.12
2.09
2.09
2.08
2.09
2.08
2.07
2.07
2.07
2.06
2.07
2.06
2.06
2.05
2.05
2.04
2.04
2.05
2.05
2.05
2.05
2.04
2.05
2.04
2.05
2.04
2.04
2.04
2.04
2.04
2.04
2.04
2.04
1.96
1.96
1.93
1.97
4.53
4.49
4.84
4.79
5.37
5.37
5.35
5.35
5.33
5.33
5.31
5.31
2.76
2.77
2.69
2.69
2.69
2.69
2.69
2.69
2.69
2.68
2.69
2.68
2.69
2.69
2.69
2.68
2.69
2.68
2.69
2.69
2.69
2.69
2.69
2.69
574.536934 -4.085067 0.137557
