1 361
1.21
1.23
1.22
1.23
1.23
1.24
1.23
1.25
1.24
1.25
1.24
1.26
1.25
1.27
1.26
1.28
1.28
1.30
1.29
1.31
1.30
1.33
1.32
1.34
1.33
1.35
1.34
1.36
1.35
1.37
1.36
1.38
1.37
1.40
1.38
1.41
1.40
1.43
1.42
1.45
1.43
1.48
1.46
1.49
1.48
1.51
1.50
1.53
1.52
1.54
1.53
1.57
1.55
1.59
1.57
1.63
1.60
1.61
1.64
1.58
1.61
1.56
1.59
1.53
1.56
1.51
1.53
1.49
1.52
1.46
1.49
1.43
1.46
1.41
1.44
1.39
1.42
1.38
1.40
1.35
1.38
1.34
1.36
1.33
1.35
1.31
1.34
1.30
1.32
1.29
1.30
1.28
1.30
1.27
1.29
1.25
1.28
1.24
1.26
1.23
1.24
1.22
1.23
1.21
1.22
1.20
1.22
1.20
1.21
1.21
1.20
1.22
1.23
1.27
1.24
1.27
1.27
1.26
1.27
1.25
1.27
1.25
1.26
1.24
1.26
1.24
1.25
1.23
1.24
1.23
1.24
1.22
1.24
1.21
1.23
1.21
1.22
1.21
1.22
1.21
1.22
1.20
1.22
1.20
1.21
1.20
1.21
1.20
1.21
1.20
1.21
1.20
1.21
1.20
1.21
1.20
1.21
1.20
1.21
1.20
1.21
1.20
1.21
1.21
1.21
1.21
1.22
1.22
1.22
1.22
1.23
1.22
1.23
1.23
1.24
1.24
1.25
1.24
1.25
1.25
1.25
1.25
1.26
1.26
1.26
1.26
1.27
1.28
1.28
1.28
1.29
1.28
1.30
1.29
1.30
1.25
1.27
1.23
1.25
1.22
1.22
1.24
1.23
1.24
1.24
1.25
1.25
1.26
1.26
1.28
1.28
1.29
1.29
1.30
1.31
1.32
1.32
1.34
1.34
1.35
1.35
1.36
1.36
1.38
1.38
1.40
1.40
1.42
1.42
1.44
1.44
1.47
1.46
1.49
1.48
1.51
1.51
1.53
1.53
1.56
1.55
1.58
1.58
1.61
1.61
1.65
1.64
1.68
1.67
1.71
1.70
1.79
1.74
1.96
1.94
2.00
1.98
2.05
2.04
2.10
2.08
2.16
2.14
2.22
2.20
2.28
2.26
2.35
2.32
2.42
2.39
2.51
2.48
2.56
2.56
2.54
2.56
2.54
2.56
2.65
2.60
2.75
2.71
2.86
2.80
4.66
2.91
4.46
4.66
4.47
4.37
4.53
4.54
4.50
4.52
4.48
4.50
4.45
4.47
4.43
4.45
4.64
4.46
4.99
4.80
5.82
5.19
6.40
6.03
7.04
6.67
7.14
7.05
8.11
7.56
9.30
8.53
10.86
9.84
13.10
11.60
16.56
14.26
26.83
26.71
27.05
26.90
27.27
27.12
27.51
27.36
23.81
27.58
81.91
81.91
18.41
18.58
16.22
18.42
81.91
14.98
10.99
12.12
9.50
10.40
8.36
9.03
7.19
7.98
7.03
7.03
6.41
6.81
5.72
6.20
5.04
5.27
4.94
4.92
4.97
4.95
606.570891 -28.978538 2.168673
