1 361
1.77
1.74
1.74
1.70
1.72
1.75
1.75
1.74
1.74
1.73
1.74
1.73
1.73
1.73
1.73
1.72
1.73
1.72
1.73
1.72
1.73
1.72
1.73
1.72
1.73
1.72
1.73
1.73
1.73
1.73
1.73
1.73
1.74
1.73
1.74
1.75
1.75
1.71
1.75
1.76
1.76
1.75
1.76
1.75
1.77
1.64
1.65
1.73
1.73
1.78
1.78
1.78
1.79
1.79
1.80
1.21
1.38
1.08
1.08
1.44
1.24
1.83
1.83
1.83
1.84
1.84
1.85
1.85
1.86
1.87
1.88
1.88
1.89
1.90
1.91
1.92
1.93
1.93
1.94
1.94
1.96
1.65
1.65
1.53
1.53
1.55
1.55
1.56
1.58
1.58
1.59
1.59
1.61
1.71
1.72
1.73
1.75
1.76
1.77
1.78
1.79
1.81
1.82
1.85
1.85
1.85
1.86
1.86
1.89
1.91
1.92
1.95
1.97
1.97
1.99
1.99
2.01
2.02
2.04
2.03
2.01
2.00
2.02
2.04
2.06
2.08
2.11
2.22
2.25
2.34
2.33
4.85
4.88
4.95
4.94
4.88
4.86
4.81
4.79
4.73
4.74
4.69
4.69
4.52
4.49
4.44
4.44
4.46
4.79
4.80
4.79
4.75
4.74
4.70
4.70
4.67
4.67
4.64
4.63
4.60
4.60
4.56
4.57
4.53
4.53
4.50
4.50
4.47
4.47
4.45
4.45
4.42
4.43
4.40
4.40
4.37
4.39
4.35
4.36
4.34
4.35
4.33
4.34
4.30
4.32
4.29
4.31
4.29
4.29
4.27
4.27
4.26
4.27
4.25
4.27
4.25
4.26
4.24
4.25
4.24
4.25
4.24
4.25
4.24
4.26
4.23
4.25
4.24
4.26
4.25
4.27
4.26
4.28
4.25
4.27
4.26
4.28
4.27
4.29
4.28
4.30
4.29
4.31
4.30
4.32
4.31
4.33
4.32
1.69
1.64
1.55
1.52
1.54
1.53
1.44
1.41
1.35
1.32
1.28
1.25
1.20
1.18
1.15
1.12
1.09
1.07
0.97
0.97
0.92
0.92
0.89
0.89
0.86
0.85
0.84
0.84
0.85
0.84
0.90
0.87
1.57
1.55
1.53
1.51
1.48
1.47
1.44
1.42
1.40
1.38
1.36
1.35
1.33
1.31
1.30
1.28
1.27
1.26
1.24
1.23
1.21
1.20
1.18
1.18
1.16
1.15
1.14
1.13
1.11
1.11
1.10
1.09
1.07
1.07
1.05
1.05
1.03
1.03
1.02
1.01
1.01
1.00
0.99
0.99
0.98
0.98
0.97
0.96
0.95
0.95
0.94
0.94
0.93
0.93
0.92
0.92
0.91
0.90
0.90
0.89
0.89
0.89
0.88
0.88
0.88
0.87
0.86
0.87
0.85
0.86
0.84
0.84
0.84
0.84
0.83
0.83
0.82
0.82
0.81
0.81
0.81
0.81
0.80
0.81
0.80
0.80
0.79
0.79
0.79
0.79
0.78
0.79
0.78
0.78
0.77
0.77
0.77
0.77
0.77
0.77
0.76
565.668391 -19.185812 -3.076664
