1 361
4.89
5.66
5.48
5.73
5.74
5.72
5.73
5.72
5.72
5.72
5.72
2.49
5.73
2.02
5.74
6.16
6.07
10.35
10.34
10.36
10.36
10.38
10.38
9.06
10.40
9.57
9.10
5.36
5.30
6.22
2.60
6.20
6.04
5.95
6.14
5.90
2.15
5.93
5.92
3.30
5.90
3.05
3.17
2.84
2.95
2.73
2.75
2.73
2.74
2.75
2.74
2.76
2.76
2.78
2.77
2.79
2.79
2.81
2.81
2.83
2.83
2.86
2.85
2.88
2.88
2.75
2.81
2.69
2.77
2.58
2.63
2.49
6.72
2.40
6.80
6.87
2.39
2.30
2.29
2.20
2.26
7.17
2.20
2.10
2.11
2.02
6.21
6.19
2.01
1.90
1.96
1.89
1.89
9.39
1.90
1.99
9.22
5.55
1.99
16.56
5.59
2.06
2.05
4.44
4.48
2.22
2.23
4.28
4.31
2.30
2.30
4.40
4.38
2.28
2.37
2.47
2.52
4.69
2.39
2.54
2.49
2.57
4.88
5.05
2.56
2.63
2.66
2.72
2.77
2.82
2.85
2.83
2.88
2.91
2.93
3.00
3.01
3.13
3.09
3.28
3.19
3.36
3.31
3.44
3.46
3.60
3.55
3.58
3.62
3.84
3.66
3.97
3.95
6.33
6.36
6.27
6.29
6.23
6.25
1.21
6.23
1.17
1.19
1.18
1.18
1.30
1.32
1.35
1.43
1.15
1.18
1.15
1.16
1.32
1.34
1.48
1.44
1.62
1.59
1.82
1.74
2.04
1.97
2.30
2.26
2.75
2.65
3.34
3.20
4.28
4.02
5.86
5.44
8.00
8.00
14.41
14.42
14.42
14.43
14.43
14.43
14.44
14.45
14.45
14.46
14.47
14.48
14.50
14.51
14.52
14.53
14.57
14.58
13.79
13.85
12.06
12.21
10.82
11.15
10.74
10.74
9.13
10.77
8.54
8.70
8.32
8.35
7.82
7.95
7.40
7.49
6.93
7.08
6.35
6.44
6.04
6.12
5.77
5.82
5.51
5.56
5.28
5.32
5.07
5.11
4.86
4.90
4.69
4.72
4.53
4.57
4.37
4.41
4.24
4.27
4.10
4.14
3.98
4.01
3.87
3.90
3.77
3.79
3.64
3.66
3.55
3.57
3.47
3.48
3.39
3.41
3.30
3.32
3.24
3.25
3.16
3.19
3.12
3.12
3.05
3.06
3.00
3.00
2.94
2.94
2.89
2.90
2.84
2.84
2.79
2.80
2.75
2.76
2.71
2.72
2.67
2.68
2.63
2.64
2.59
2.61
2.56
2.57
2.53
2.54
2.50
2.50
2.47
2.47
2.42
2.45
2.40
2.41
2.38
2.38
2.35
2.36
2.34
2.34
2.31
2.32
2.29
2.29
2.27
2.27
2.26
2.26
2.24
2.25
2.22
2.22
2.20
2.21
2.19
2.19
2.17
2.17
2.16
2.16
2.14
2.15
2.14
2.14
2.12
2.12
2.11
2.11
2.10
2.10
2.09
2.09
2.09
2.09
2.08
2.08
2.07
2.07
2.06
2.06
2.06
2.06
593.944940 -30.979536 0.064080
