1 361
1.22
1.23
1.21
1.23
1.21
1.26
1.31
1.22
1.22
1.23
1.27
1.35
1.39
1.41
1.43
1.43
1.44
1.42
1.43
1.45
1.47
1.47
1.61
1.94
1.95
1.96
1.96
1.96
1.96
1.97
1.97
1.96
1.97
1.97
1.97
1.97
1.98
1.97
1.98
1.98
1.99
1.99
2.00
2.00
2.01
2.01
2.01
2.01
2.02
2.01
2.04
2.04
2.02
2.01
2.06
2.05
2.01
2.06
2.08
0.97
1.00
2.10
2.12
2.12
2.14
2.14
2.16
2.15
2.18
2.17
2.20
2.19
2.21
2.21
2.24
2.23
2.25
2.25
2.29
2.27
2.26
2.23
2.33
2.34
2.34
2.20
2.37
2.38
2.42
2.42
2.47
2.46
2.51
2.49
2.53
2.51
2.58
2.56
2.62
2.60
2.65
2.64
2.69
2.69
2.70
2.07
1.78
1.76
2.80
2.82
2.39
2.34
2.34
2.35
2.38
2.38
2.48
2.48
2.58
2.58
2.66
2.65
2.72
2.71
2.77
2.77
2.85
2.84
2.92
2.91
2.93
2.92
2.97
2.97
3.09
3.09
3.30
5.75
5.69
5.68
5.53
5.53
5.44
5.43
5.56
5.52
5.77
5.76
5.73
5.72
5.69
5.67
5.65
5.63
5.60
5.59
5.57
5.56
5.53
5.52
5.50
5.49
5.47
5.46
5.45
5.44
5.43
5.41
5.40
5.39
5.38
5.36
5.36
5.34
5.33
5.32
5.32
5.30
5.30
5.29
5.29
5.27
5.27
5.27
5.27
5.26
5.26
5.25
5.26
5.24
5.25
5.24
5.25
5.24
5.26
5.24
5.25
5.23
5.26
5.24
5.26
5.24
2.46
2.47
1.74
1.72
1.81
1.78
2.72
2.70
2.69
2.68
2.70
2.69
2.71
2.69
2.71
2.70
2.71
2.73
2.47
2.49
2.26
2.29
2.12
2.14
1.98
2.00
1.88
1.89
1.78
1.79
1.69
1.70
1.61
1.61
1.53
1.54
1.46
1.46
1.40
1.41
1.34
1.35
1.30
1.30
1.25
1.26
1.21
1.21
1.17
1.17
1.13
1.14
1.09
1.11
1.06
1.06
1.02
1.03
1.00
1.00
0.98
0.98
0.94
0.94
0.92
0.92
0.90
0.90
0.88
0.88
0.87
0.87
0.85
0.86
0.83
0.83
0.81
0.81
0.79
0.80
0.78
0.78
0.77
0.77
0.76
0.76
0.74
0.75
0.73
0.74
0.72
0.72
0.69
0.70
0.69
0.69
0.68
0.68
0.67
0.67
0.66
0.66
0.65
0.66
0.65
0.65
0.64
0.65
0.63
0.64
0.63
0.63
0.62
0.62
0.61
0.61
0.60
0.60
0.60
0.60
0.60
0.60
0.59
0.59
0.59
0.59
0.58
0.59
0.58
0.58
0.57
0.58
0.57
0.57
0.57
0.57
0.57
0.56
0.56
0.56
0.56
0.56
0.57
0.57
0.57
0.57
0.57
0.57
0.56
0.56
0.56
0.56
0.56
0.56
0.55
0.55
0.55
0.55
0.55
566.569229 -19.125483 -3.074346
