1 180
3.76
3.86
3.96
4.01
4.11
4.21
4.31
4.41
4.41
4.51
8.76
8.61
8.41
8.21
8.01
7.86
7.61
7.51
7.31
7.16
7.06
6.96
6.81
6.71
6.61
6.21
6.11
6.06
6.06
6.16
6.26
6.31
6.41
6.46
6.46
6.56
6.61
6.66
6.71
6.76
6.81
6.86
6.91
6.96
7.01
7.06
7.11
7.11
7.16
7.16
7.26
7.26
7.31
7.31
7.21
7.16
7.11
7.11
7.51
8.56
9.01
9.66
9.36
27.71
27.61
27.51
25.06
28.31
27.31
25.06
50.00
23.76
22.96
16.66
9.01
7.76
7.16
7.16
7.16
7.16
7.21
7.26
7.26
7.21
7.16
7.11
7.11
7.01
7.01
6.96
4.01
4.01
3.86
3.86
6.71
6.66
6.61
6.51
3.21
3.16
3.06
2.96
3.01
6.16
6.11
6.01
5.96
5.96
6.06
6.16
6.46
6.56
6.71
6.81
6.91
7.06
7.21
7.36
7.51
7.71
7.81
8.01
8.21
8.41
8.61
4.36
4.31
4.26
4.16
4.06
3.96
3.81
3.81
3.71
3.61
3.51
3.36
3.31
3.26
3.16
3.06
2.96
2.91
2.81
2.71
2.66
2.56
2.46
2.41
2.31
2.26
2.19
2.14
2.09
1.99
1.94
1.89
1.44
1.02
1.07
1.02
1.02
1.07
1.07
1.07
1.07
1.04
1.07
1.12
1.09
1.07
1.27
1.27
1.11
1.04
1.04
1.04
1.04
1.09
1.09
-23.694700 1.943550 1.028295
