1 180
7.81
7.06
6.66
6.21
5.81
5.41
5.16
4.91
4.61
4.41
4.21
4.06
3.86
3.76
3.56
3.41
3.31
3.21
3.11
3.01
2.91
2.81
2.76
2.71
2.61
2.59
2.49
2.49
2.39
2.39
2.29
2.24
2.19
2.14
2.14
2.09
2.04
1.99
1.99
1.99
1.99
1.89
1.89
1.89
1.84
1.79
1.80
1.75
1.75
1.82
1.89
1.94
1.91
1.81
1.86
1.96
2.36
2.46
2.56
2.71
2.76
2.54
2.61
3.26
3.51
3.71
4.62
4.64
4.64
5.16
5.66
6.31
7.16
8.16
9.76
11.96
15.51
21.86
19.91
19.66
19.76
2.62
2.57
2.71
2.76
2.71
2.76
3.01
2.86
2.91
3.01
50.00
4.46
4.36
4.16
3.86
50.00
3.06
2.71
2.71
2.76
2.76
2.66
2.61
2.46
2.36
2.31
2.11
1.91
1.86
1.71
1.71
1.76
1.81
1.86
2.01
2.06
2.06
2.11
2.16
2.16
2.06
2.04
2.11
2.06
2.16
2.11
2.11
2.06
2.06
1.96
1.91
1.91
1.91
1.96
1.91
1.86
1.81
1.81
1.81
1.76
1.71
1.71
1.71
1.66
1.61
1.66
1.61
1.66
1.61
1.66
1.61
1.56
1.61
1.56
1.56
1.56
1.51
1.56
1.51
1.51
1.51
1.51
1.51
1.51
1.46
1.46
1.49
1.44
1.44
1.44
1.49
1.49
1.46
1.46
1.51
1.51
1.49
1.40
1.42
-29.530901 20.918602 0.655351
