1 180
1.62
1.62
1.62
1.62
1.62
1.62
1.62
1.62
1.62
1.67
1.67
1.67
1.62
1.67
1.67
1.67
1.72
1.72
1.72
1.72
1.72
1.72
1.72
1.74
1.74
1.74
1.82
1.82
1.79
1.84
1.84
1.84
1.89
1.94
1.94
1.89
1.99
1.99
2.04
2.04
2.09
2.14
2.14
2.19
2.24
2.24
2.29
2.34
2.39
2.44
2.44
2.54
2.59
2.69
2.69
2.76
2.81
2.91
2.96
3.06
3.16
3.26
3.36
3.46
3.61
3.71
3.86
4.01
4.21
4.36
4.56
4.81
5.06
5.31
5.61
5.96
6.31
6.76
7.26
7.91
8.66
9.41
11.26
11.71
11.91
11.86
11.81
11.81
11.81
11.81
11.76
11.66
11.69
11.86
11.86
11.81
11.71
8.96
7.66
6.71
6.01
5.36
5.01
4.56
4.21
3.91
3.71
3.41
3.21
3.01
2.86
2.71
2.61
2.51
2.51
2.51
2.41
2.36
2.31
1.06
1.01
0.99
1.04
1.04
1.04
1.01
1.64
1.64
1.59
1.54
1.54
1.49
1.44
1.44
1.39
1.34
1.34
1.29
1.29
1.29
1.24
1.19
1.24
1.24
1.19
1.14
1.14
1.09
1.09
1.09
1.09
1.04
1.09
1.04
1.04
0.99
1.04
1.04
0.99
0.99
0.99
1.04
0.94
0.99
0.94
0.94
0.94
0.99
0.94
0.94
0.94
0.99
0.97
0.94
0.97
0.97
0.97
0.97
0.92
0.97
-27.313501 11.168800 2.226036
