1 180
1.95
1.95
1.85
1.88
1.85
1.80
1.83
1.80
1.78
1.78
1.78
1.73
1.70
1.65
1.73
1.65
1.68
1.60
1.63
1.63
1.63
1.55
1.58
1.58
1.58
1.53
1.53
1.53
1.53
1.53
1.53
1.48
1.48
1.45
1.48
1.43
1.43
1.38
1.43
1.40
1.45
1.50
1.50
1.57
1.67
1.72
2.37
2.42
2.57
2.67
2.82
3.02
3.17
3.37
3.62
3.87
4.17
4.57
5.02
5.42
6.17
7.02
8.02
9.57
11.72
50.00
20.27
21.82
21.87
21.77
21.82
21.87
21.92
21.97
16.27
14.27
12.32
11.82
11.97
12.07
8.32
7.67
7.12
6.62
6.32
5.92
5.57
5.32
5.07
4.77
4.55
4.42
4.22
4.07
3.92
3.72
3.67
3.52
3.42
3.32
3.22
3.17
3.02
2.97
2.92
2.82
2.77
2.75
2.70
2.65
2.60
2.50
2.45
2.15
2.10
2.10
2.00
2.00
2.00
1.95
1.95
1.95
2.00
2.00
2.05
2.10
2.15
2.20
2.15
2.20
2.25
2.25
2.30
2.30
2.35
2.40
2.40
2.45
2.50
2.50
2.60
2.60
2.65
2.70
2.80
2.80
2.85
2.85
2.90
2.95
3.00
3.05
3.10
3.12
3.20
3.22
3.30
3.32
3.37
3.42
3.47
3.57
3.57
3.62
3.72
3.72
3.77
3.87
3.87
3.92
4.02
4.07
4.02
3.97
4.02
4.02
4.07
4.07
4.07
12.07
-19.637600 2.090510 -0.437311
