1 180
0.95
0.93
0.95
0.92
0.93
0.90
0.95
0.95
0.95
0.95
0.95
1.00
1.00
1.00
1.00
1.00
1.05
1.05
1.05
1.05
1.10
1.10
1.10
1.10
1.15
1.15
1.15
1.15
1.15
1.20
1.25
1.25
1.30
1.30
1.35
1.35
1.35
1.40
1.45
1.45
1.52
1.55
1.60
1.65
1.70
1.75
1.75
1.85
1.90
2.00
2.05
2.07
2.17
2.27
2.37
2.47
2.57
2.67
2.87
3.02
3.22
3.42
3.62
3.87
4.22
4.57
5.02
5.52
6.12
6.97
7.92
9.32
11.42
14.52
17.87
17.82
14.27
14.07
17.87
17.87
17.87
17.92
17.97
14.47
12.37
12.27
10.07
9.07
8.37
8.02
8.02
7.97
8.17
8.22
8.27
8.27
8.32
8.32
4.62
4.42
4.22
4.07
3.92
3.77
3.67
3.52
3.42
3.32
3.22
3.12
3.07
2.97
2.92
2.82
2.72
2.70
2.65
2.60
2.55
2.50
2.45
2.45
2.35
2.35
2.30
2.25
2.25
2.20
2.15
2.10
2.10
2.02
2.05
2.00
2.00
1.95
1.95
1.95
1.90
1.90
1.90
1.85
1.85
1.80
1.80
1.80
1.80
1.80
1.75
1.75
1.75
1.75
1.78
1.75
1.70
1.78
1.73
1.73
1.70
1.73
1.73
1.68
1.68
1.73
1.73
1.68
1.68
1.68
1.68
1.68
1.68
1.73
1.73
1.73
1.73
1.68
1.73
1.73
1.73
1.73
-16.826200 -0.899149 -0.583387
