1 180
0.63
0.58
0.63
0.58
0.58
0.63
0.63
0.60
0.55
0.60
0.60
0.57
0.57
0.62
0.62
0.62
0.62
0.62
0.65
0.62
0.67
0.67
0.67
0.67
0.72
0.67
0.67
0.72
0.72
0.72
0.77
0.72
0.77
0.77
0.77
0.77
0.77
0.77
0.77
0.77
0.77
0.77
0.87
0.82
0.87
0.92
0.87
0.92
0.92
0.97
0.97
1.02
1.02
0.97
0.97
1.02
1.07
1.12
1.12
1.12
1.17
1.22
1.22
1.27
1.72
2.87
2.72
2.67
2.67
2.67
2.62
2.62
2.62
2.57
2.60
2.60
2.55
2.47
2.52
2.77
3.07
3.42
3.87
4.27
4.42
4.42
4.42
4.42
4.42
4.42
4.37
4.77
10.57
11.47
11.57
12.92
10.62
10.62
10.62
10.67
10.67
10.67
9.52
2.42
2.37
2.37
2.57
2.57
2.62
3.02
3.17
3.32
3.37
3.92
3.72
3.62
3.47
3.32
3.27
3.17
3.07
3.02
2.82
2.72
2.62
2.62
2.57
2.52
2.47
2.37
2.37
2.32
2.27
2.22
2.12
2.12
2.12
2.02
2.02
2.02
1.97
1.97
1.97
1.92
1.87
1.87
1.82
1.75
1.77
1.77
1.72
1.72
1.72
1.67
1.67
1.62
1.65
1.62
1.57
1.57
1.57
1.57
1.57
1.57
1.57
1.52
1.52
1.67
1.87
1.92
2.07
4.57
4.57
4.52
4.52
4.52
4.62
4.67
4.67
4.72
-29.056999 -26.813000 -2.961578
