1 180
1.37
1.32
1.32
1.32
1.32
1.32
1.32
1.32
1.34
1.34
1.34
1.31
1.31
1.36
1.36
1.36
1.39
1.36
2.91
2.91
2.96
3.01
3.01
3.01
3.01
3.11
3.11
3.11
3.16
3.21
2.51
2.46
2.51
3.31
2.31
2.26
2.21
2.31
3.56
3.56
3.56
3.66
3.71
3.76
3.81
3.91
2.76
2.64
2.59
2.59
2.49
2.49
2.44
2.44
2.39
2.34
2.34
2.29
2.29
2.24
2.24
2.24
2.14
2.14
2.14
2.21
2.26
2.31
2.41
2.56
2.66
2.81
2.91
5.51
5.56
5.21
4.96
5.36
5.76
6.06
6.06
6.06
6.21
7.16
8.06
9.31
10.96
13.61
19.31
32.16
50.00
13.66
50.00
20.41
13.71
11.01
8.86
7.51
6.56
5.71
5.11
4.81
4.71
3.91
3.69
3.66
3.51
3.31
2.74
2.66
2.51
2.36
2.26
2.16
2.11
2.01
1.94
1.86
1.79
1.74
1.69
1.64
1.59
1.54
1.49
1.44
1.44
1.34
1.39
1.34
1.29
1.29
1.24
1.19
1.19
1.14
1.14
1.09
1.09
1.04
1.09
1.04
1.04
0.99
0.99
0.99
0.94
0.99
0.94
0.94
0.89
0.94
0.89
0.89
0.89
0.89
0.89
0.84
0.84
0.84
0.89
0.84
0.84
0.84
0.79
0.79
0.79
0.84
0.79
0.79
0.79
0.79
0.79
0.84
0.82
0.79
0.79
0.74
0.79
0.79
-45.871201 13.636000 0.306867
