1 180
1.42
1.47
1.42
1.47
1.42
1.42
1.42
1.42
1.47
1.42
1.47
1.47
1.47
1.52
1.52
1.52
1.52
1.49
1.57
1.57
1.57
1.57
1.57
1.59
1.62
1.67
1.59
1.64
1.64
1.64
1.69
1.74
1.74
1.74
1.74
1.79
1.84
1.84
1.89
1.89
1.99
1.94
2.04
2.04
2.09
2.14
2.14
2.24
2.29
2.34
2.39
2.44
2.46
2.59
2.61
2.71
2.71
2.86
2.96
3.01
3.16
3.31
3.36
3.51
3.66
3.86
4.01
4.21
4.41
4.66
4.96
5.26
5.56
5.61
5.61
6.06
13.06
13.21
13.26
13.36
13.41
13.51
13.56
50.00
25.61
34.06
34.06
34.06
34.11
28.56
24.06
13.46
13.46
13.36
13.31
13.21
13.11
5.51
5.61
5.51
5.11
4.76
4.46
4.21
3.91
3.71
3.51
3.36
3.21
3.11
2.91
2.81
2.69
2.56
2.51
2.41
2.31
2.26
2.21
2.14
2.09
2.09
2.04
1.91
1.89
1.84
1.84
1.84
1.74
1.69
1.64
1.64
1.64
1.59
1.54
1.49
1.49
1.49
1.49
1.44
1.44
1.39
1.39
1.39
1.34
1.34
1.34
1.31
1.34
1.29
1.24
1.29
1.24
1.24
1.24
1.24
1.19
1.19
1.19
1.19
1.17
1.19
1.14
1.17
1.22
1.17
1.17
1.17
1.17
1.17
1.17
1.17
1.12
1.17
1.17
1.17
1.17
1.17
1.12
1.12
-27.388401 11.823600 -0.824985
