1 180
0.84
0.84
0.87
0.87
0.87
0.84
0.87
0.84
0.92
0.89
0.84
0.89
0.84
0.84
0.89
0.89
0.89
0.89
0.84
0.89
0.89
0.89
0.89
0.94
0.89
0.94
0.94
0.89
0.94
0.99
0.94
0.94
0.99
0.99
0.99
0.99
0.99
1.04
1.09
1.04
1.09
1.09
1.09
1.14
1.19
1.19
1.19
1.19
1.24
1.24
1.24
1.26
1.29
1.34
1.34
1.39
1.44
1.54
1.54
1.59
1.59
1.64
1.69
1.74
1.79
1.84
1.96
2.01
2.06
2.16
2.26
2.36
2.46
2.61
2.71
2.91
3.11
3.26
3.51
3.76
4.11
4.46
4.86
5.36
6.01
6.29
6.46
10.86
10.91
12.71
24.76
30.66
30.76
6.31
6.26
6.46
50.00
7.91
7.96
8.01
6.46
6.16
5.51
5.01
4.61
4.26
3.96
3.79
3.76
3.51
3.36
2.89
2.76
2.66
2.69
2.61
2.51
2.41
2.31
2.26
2.16
2.11
2.01
1.84
1.79
1.74
1.69
1.64
1.59
1.59
1.54
1.44
1.49
1.44
1.39
1.34
1.34
1.29
1.29
1.29
1.24
1.24
1.19
1.24
1.14
1.14
1.14
1.14
1.14
1.09
1.09
1.04
1.04
1.04
1.04
1.04
0.99
0.99
0.99
1.04
0.99
0.99
0.99
0.94
0.99
0.94
0.94
0.94
0.94
0.94
0.94
0.89
0.89
0.89
0.97
0.92
0.94
0.92
0.94
0.94
-8.407470 -24.549799 -3.069401
