1 180
0.69
0.74
0.72
0.72
0.77
0.72
0.72
0.74
0.74
0.69
0.69
0.69
0.74
0.74
0.74
0.74
0.74
0.74
0.74
0.79
0.74
0.74
0.79
0.79
0.79
0.79
0.79
0.84
0.84
0.84
0.84
0.84
0.84
0.84
0.89
0.89
0.89
0.89
0.89
0.94
0.94
0.94
0.99
0.99
0.99
1.04
1.09
1.06
1.09
1.14
1.19
1.14
1.19
1.24
1.29
1.29
1.34
1.39
1.44
1.44
1.54
1.54
1.64
1.69
1.74
1.81
1.86
1.96
2.06
2.16
2.31
2.41
2.56
2.71
2.86
3.06
3.36
3.61
3.96
4.36
4.81
5.46
6.26
7.26
8.71
11.06
15.81
14.01
13.91
13.81
15.51
13.81
13.91
13.71
10.96
9.71
8.56
7.21
6.46
5.86
5.41
4.91
4.81
4.66
4.31
3.76
3.61
3.41
3.21
3.06
2.91
2.76
2.71
2.56
2.46
2.41
2.31
2.24
2.19
2.14
2.04
2.04
1.94
1.89
1.84
1.79
1.74
1.69
1.64
1.64
1.64
1.59
1.51
1.56
1.59
1.66
1.66
1.56
1.56
1.56
1.46
1.51
1.46
1.41
1.46
1.51
1.41
1.41
1.41
1.36
1.36
1.36
1.31
1.31
1.31
1.31
1.31
1.26
1.26
1.26
1.26
1.21
1.21
1.21
1.16
1.21
1.21
1.21
1.21
1.16
1.16
1.16
1.11
1.11
1.14
1.14
1.14
1.14
1.14
1.14
-24.298401 23.687000 0.549840
