1 180
3.06
4.01
4.01
1.26
1.26
1.26
1.26
1.31
1.31
1.31
1.31
1.31
1.36
1.36
1.41
1.36
1.36
1.41
1.41
1.41
1.46
1.46
1.46
1.46
1.46
1.51
1.51
1.56
1.56
1.56
1.61
1.61
1.61
1.66
1.71
1.71
1.76
1.81
1.81
1.86
1.91
1.91
2.84
2.81
2.96
3.06
2.96
2.96
2.91
2.96
3.01
3.16
3.36
3.44
3.36
3.36
3.46
3.56
3.56
3.51
3.51
3.46
3.46
3.46
3.41
3.36
3.36
3.36
3.36
3.34
3.36
3.36
3.31
3.31
3.31
3.31
3.29
3.29
3.27
3.27
3.32
3.29
3.32
5.21
5.26
5.26
5.26
5.31
15.61
15.71
15.71
15.76
15.81
13.31
12.36
11.61
10.96
10.96
9.76
9.31
8.86
8.46
8.11
7.81
7.46
7.26
6.96
6.71
6.56
6.41
4.96
4.66
4.56
4.46
4.36
4.29
4.31
4.46
4.51
4.56
4.56
4.91
5.01
5.51
5.71
3.51
3.26
3.21
3.21
3.11
3.06
3.06
2.96
2.94
2.96
2.96
3.06
3.11
3.21
3.26
3.51
3.56
3.26
3.31
3.31
3.16
3.11
2.41
2.41
2.41
2.41
2.36
2.36
2.31
2.36
2.31
2.31
2.31
2.26
2.21
2.19
2.21
2.16
2.16
2.11
2.16
2.11
2.11
2.09
2.06
2.09
2.09
2.04
2.04
2.04
2.07
2.06
3.66
3.66
3.71
-37.551800 -27.073898 1.804942
