1 180
3.36
3.44
3.46
3.54
3.61
3.66
3.71
3.76
3.81
3.86
3.96
4.06
4.06
3.96
4.01
4.01
4.06
4.06
4.11
4.16
11.11
10.71
10.31
9.96
9.61
9.31
9.01
8.76
8.51
8.31
7.21
6.86
6.71
6.56
6.36
6.21
6.11
5.91
5.81
5.66
4.31
4.06
4.11
5.61
4.06
4.11
4.41
6.01
6.06
6.11
6.16
6.21
6.21
6.26
6.31
6.41
6.36
6.36
6.41
6.46
6.46
6.51
6.51
6.56
6.61
6.61
6.61
6.61
6.66
6.66
6.71
6.71
6.71
6.71
6.71
8.36
9.01
10.06
11.26
12.76
14.91
17.66
24.56
27.21
27.16
27.11
19.26
19.31
27.21
21.51
17.11
10.61
5.31
5.31
5.51
5.36
5.41
6.51
6.51
6.46
6.46
6.41
6.36
6.36
6.36
6.26
6.21
6.21
6.16
6.11
6.11
6.01
6.01
5.96
5.91
5.86
5.86
5.76
5.76
5.71
5.61
5.56
5.41
5.31
5.16
5.01
5.06
5.16
5.26
5.26
5.36
5.46
5.56
5.71
5.81
5.91
6.06
6.21
6.36
6.51
6.61
6.86
7.31
6.46
6.76
8.61
8.91
9.16
9.46
9.81
3.51
3.46
3.49
3.44
3.36
3.39
3.39
3.39
3.41
3.36
3.26
3.21
3.16
3.14
3.04
3.04
2.99
2.89
2.84
2.84
2.79
2.74
2.69
2.64
2.59
2.54
2.49
2.49
2.39
2.34
-22.638899 6.668100 -0.785681
