1 180
2.59
2.64
2.69
2.74
2.74
2.79
2.84
2.89
2.94
2.99
3.04
3.09
3.11
3.14
3.19
3.26
3.31
3.36
3.41
3.46
3.51
3.51
3.66
3.66
3.71
9.76
9.31
9.01
8.66
8.41
8.11
7.91
7.66
7.46
7.26
7.06
6.91
6.71
6.51
6.36
6.31
6.16
6.01
5.91
5.76
5.66
5.26
5.21
5.06
5.06
5.11
5.21
5.26
5.26
5.36
5.46
5.46
5.51
5.56
5.61
5.61
5.71
5.76
5.81
5.81
5.86
5.91
5.96
5.96
6.01
6.06
6.06
6.11
6.16
6.16
6.21
6.26
6.31
6.31
6.36
6.21
6.21
6.16
6.11
6.31
7.06
8.26
50.00
8.46
25.01
50.00
27.61
29.71
31.16
31.06
23.96
25.51
23.86
50.00
15.91
14.06
12.36
8.31
7.36
6.76
6.31
6.31
6.31
6.36
6.41
6.51
6.46
6.46
6.46
6.41
6.41
6.36
6.36
6.31
6.26
6.26
6.21
6.21
6.21
6.16
6.16
1.54
1.29
1.29
1.29
1.24
1.24
1.24
1.29
1.46
5.76
5.71
5.66
5.51
5.56
5.51
5.61
5.71
6.16
6.36
6.51
6.66
6.76
6.96
7.16
7.36
7.56
7.76
8.06
8.31
8.61
8.86
9.21
9.56
10.01
10.41
10.91
4.31
4.26
4.21
4.21
4.11
4.06
4.01
3.96
3.86
3.86
3.81
3.71
3.66
3.61
3.56
3.51
3.46
3.39
-19.112200 5.636600 -2.643373
