1 180
0.77
0.82
0.77
0.77
0.72
0.77
0.74
0.79
0.74
0.74
0.74
0.74
0.74
0.74
0.79
0.79
0.79
0.74
0.74
0.79
0.79
0.84
0.79
0.79
0.79
0.84
0.79
0.84
0.84
0.84
0.89
0.89
0.89
0.94
0.89
0.94
0.94
0.94
0.94
0.99
0.94
1.04
1.04
1.04
1.04
1.09
1.09
1.14
1.14
1.19
1.19
1.19
1.24
1.29
1.34
1.39
1.39
1.44
1.49
1.49
1.59
1.64
1.69
1.74
1.79
1.89
1.94
2.01
2.11
2.21
2.26
2.46
2.61
2.71
2.91
3.31
3.76
3.94
3.94
4.31
4.76
5.26
6.01
6.91
8.11
9.96
12.76
17.66
30.21
40.76
46.46
31.66
20.36
17.66
13.61
10.01
9.01
9.06
50.00
6.36
6.41
6.51
5.36
5.76
5.86
3.91
3.86
4.01
6.01
3.41
2.91
2.81
2.76
2.76
2.71
2.71
2.71
2.61
2.56
2.46
2.41
2.01
1.96
1.96
2.06
2.11
3.36
3.41
3.46
3.51
3.56
3.61
3.66
3.76
3.81
3.86
3.91
4.06
4.11
4.11
4.16
4.31
4.36
4.46
4.66
4.76
4.91
5.01
5.21
5.31
5.51
5.66
5.81
2.56
4.06
2.61
2.81
50.00
2.91
2.76
1.14
1.21
3.21
3.51
1.56
3.56
1.61
1.56
1.61
1.51
1.46
1.46
1.41
1.31
1.36
1.31
1.26
1.21
1.16
1.06
-12.074800 27.486000 -1.126278
