1 180
1.61
1.61
1.56
1.51
1.46
1.41
1.39
1.41
1.36
1.36
1.36
1.26
1.31
1.26
1.16
1.11
1.11
1.16
1.11
1.16
1.16
1.16
1.16
1.16
1.11
1.11
1.06
1.06
1.06
1.06
0.99
1.01
1.06
1.01
1.01
1.01
0.96
0.96
0.96
0.96
0.96
0.91
0.91
0.86
0.91
0.91
0.89
0.89
0.89
0.89
0.89
0.92
0.92
0.92
0.92
0.92
0.92
0.92
0.89
0.89
0.89
0.89
0.91
0.86
0.89
0.91
0.86
0.91
0.91
0.91
0.86
0.91
0.91
0.91
0.91
0.96
0.94
0.91
1.01
1.06
1.06
1.06
1.11
1.11
1.11
1.11
1.11
1.16
1.16
1.19
1.14
1.21
1.21
1.26
1.26
1.31
1.31
1.31
1.36
1.31
1.41
1.41
1.41
1.46
1.51
1.56
1.56
1.46
1.51
1.61
1.71
1.76
1.81
1.86
1.86
1.96
2.06
2.11
2.16
2.21
2.31
2.31
3.86
3.81
3.81
3.76
3.86
4.16
4.46
4.81
5.11
5.51
5.91
6.46
7.36
4.16
3.86
3.59
3.76
13.71
22.16
20.06
20.01
19.96
20.01
50.00
22.11
10.01
7.71
6.31
5.26
3.44
3.46
2.86
2.74
2.81
2.71
2.46
2.31
2.16
2.06
1.89
1.85
1.87
1.87
1.89
1.87
1.89
1.89
1.89
1.94
1.89
1.99
1.94
1.99
2.04
2.04
2.09
2.14
2.14
-4.683410 -12.975699 -0.122036
