1 180
46.56
47.26
12.56
14.71
12.16
12.31
12.21
11.76
10.51
9.46
8.66
7.91
7.31
6.76
6.36
5.96
5.66
5.31
5.06
4.81
4.61
4.41
4.21
4.06
3.91
3.76
3.61
3.46
3.41
3.26
3.16
3.06
3.01
2.96
2.91
2.76
2.74
2.64
2.64
2.54
2.49
2.44
2.39
2.34
2.34
2.29
2.24
2.24
2.19
2.14
2.09
2.09
2.04
1.99
1.99
1.94
1.89
1.94
1.92
1.90
1.87
1.99
2.04
2.14
2.21
2.26
2.36
2.46
2.61
2.66
2.81
3.01
3.11
3.36
3.56
3.81
4.06
4.41
4.81
5.21
5.76
6.26
7.21
8.36
9.86
12.16
18.81
21.76
24.66
30.36
30.36
30.31
16.41
12.76
10.16
8.91
7.31
6.36
5.66
5.21
4.66
4.36
4.41
4.71
4.76
4.76
4.76
2.86
2.66
2.51
2.46
2.36
2.21
2.11
2.01
2.01
1.91
1.84
1.84
1.89
1.89
1.89
1.94
1.94
1.99
2.04
2.04
2.04
2.09
2.09
2.14
2.19
2.24
2.29
2.29
2.34
2.34
2.44
2.46
2.41
2.31
2.26
2.36
2.36
2.41
2.46
2.46
2.61
3.16
3.31
6.91
4.56
50.00
50.00
6.16
6.11
6.11
6.01
5.96
5.91
6.01
5.86
5.86
5.76
5.76
5.76
5.76
5.71
5.56
3.31
5.56
5.56
5.56
5.51
5.51
2.91
6.46
6.41
4.46
6.36
-0.000602 0.012727 -1.570796
