1 180
0.42
0.42
0.37
0.42
0.42
0.37
0.39
0.39
0.39
0.44
0.39
0.39
0.39
0.41
0.41
0.41
0.41
0.46
0.46
0.41
0.46
0.41
0.46
0.46
0.46
0.51
0.51
0.51
0.46
0.46
0.44
0.41
0.51
0.51
4.11
4.26
3.91
3.86
3.81
3.76
3.76
3.81
3.81
3.86
5.01
4.96
4.86
4.81
4.71
4.06
4.01
3.91
3.81
3.76
3.81
3.96
3.61
3.51
3.46
3.46
3.36
2.06
1.76
1.71
1.71
1.71
1.66
1.66
1.69
1.69
1.64
1.64
1.64
1.64
1.64
1.59
1.59
1.59
1.59
1.54
1.56
1.61
1.76
2.01
2.26
2.61
3.01
3.36
4.31
5.46
7.91
7.81
7.76
7.76
7.81
8.16
10.11
10.11
10.11
10.01
8.91
8.01
7.66
7.71
6.76
50.00
5.31
3.16
2.91
2.76
2.61
2.51
2.36
2.26
2.11
2.06
1.96
1.91
1.81
1.71
1.71
1.71
1.56
1.56
1.46
1.41
1.36
1.36
1.31
1.31
1.31
1.31
1.26
1.21
1.16
1.21
1.16
1.11
1.06
1.04
1.06
1.06
1.06
1.01
1.01
1.01
0.96
0.96
0.96
0.91
0.91
0.91
0.89
0.92
0.91
0.86
0.86
0.91
0.86
0.86
0.86
0.86
0.81
0.81
0.86
0.81
0.81
0.81
0.81
0.76
0.76
0.81
0.74
0.71
0.71
0.79
0.74
0.74
0.74
0.69
-45.306297 6.412920 1.810307
