1 180
1.47
1.47
1.47
1.47
1.47
1.52
1.52
1.52
1.52
1.52
1.52
1.52
1.52
1.52
1.57
1.57
1.57
1.62
1.62
1.62
1.62
1.64
1.62
1.64
1.67
1.69
1.69
1.69
1.69
1.69
1.79
1.79
1.79
1.79
1.84
1.89
1.89
1.94
1.91
1.94
2.04
2.04
2.09
2.09
2.14
2.19
2.24
2.34
2.34
2.39
2.44
2.49
2.59
2.66
2.66
2.76
2.86
2.96
3.01
3.11
3.26
3.36
3.46
3.61
3.81
3.96
4.16
4.36
4.56
4.76
5.11
5.36
5.76
6.06
6.56
7.16
7.71
8.46
9.36
10.51
11.96
14.66
15.26
15.21
15.21
15.16
15.16
15.16
15.09
15.26
15.26
15.16
12.41
10.26
8.86
7.81
6.96
6.21
5.81
5.66
4.86
4.56
4.26
3.96
3.71
3.56
3.36
3.21
3.06
2.91
2.81
2.66
2.61
2.46
2.36
2.31
2.26
2.24
2.14
2.09
1.99
1.94
1.94
1.84
1.79
1.79
1.74
1.69
1.69
1.64
1.59
1.59
1.54
1.49
1.49
1.49
1.44
1.39
1.39
1.39
1.39
1.34
1.34
1.34
1.29
1.29
1.24
1.24
1.24
1.24
1.19
1.19
1.22
1.19
1.14
1.22
1.14
1.14
1.14
1.14
1.14
1.17
1.12
1.12
1.12
1.17
1.09
1.12
1.12
1.12
1.12
1.12
1.12
1.12
1.12
1.12
1.12
1.07
1.12
1.12
-25.046900 8.585670 2.283204
