1 180
0.97
0.97
1.02
0.97
1.02
0.97
1.02
0.97
0.94
0.94
0.97
0.99
0.94
0.94
0.99
0.94
0.94
0.99
0.99
0.99
0.94
0.99
0.94
1.04
0.99
1.04
0.99
0.99
1.04
1.04
0.99
0.99
1.04
1.04
1.04
1.09
1.09
1.14
1.09
1.09
1.14
1.14
1.14
1.19
1.14
1.19
1.24
1.24
1.24
1.29
1.29
1.29
1.34
1.34
1.39
1.39
1.44
1.44
1.49
1.54
1.54
1.59
1.64
1.69
1.69
1.79
1.79
1.89
1.94
1.99
2.04
2.09
2.14
2.21
2.31
2.41
2.51
2.61
2.71
2.86
3.01
3.16
3.36
3.56
3.81
4.06
4.36
4.71
5.11
5.51
6.41
6.96
7.91
9.06
10.81
13.61
14.96
21.06
50.00
13.86
50.00
15.56
13.91
11.31
9.21
7.76
6.71
5.86
5.21
4.81
4.36
4.04
3.99
3.81
3.56
3.01
2.84
2.84
2.76
2.66
2.56
2.41
2.31
2.26
1.94
1.89
1.84
1.79
1.74
1.64
1.59
1.59
1.54
1.49
1.44
1.39
1.34
1.34
1.34
1.24
1.24
1.24
1.19
1.19
1.14
1.09
1.14
1.09
1.09
1.09
1.04
1.04
1.04
0.99
0.99
0.99
0.99
0.94
0.94
0.94
0.94
0.89
0.89
0.89
0.89
0.89
0.84
0.84
0.84
0.84
0.84
0.84
0.84
0.84
0.79
0.84
0.84
0.79
0.79
0.84
-0.707897 -24.017700 3.032101
