1 180
2.41
2.54
2.59
2.66
2.81
2.91
3.01
3.16
3.31
3.46
3.66
3.86
4.06
4.26
4.61
4.96
5.31
5.66
6.71
6.96
7.96
8.96
8.91
10.66
14.01
14.01
50.00
22.51
20.41
20.01
8.71
6.86
6.86
6.86
6.91
6.91
5.06
4.41
4.31
4.31
50.00
50.00
50.00
2.61
2.41
2.26
2.11
2.01
1.91
1.81
1.71
1.66
1.59
1.54
1.49
1.49
1.54
1.54
1.54
1.59
1.59
1.59
1.59
1.64
1.69
1.69
1.74
1.69
1.74
1.74
1.84
1.79
1.84
1.89
1.94
1.94
1.99
1.99
2.09
2.14
2.14
2.24
2.24
2.26
2.21
2.16
2.16
2.16
2.11
2.11
2.01
2.06
2.11
2.21
2.31
2.36
3.41
3.56
3.71
7.81
7.71
7.66
5.66
7.61
7.61
7.96
8.26
8.21
5.36
5.36
6.11
5.86
7.31
7.31
4.76
7.36
5.66
7.32
8.06
5.16
7.41
7.41
7.46
8.06
8.06
8.06
8.06
8.06
7.41
7.36
7.41
7.41
7.46
7.51
8.26
8.31
8.26
7.86
7.66
7.56
7.51
7.46
7.96
8.76
8.61
8.86
8.96
9.01
9.06
9.21
9.06
4.11
4.01
3.91
3.06
2.76
2.71
2.71
2.81
2.66
2.71
2.61
2.56
3.01
3.01
2.91
2.99
2.89
2.84
2.84
2.79
1.86
1.79
1.84
1.79
1.79
1.59
1.54
1.54
1.54
-38.551701 -7.376780 -3.062688
