1 180
6.22
5.87
5.52
5.22
4.92
4.67
4.42
4.22
4.02
3.87
3.77
3.57
3.42
3.32
3.22
3.12
2.97
2.97
2.87
2.77
2.72
2.62
2.60
2.50
2.45
2.45
2.35
2.30
2.25
2.20
2.20
2.15
2.10
2.10
2.00
2.00
2.00
1.95
1.95
1.90
1.85
1.80
1.80
1.86
1.81
1.78
1.83
1.85
1.95
1.90
1.85
1.87
1.97
2.37
2.52
2.57
2.72
2.72
2.55
2.62
3.27
3.47
3.72
4.62
4.65
4.57
5.17
5.67
6.42
7.22
8.32
9.92
12.12
15.47
21.92
19.92
19.67
19.77
2.58
2.58
2.72
2.72
2.72
2.77
2.97
2.87
2.97
3.02
50.00
4.47
4.22
4.07
3.82
50.00
2.87
2.75
2.67
2.77
2.77
2.62
2.57
2.42
2.37
2.27
2.17
1.92
1.82
1.77
1.77
1.77
1.82
1.82
2.02
2.07
2.12
2.12
2.17
2.17
2.07
2.05
2.12
2.12
2.17
2.12
2.07
2.07
2.02
1.97
1.97
1.92
1.92
1.92
1.87
1.87
1.82
1.82
1.77
1.77
1.72
1.72
1.72
1.67
1.57
1.67
1.67
1.67
1.62
1.67
1.62
1.62
1.57
1.57
1.62
1.57
1.57
1.52
1.52
1.57
1.52
1.52
1.52
1.47
1.47
1.47
1.50
1.45
1.50
1.45
1.50
1.47
1.47
1.47
1.47
1.52
1.50
1.43
1.43
1.53
1.53
1.53
-29.529900 20.919500 0.703693
