1 180
1.19
1.19
1.77
1.87
1.87
1.82
1.87
1.82
1.87
1.87
1.82
1.87
1.87
1.87
1.87
1.92
1.87
1.92
1.94
1.94
1.94
1.94
1.99
1.99
1.99
1.99
1.99
2.04
2.04
2.04
2.09
2.09
2.14
2.14
2.19
2.19
2.19
2.24
2.29
2.29
2.34
2.39
2.44
2.44
2.49
2.49
2.54
2.59
2.64
2.74
2.79
2.84
2.86
2.91
2.96
3.06
3.11
3.21
3.31
3.41
3.51
3.61
3.76
3.86
3.96
4.11
4.26
4.41
4.56
4.76
5.01
5.26
5.46
5.76
6.11
6.46
6.81
7.26
7.76
8.41
8.41
8.41
8.36
8.61
9.16
17.36
17.41
17.36
33.41
19.81
37.91
28.86
26.56
35.41
28.71
17.41
17.41
8.16
9.26
7.91
7.76
7.66
8.01
8.01
7.76
7.11
6.66
6.26
5.91
5.61
5.31
5.01
4.76
4.56
4.36
4.21
4.01
3.91
3.76
3.61
3.51
2.31
2.26
2.24
2.31
3.01
2.94
2.86
2.16
2.14
2.11
2.16
2.59
2.54
2.49
2.39
2.39
2.34
2.29
2.24
2.19
2.19
2.19
2.14
2.09
2.09
2.04
2.04
1.99
1.94
1.94
1.94
1.94
1.89
1.84
1.84
1.84
1.84
1.79
1.79
1.74
1.82
1.74
1.77
1.77
1.72
1.77
1.72
1.72
1.72
1.67
1.67
1.72
1.67
1.72
1.67
1.67
1.67
1.67
1.67
-32.777298 -3.972120 0.549403
