1 180
1.57
1.57
1.57
1.57
1.57
1.57
1.57
1.57
1.57
1.57
1.62
1.62
1.62
1.57
1.62
1.62
1.62
1.62
1.67
1.64
1.64
1.64
1.72
1.69
1.74
1.74
1.77
1.77
1.79
1.79
1.79
1.84
1.84
1.84
1.89
1.89
1.94
1.99
1.99
1.99
2.04
2.09
2.09
2.14
2.19
2.24
2.24
2.34
2.34
2.39
2.49
2.54
2.59
2.61
2.66
2.76
2.81
2.86
3.01
3.06
3.16
3.26
3.36
3.51
3.66
3.81
3.96
4.06
4.26
4.46
4.76
5.01
5.26
5.56
5.91
6.31
6.71
8.51
8.46
8.61
9.46
9.61
9.56
11.71
15.01
13.71
15.01
15.06
15.71
15.11
15.31
6.46
6.51
7.81
8.01
8.06
15.86
10.31
9.86
6.51
6.46
9.56
6.46
6.51
8.61
8.66
6.71
6.46
6.11
5.81
5.56
5.31
5.11
4.86
4.66
4.51
4.31
4.16
4.06
3.91
3.81
3.71
3.61
3.51
3.36
3.31
3.26
3.16
3.06
3.01
2.99
2.91
2.89
2.84
2.79
2.74
2.69
2.59
2.59
2.54
2.54
2.49
2.44
2.44
2.39
2.34
2.29
2.29
2.24
2.24
2.19
2.19
2.14
2.14
2.14
2.14
2.09
2.09
2.09
2.09
2.04
2.04
2.04
1.99
2.04
1.99
1.94
1.97
1.94
2.02
1.94
1.97
1.97
1.97
1.97
1.92
1.92
1.97
1.97
1.92
-32.018002 -3.020990 -2.551732
