1 180
2.49
2.49
2.39
2.34
2.29
2.29
2.24
2.24
2.19
2.14
2.14
2.09
2.09
2.04
2.04
2.04
1.99
1.94
1.94
1.94
1.94
1.89
1.89
1.89
1.89
1.84
1.84
1.87
1.82
1.84
1.82
1.82
1.79
1.82
1.77
1.77
1.77
1.77
1.77
1.77
1.77
1.77
1.72
1.77
1.77
1.77
1.77
1.72
1.72
1.77
1.74
1.77
1.77
1.74
1.74
1.77
1.79
1.77
1.79
1.79
1.79
1.79
1.84
1.79
1.84
1.89
1.84
1.84
1.89
1.92
1.92
1.91
5.86
5.61
5.46
5.31
5.16
5.21
5.61
5.71
50.00
50.00
6.06
6.06
5.96
5.86
5.81
5.61
3.91
3.76
3.71
3.66
3.61
3.56
3.46
3.41
3.39
3.31
3.31
3.29
3.24
3.16
3.21
3.31
3.41
3.51
3.66
3.76
3.86
4.06
4.16
3.96
3.91
4.01
4.21
7.86
7.81
7.76
7.66
7.76
7.61
7.56
7.56
7.56
7.51
7.41
7.36
5.41
4.96
5.06
4.76
5.76
5.76
6.01
8.16
8.16
6.06
7.06
7.06
5.31
5.71
7.16
5.06
5.21
5.21
5.21
5.61
10.41
6.06
5.81
5.66
7.21
6.86
6.51
6.21
5.91
4.76
3.86
3.76
2.71
2.66
2.56
2.46
2.51
2.56
3.41
3.36
3.26
3.16
3.24
3.29
3.31
3.34
3.36
3.41
3.56
3.96
4.01
4.06
8.11
-1.855250 0.153840 -0.804468
