1 180
0.36
0.41
0.41
0.41
0.41
0.41
0.41
0.41
0.46
0.46
0.46
0.46
0.46
0.46
0.51
0.46
0.46
0.46
0.51
0.51
0.46
0.49
0.49
0.51
0.51
0.61
0.56
0.56
0.56
0.56
0.61
0.61
0.61
0.61
0.66
0.66
0.61
0.61
0.66
0.66
0.66
0.66
0.66
0.66
0.71
0.66
0.71
0.81
0.81
0.81
0.81
0.86
0.86
0.91
0.96
0.91
1.01
1.06
1.11
1.11
1.16
1.21
1.26
1.36
1.41
1.51
1.56
1.66
1.81
1.81
2.06
2.31
2.51
2.81
3.11
3.56
5.06
5.06
5.11
7.31
11.41
11.25
11.31
13.61
13.66
13.66
13.71
11.61
6.71
5.86
5.21
4.61
4.11
3.81
3.46
3.16
2.96
2.91
3.01
3.01
3.06
3.11
3.11
2.01
2.01
1.86
1.81
1.71
1.71
1.66
1.56
1.56
1.51
1.46
1.41
1.36
1.36
1.31
1.26
1.26
1.21
1.24
1.21
1.21
1.11
1.11
1.11
1.11
1.06
1.06
1.06
1.06
1.01
0.99
1.01
1.01
0.96
0.91
0.91
0.96
0.91
0.91
0.91
0.91
0.91
0.91
0.91
0.86
0.81
0.84
0.86
0.86
0.86
0.86
0.81
0.81
0.76
0.81
0.81
0.76
0.81
0.79
0.74
0.74
0.74
0.79
0.77
0.77
0.74
0.74
0.80
0.75
0.77
0.72
0.74
0.74
0.74
0.71
0.71
0.76
-44.165298 2.978610 2.005565
