1 180
0.64
0.67
0.67
0.67
0.64
0.67
0.64
0.67
0.64
0.64
0.64
0.69
0.64
0.64
0.64
0.69
0.69
0.69
0.64
0.69
0.69
0.69
0.69
0.69
0.69
0.74
0.69
0.74
0.74
0.74
0.74
0.74
0.79
0.79
0.74
0.79
0.79
0.79
0.84
0.81
0.86
0.94
0.99
0.99
1.04
1.04
1.04
1.09
1.09
1.09
1.14
1.19
1.19
1.19
1.24
1.29
1.34
1.34
1.39
1.44
1.49
1.54
1.59
1.64
1.59
1.61
1.61
1.64
1.74
1.81
1.91
1.96
2.36
2.51
2.66
2.81
2.94
2.94
3.06
3.31
3.66
4.01
4.46
5.06
12.01
11.96
12.06
8.66
7.26
7.06
7.06
7.06
7.16
7.31
9.66
7.96
7.16
7.21
7.21
7.06
7.06
7.06
5.71
5.26
4.86
4.56
4.26
3.96
3.76
3.61
3.41
3.26
3.11
3.16
3.06
2.91
2.81
2.66
2.66
2.56
2.26
2.24
2.19
2.11
2.09
2.11
2.09
2.04
1.99
1.94
1.94
1.89
1.84
1.79
1.74
1.74
1.69
1.64
1.64
1.59
1.59
1.54
1.54
1.54
1.41
1.34
1.34
1.34
1.34
1.29
1.34
1.29
1.24
1.24
1.24
1.24
1.19
1.19
1.19
1.19
1.19
1.19
1.19
1.17
1.22
1.17
1.14
1.17
1.17
1.17
1.12
1.12
1.12
1.17
1.12
1.12
1.12
1.12
1.17
1.12
-18.516500 27.180300 0.551521
