1 180
0.59
0.64
0.59
0.59
0.59
0.59
0.54
0.59
0.54
0.59
0.59
0.59
0.59
0.59
0.54
0.54
0.54
0.54
0.59
0.59
0.54
0.59
0.54
0.57
0.59
0.54
0.59
0.54
0.54
0.54
0.57
0.54
0.54
0.59
0.59
0.59
0.59
0.59
0.59
0.59
0.59
0.59
0.59
0.59
0.64
0.64
0.64
0.64
0.64
0.64
0.64
0.64
0.69
0.69
0.69
0.69
0.69
0.74
0.74
0.71
0.66
0.66
0.66
0.69
0.69
0.66
0.71
0.76
0.71
0.77
0.71
0.76
0.71
0.76
0.76
0.81
0.81
0.81
1.11
1.16
1.21
1.21
1.31
1.31
1.36
1.41
1.51
1.51
1.61
1.46
1.42
1.51
1.96
2.06
2.21
2.36
2.76
5.21
5.11
5.06
5.06
5.06
5.07
5.36
6.36
6.86
7.66
18.86
24.86
27.21
24.96
24.96
7.81
8.21
9.81
9.86
9.91
10.21
5.81
5.26
4.81
4.46
3.91
3.86
3.61
3.41
3.21
3.01
2.91
2.76
2.66
2.51
2.46
2.31
2.19
2.16
2.36
2.36
2.41
2.41
2.46
2.46
2.46
2.51
0.71
0.71
0.66
0.66
0.61
0.64
0.61
0.56
0.56
0.61
0.66
1.06
1.76
1.01
1.11
1.71
1.66
1.61
1.56
1.51
1.46
1.46
1.26
1.31
1.31
1.31
1.41
1.46
1.51
1.41
1.31
1.31
1.26
1.24
1.24
1.24
-14.376200 -25.046999 2.930372
