1 180
0.82
0.82
0.79
0.79
0.84
0.79
0.84
0.86
0.81
0.86
0.81
0.86
0.86
0.86
0.86
0.91
0.89
0.89
0.91
0.96
0.96
0.96
0.96
1.01
1.01
1.01
1.01
1.01
1.06
1.06
1.06
1.06
0.99
1.06
1.11
1.06
1.11
1.16
1.21
1.21
1.21
1.21
1.26
1.24
1.26
1.31
1.36
1.36
1.41
1.46
1.46
1.46
1.51
1.61
1.66
1.71
1.71
1.71
1.76
1.86
1.94
1.89
1.89
1.89
1.89
1.84
1.84
1.84
1.84
1.79
1.79
1.79
1.79
1.74
1.77
1.77
1.77
1.74
1.96
2.21
2.51
7.76
7.76
7.71
7.71
7.76
8.96
8.86
8.81
5.91
5.91
5.71
7.91
7.91
7.96
7.96
8.01
8.01
8.01
4.81
4.76
5.21
5.76
5.41
5.16
4.81
4.56
4.31
4.21
3.96
3.81
3.66
3.56
3.41
3.31
3.16
3.06
3.11
3.01
2.86
2.91
2.96
2.96
1.96
1.91
1.86
1.86
1.86
1.81
1.76
1.71
1.76
1.66
1.66
1.61
1.61
1.56
1.56
1.51
1.46
1.51
1.51
1.46
1.46
1.46
1.46
1.41
1.41
1.41
1.31
1.36
1.36
1.31
1.31
1.31
1.31
1.31
1.26
1.26
1.26
1.26
1.26
1.21
1.21
1.21
1.21
1.16
1.19
1.19
1.19
1.19
1.22
1.22
1.17
1.17
1.17
1.22
1.17
1.19
1.19
-31.641899 -27.605600 -2.856482
