1 180
0.61
0.61
0.61
0.61
0.61
0.56
0.59
0.47
0.52
0.50
0.52
0.52
0.52
0.52
0.52
0.52
0.52
0.50
0.50
0.50
0.50
0.50
0.47
0.52
0.54
0.54
0.54
0.54
0.56
0.54
0.59
0.54
0.59
0.59
0.64
0.59
0.59
0.69
0.69
0.74
0.74
0.69
0.74
0.74
0.74
0.79
0.79
0.79
0.79
0.79
0.84
0.84
0.84
0.84
0.89
0.89
0.89
0.89
0.89
0.94
0.99
0.99
0.99
1.04
1.09
1.14
1.14
1.14
1.19
1.24
1.24
1.26
2.29
2.24
2.24
2.19
2.19
2.14
2.19
2.16
2.19
2.14
2.14
2.14
2.21
2.31
2.51
2.71
2.91
3.11
3.41
3.76
4.21
4.66
5.36
6.21
7.41
9.21
12.06
19.36
17.26
17.26
19.46
17.31
17.31
15.31
12.21
10.41
9.06
8.21
7.16
6.51
5.96
5.51
5.11
4.71
4.66
4.66
50.00
50.00
50.00
50.00
3.41
3.51
3.26
3.21
3.01
2.96
2.76
2.71
2.61
2.61
2.41
2.36
2.31
2.26
2.21
2.11
2.16
2.11
2.06
2.01
1.96
1.96
1.86
1.86
1.86
1.81
1.76
1.76
1.71
1.71
1.66
1.61
0.46
0.46
0.41
0.41
0.41
0.36
0.36
0.36
0.36
0.36
0.36
0.36
0.36
0.36
0.31
0.36
0.36
0.31
0.36
0.41
0.46
1.36
1.21
1.31
1.16
1.16
-27.215500 21.878899 0.325574
