1 180
3.76
3.86
3.96
4.01
4.11
4.16
4.26
4.36
4.36
4.46
4.61
4.71
4.86
5.01
5.11
2.61
2.46
2.46
2.41
2.41
2.41
2.41
2.46
2.46
2.76
2.76
3.31
3.31
3.66
5.31
5.31
0.86
2.86
0.96
0.51
0.51
0.86
0.76
0.76
0.71
0.71
0.61
0.61
0.56
0.47
0.44
0.42
0.49
0.59
0.61
0.66
0.66
0.71
0.71
0.76
0.81
0.76
0.76
2.16
1.91
1.86
1.61
1.61
1.51
1.46
1.41
1.31
1.31
1.21
1.16
1.16
1.11
1.06
1.01
1.11
1.11
0.81
0.76
0.76
0.56
0.61
0.66
0.81
0.86
0.86
0.81
0.86
0.86
0.91
0.91
0.86
0.71
0.76
0.76
0.71
0.61
0.61
0.61
0.59
0.56
0.64
0.64
0.61
0.61
0.66
0.71
0.66
0.71
0.71
0.86
0.91
0.91
0.96
0.96
0.91
0.91
0.91
0.76
0.81
0.81
0.76
0.71
0.71
0.76
0.71
0.71
0.66
0.66
0.66
0.66
0.61
0.61
0.66
0.61
0.61
0.54
0.59
0.61
0.66
0.61
0.61
0.61
0.66
0.61
0.66
0.66
0.66
0.61
0.66
0.66
0.71
0.76
0.76
0.76
0.76
0.86
0.71
0.91
1.01
1.11
3.96
3.96
4.06
0.81
0.71
0.71
4.16
4.16
4.21
4.31
4.36
4.46
4.46
4.51
4.56
4.61
50.00
4.76
4.71
4.56
-48.375401 13.189100 2.685297
