1 180
1.83
1.93
2.03
2.08
2.70
5.80
5.80
5.70
5.75
5.70
3.35
5.65
4.30
4.50
4.50
4.45
5.40
5.60
6.55
9.15
9.10
11.75
14.05
23.10
25.85
1.85
1.73
1.63
1.68
1.73
1.80
9.40
8.05
7.20
1.68
1.68
1.68
1.68
1.68
1.80
3.90
3.65
3.40
3.25
3.05
2.95
2.80
2.65
2.50
2.45
2.40
2.30
2.20
2.13
2.08
2.03
1.93
1.55
1.55
1.58
1.58
1.58
1.55
1.48
1.53
1.53
1.53
1.98
1.98
2.03
2.08
2.13
2.18
2.18
2.23
2.33
2.33
2.38
2.43
2.48
2.58
2.63
2.65
2.75
2.85
2.95
3.00
3.10
3.25
3.30
3.50
3.60
3.75
3.90
4.10
4.30
4.45
4.75
5.00
5.30
5.65
6.00
6.45
7.00
7.60
10.15
11.20
12.58
12.90
13.20
13.00
13.20
22.05
22.10
50.00
43.65
47.30
50.00
40.10
22.20
12.65
12.55
12.40
12.35
12.45
11.70
10.75
9.80
9.05
8.45
7.90
7.40
7.00
6.55
6.30
6.00
5.75
5.45
5.25
5.00
4.85
4.70
4.50
4.30
4.20
4.05
3.90
3.85
3.70
3.60
3.55
3.50
3.40
3.25
3.20
3.10
3.05
3.00
2.98
2.93
2.88
2.83
2.78
2.73
2.68
2.63
2.63
2.53
2.53
2.53
2.43
2.43
2.43
2.38
2.38
2.33
2.33
2.31
2.26
2.23
-4.980100 13.349500 3.136758
