1 180
0.67
0.72
0.72
0.72
0.69
0.72
0.69
0.69
0.69
0.74
0.74
0.74
0.74
0.69
0.69
0.74
0.74
0.74
0.74
0.74
0.79
0.79
0.79
0.74
0.79
0.79
0.79
0.84
0.84
0.84
0.84
0.89
0.84
0.89
0.89
0.89
0.94
0.94
0.94
0.99
0.94
0.99
0.99
0.99
1.04
1.04
1.09
1.09
1.14
1.19
1.19
1.24
1.24
1.29
1.29
1.39
1.44
1.49
1.54
1.54
1.64
1.69
1.74
1.84
1.86
1.96
2.11
2.16
2.26
2.41
2.56
2.76
2.96
3.16
3.36
4.26
4.29
4.56
5.69
5.76
6.86
8.11
11.86
11.91
10.11
9.96
9.86
9.91
11.56
9.96
10.01
10.01
9.86
8.46
7.51
6.76
6.16
5.81
5.56
4.71
4.71
4.56
4.21
3.66
3.46
3.31
3.16
3.01
2.91
2.71
2.66
2.56
2.46
2.36
2.31
2.24
2.16
2.09
2.04
1.99
1.94
1.89
1.84
1.79
1.74
1.74
1.69
1.64
1.64
1.59
1.54
1.49
1.49
1.49
1.44
1.49
1.39
1.39
1.36
1.39
1.44
1.44
1.39
1.39
1.39
1.39
1.29
1.34
1.29
1.29
1.29
1.29
1.29
1.24
1.24
1.24
1.24
1.19
1.24
1.19
1.19
1.19
1.19
1.22
1.22
1.22
1.22
1.17
1.17
1.22
1.22
1.17
1.17
1.17
1.17
1.17
1.17
1.22
1.17
1.10
-20.931700 25.687901 0.611633
