1 180
3.36
3.49
3.51
3.51
3.56
3.66
3.71
3.71
3.81
3.91
3.96
4.01
4.06
3.96
3.96
4.01
4.06
4.06
4.11
4.21
11.11
10.66
10.31
9.91
9.61
9.26
9.01
8.76
8.51
8.31
7.21
6.86
6.71
6.51
6.36
6.21
6.06
5.91
5.86
5.71
5.66
5.56
5.51
5.61
5.71
5.86
6.01
6.01
6.06
6.11
6.16
6.21
6.21
6.26
6.31
6.31
6.36
6.41
6.41
6.46
6.46
6.51
6.51
6.56
6.61
6.61
6.61
6.61
6.66
6.71
6.71
6.71
6.71
6.66
6.71
8.36
9.01
10.06
11.26
12.71
14.86
17.61
24.56
27.21
27.16
27.11
27.16
27.16
27.16
18.31
17.11
10.56
9.26
6.56
6.61
6.56
6.56
6.51
6.51
6.46
6.46
6.41
6.36
6.36
6.31
6.31
6.26
6.16
6.16
6.11
6.06
6.06
6.01
5.91
5.96
5.86
5.81
5.76
5.71
5.66
5.61
5.56
5.41
5.26
5.16
5.01
5.06
5.16
5.26
5.26
5.36
5.46
5.61
5.71
5.81
5.91
6.06
6.21
6.31
6.46
6.56
6.91
7.26
6.41
6.76
8.66
8.91
9.21
9.41
9.81
3.51
3.51
3.44
3.44
3.39
3.39
3.39
3.39
3.41
3.36
3.31
3.21
3.21
3.14
3.09
3.04
2.99
2.94
2.84
2.79
2.79
2.69
2.69
2.64
2.59
2.54
2.54
2.44
2.44
2.34
-22.638899 6.668100 -0.785681
