1 180
1.93
1.93
1.93
1.93
1.93
1.93
1.98
1.93
1.95
1.90
1.95
1.95
2.00
2.05
2.05
2.05
2.05
2.05
2.00
2.05
2.05
2.08
2.00
2.03
2.03
2.03
2.03
2.03
2.03
2.03
2.00
2.00
2.00
2.03
2.03
2.03
2.03
2.03
2.03
2.03
2.00
2.00
2.03
2.03
2.03
2.00
2.05
2.08
2.00
2.05
2.05
2.00
2.05
2.05
2.10
2.05
2.10
2.10
2.10
2.10
2.10
2.10
2.15
2.15
2.20
2.15
2.20
2.20
2.25
2.20
2.25
2.25
2.25
2.25
2.30
2.30
2.30
2.30
2.35
2.35
2.35
1.07
0.90
0.85
0.85
0.85
0.85
0.85
0.90
0.85
0.90
0.95
2.65
2.65
2.62
2.65
2.65
2.75
15.22
0.87
0.80
0.80
0.75
0.80
0.75
0.75
0.75
0.75
0.80
0.82
7.47
7.17
6.97
6.62
6.42
6.22
6.02
5.82
5.67
5.52
5.32
5.22
5.07
4.92
4.87
4.72
4.62
4.52
4.42
4.07
3.97
3.92
3.82
3.77
3.82
3.87
3.92
3.97
4.02
4.02
4.07
4.12
4.17
4.22
4.22
4.32
4.32
4.32
4.37
4.42
4.47
4.52
4.52
4.57
4.57
4.67
4.67
2.57
2.52
2.57
2.62
2.42
2.32
2.32
2.37
5.02
5.02
5.07
5.12
5.17
5.17
5.22
5.07
5.07
5.07
5.07
5.10
5.12
7.12
29.82
-20.433001 5.736530 2.149109
