1 180
3.66
3.76
3.86
3.96
2.66
2.61
2.71
4.41
4.61
4.76
4.91
2.76
2.71
2.76
5.81
6.06
6.36
6.71
7.01
7.41
7.81
8.36
8.96
9.61
10.36
11.11
12.51
13.76
14.96
14.96
15.21
24.06
24.01
50.00
44.71
33.96
50.00
50.00
14.71
14.36
14.26
14.56
12.41
10.76
9.21
8.46
7.71
7.01
6.41
5.91
5.61
5.21
4.91
4.66
4.36
4.16
3.91
3.76
3.61
3.46
3.31
3.21
3.06
2.96
2.86
2.71
2.71
2.61
2.51
2.46
2.44
1.94
1.89
1.86
1.79
1.79
1.79
1.81
1.99
1.99
1.99
1.89
1.84
1.84
1.79
1.79
1.77
1.72
1.74
1.74
1.84
1.84
1.94
1.99
1.99
2.09
2.19
2.21
2.26
2.36
2.41
2.51
2.61
2.71
2.86
2.91
3.06
3.26
3.46
3.61
3.81
4.01
4.31
4.61
5.01
5.41
5.86
6.91
7.16
8.91
8.91
50.00
10.66
13.96
50.00
22.51
20.16
20.11
8.71
6.96
6.81
6.86
6.86
6.91
5.46
4.91
4.46
4.26
4.31
50.00
50.00
50.00
4.91
2.56
2.41
2.26
2.16
2.06
1.96
1.86
1.76
1.74
1.69
1.64
1.59
1.54
1.54
1.54
1.54
1.59
1.59
1.59
1.64
1.64
1.64
1.69
1.74
1.74
1.74
1.84
1.84
1.84
1.89
1.94
1.94
2.04
2.04
2.09
2.14
2.19
-38.556103 -7.375410 1.514358
