1 180
1.07
1.02
1.02
1.02
1.07
1.02
1.02
1.07
1.02
1.07
1.07
1.07
1.02
1.07
1.17
1.17
1.12
1.07
1.02
0.97
0.92
0.90
0.90
0.90
0.95
1.00
0.95
0.95
1.00
0.95
1.05
1.05
1.05
1.12
1.10
1.10
1.05
1.10
1.10
1.10
1.15
1.15
1.15
1.15
1.20
1.20
1.25
1.30
1.30
1.35
1.35
1.35
1.40
1.45
1.45
1.50
1.55
1.60
1.65
1.65
1.75
1.80
1.85
1.95
1.92
2.02
2.22
2.32
8.37
8.47
8.57
8.67
8.72
8.82
8.97
8.97
9.12
9.17
9.17
9.27
9.32
9.37
9.27
9.22
9.22
9.82
11.27
28.02
34.27
30.77
34.27
34.27
34.12
27.12
26.97
50.00
18.47
16.22
9.72
9.32
9.32
9.37
9.52
9.47
9.37
9.37
9.27
9.22
9.12
9.12
9.02
8.97
8.82
8.77
8.67
8.62
8.52
8.37
8.32
8.12
8.02
7.92
7.97
8.07
2.52
2.42
2.37
2.35
2.25
2.20
2.20
2.15
2.15
2.05
2.05
2.05
1.95
1.95
1.90
1.90
1.85
1.80
1.85
1.75
1.75
1.75
1.70
1.70
1.70
1.65
1.60
1.65
1.60
1.60
1.60
1.55
1.60
1.60
1.57
1.55
1.55
1.50
1.50
1.53
1.53
1.50
1.48
1.48
1.47
1.62
1.47
2.02
2.08
2.08
2.08
1.55
1.45
1.40
1.40
1.35
-16.408600 7.175130 -2.619629
