1 180
1.41
1.56
1.71
1.81
2.01
2.21
2.46
2.81
3.16
3.71
4.46
5.66
7.79
11.21
15.41
39.86
22.61
15.36
50.00
16.96
14.81
12.76
10.71
9.66
8.66
7.86
7.21
6.66
6.16
5.76
5.51
5.41
5.06
4.56
4.36
4.36
4.21
4.01
3.81
3.41
3.36
3.26
3.11
3.06
2.91
2.81
2.71
2.66
2.59
2.54
2.49
2.44
2.39
2.29
2.24
2.19
2.14
2.09
2.09
2.04
2.04
1.99
1.94
1.89
1.89
1.84
1.84
1.84
1.79
1.74
1.74
1.74
1.69
1.69
1.64
1.64
1.64
1.59
1.59
1.54
1.57
1.59
1.54
1.54
1.61
1.66
1.76
1.81
1.91
2.06
2.21
2.36
2.56
2.76
3.06
3.36
3.76
4.21
4.76
5.56
6.71
7.16
7.16
7.11
7.11
7.16
7.11
7.16
7.16
7.16
7.16
7.16
7.16
7.21
7.21
7.26
6.36
6.31
5.96
5.76
5.71
5.76
5.81
5.76
5.41
3.81
3.76
3.71
3.76
3.26
3.16
2.81
2.66
2.69
2.69
2.71
2.66
2.61
2.51
2.41
2.41
2.36
2.24
2.22
2.14
1.56
1.56
1.51
1.51
1.46
1.46
1.41
1.41
1.36
1.36
1.31
1.26
1.26
1.26
1.21
1.26
1.21
1.21
1.16
1.14
1.16
1.16
1.16
1.16
1.16
1.16
1.11
1.11
1.06
1.11
1.11
1.06
1.01
1.01
1.01
0.691292 -23.252901 -1.749033
