1 180
1.92
1.92
1.92
1.92
1.92
1.92
1.92
1.97
1.97
1.94
1.97
1.94
1.94
2.02
2.04
2.04
2.04
2.07
2.04
2.04
2.04
1.99
2.02
2.04
2.02
1.99
2.07
2.02
2.02
2.02
2.02
2.02
1.99
1.99
1.97
2.02
2.02
2.02
2.02
1.99
2.02
2.02
2.04
2.04
2.07
2.07
2.04
1.99
2.04
2.04
2.04
2.04
2.09
2.04
2.04
2.09
2.09
2.09
2.09
2.09
2.14
2.14
2.14
2.14
2.14
2.19
2.14
2.19
2.24
2.24
2.24
2.24
2.24
2.24
2.24
2.29
2.29
2.29
2.34
2.34
2.39
2.39
2.44
2.44
2.44
2.49
2.49
2.49
2.54
2.54
2.54
2.59
2.59
2.64
2.56
2.64
2.69
2.69
15.16
14.01
12.91
12.01
11.16
10.91
9.91
9.41
8.91
6.66
6.71
7.76
7.46
7.16
6.91
6.61
6.41
6.21
6.01
5.81
5.66
5.51
5.36
5.16
5.11
4.96
4.81
4.71
4.61
4.51
4.41
4.06
4.01
3.91
3.81
3.81
3.86
3.81
3.91
3.96
3.96
4.01
4.06
4.11
4.16
4.21
4.26
4.26
4.31
4.36
4.36
4.41
4.46
4.46
4.51
4.56
4.61
4.66
4.66
4.71
4.76
4.81
4.81
4.86
4.91
4.91
4.96
2.16
1.84
1.64
1.54
1.54
1.49
1.49
1.56
5.11
5.06
5.06
5.09
5.11
7.11
29.76
-20.433001 5.736530 2.149109
