1 180
3.37
3.47
3.47
3.52
3.57
3.67
3.72
3.77
3.82
3.87
3.97
4.07
4.07
3.97
4.02
4.02
4.07
4.07
4.12
4.22
11.12
10.67
10.27
9.92
6.62
6.62
6.72
8.77
8.52
8.32
7.22
6.87
6.77
6.52
6.37
6.22
6.07
5.92
5.87
5.72
5.67
5.52
5.52
5.62
5.72
5.87
5.97
6.07
6.07
6.12
6.17
6.17
6.22
6.27
6.27
6.32
6.37
6.42
6.47
6.47
6.47
6.52
6.52
6.57
6.57
6.62
6.62
6.62
6.67
6.67
6.72
6.67
6.72
6.72
6.72
8.32
9.07
10.07
11.27
12.77
14.87
17.67
24.62
27.22
27.17
27.12
22.57
27.17
27.17
21.57
17.12
10.57
9.22
6.62
6.57
6.57
6.57
6.52
6.47
6.47
6.47
6.37
6.37
6.37
6.32
6.27
6.22
6.17
6.17
6.12
6.07
6.02
6.02
5.97
5.92
5.87
5.82
5.77
5.72
5.72
5.62
5.57
5.42
5.32
5.12
5.02
5.07
5.12
5.27
5.27
4.82
4.82
4.82
5.67
5.82
5.92
4.92
4.87
4.92
6.52
6.57
6.92
7.32
6.47
6.77
8.62
8.92
9.22
9.47
9.82
3.52
3.47
3.50
3.45
3.45
3.40
3.35
3.40
3.47
3.37
3.27
3.22
3.20
3.15
3.05
3.05
3.00
2.95
2.85
2.80
2.80
2.75
2.65
2.65
2.60
2.55
2.55
2.40
2.40
2.35
-22.638899 6.668100 -0.785681
