1 180
1.22
1.17
1.22
1.22
1.22
1.22
1.22
1.22
1.22
1.22
1.22
1.27
1.22
1.19
1.22
1.24
1.27
1.27
1.24
1.27
1.29
1.29
1.32
1.37
1.32
1.37
1.37
1.42
1.39
1.39
1.39
1.39
1.44
1.44
1.44
1.49
1.49
1.54
1.59
1.59
1.59
1.64
1.69
1.69
1.69
1.74
1.84
1.84
1.89
1.94
1.99
1.99
2.09
2.09
2.19
2.24
2.29
2.34
2.41
2.51
2.61
2.71
2.76
2.91
3.01
3.11
3.26
3.46
3.61
4.11
4.36
4.51
4.51
4.86
5.21
5.61
6.06
6.66
7.36
8.21
9.36
10.86
11.01
18.81
18.86
50.00
39.46
39.46
39.51
39.51
29.51
18.86
18.86
18.71
11.01
10.06
8.96
7.96
7.41
6.76
6.16
5.86
5.46
5.11
4.81
4.56
4.31
4.11
3.91
3.76
3.61
3.41
3.31
3.21
3.06
2.96
2.86
2.76
2.66
2.61
2.56
2.51
2.44
2.34
2.29
2.24
2.19
2.14
2.14
2.14
2.04
1.99
1.99
1.94
1.89
1.84
1.84
1.79
1.79
1.74
1.69
1.69
1.69
1.64
1.64
1.64
1.59
1.59
1.59
1.54
1.54
1.54
1.49
1.49
1.49
1.52
1.49
1.49
1.47
1.44
1.44
1.42
1.42
1.42
1.42
0.91
0.86
0.89
0.89
0.89
0.89
0.89
0.86
0.91
0.96
1.01
1.06
1.37
1.37
1.37
-31.103500 15.875899 -0.845373
