1 180
0.44
0.44
0.49
0.41
0.46
0.46
0.46
0.46
0.46
0.46
0.46
0.46
0.46
0.51
0.51
0.51
0.46
0.56
0.56
0.51
0.51
0.56
0.56
0.56
0.56
0.61
0.56
0.51
0.51
0.56
0.61
0.61
0.61
0.66
0.66
0.66
0.66
0.66
0.66
0.61
0.71
0.66
0.71
0.71
0.76
0.76
0.76
0.76
0.76
0.81
0.86
0.86
0.91
0.91
0.96
0.96
1.01
1.06
1.06
1.11
1.16
1.21
1.26
1.31
1.41
1.51
1.56
1.56
1.66
1.76
1.96
2.06
2.26
2.46
2.76
3.06
3.46
4.86
4.89
4.91
6.71
12.71
11.21
11.11
11.11
13.41
13.41
13.41
13.21
11.11
6.16
5.41
4.81
4.36
3.91
3.56
3.21
3.01
2.76
2.66
2.81
2.81
2.81
2.81
2.86
2.91
2.91
1.71
1.71
1.66
1.56
1.56
1.46
1.51
1.46
1.41
1.41
1.36
1.26
1.24
1.21
1.26
1.21
1.16
1.11
1.11
1.11
1.11
1.06
1.01
1.04
1.01
1.01
0.96
0.96
1.01
0.96
0.96
0.96
0.96
0.96
0.91
0.91
0.91
0.86
0.84
0.81
0.86
0.86
0.86
0.81
0.86
0.81
0.86
0.81
0.81
0.81
0.81
0.76
0.76
0.76
0.76
0.71
0.71
0.71
0.71
0.74
0.74
0.74
0.69
0.72
0.72
0.72
0.72
0.72
0.77
0.74
0.69
0.74
0.71
-44.266800 3.189050 1.983499
