1 180
2.91
2.94
3.04
3.06
3.16
3.26
3.31
3.41
3.46
3.56
3.61
3.71
3.81
3.81
3.91
4.01
4.06
4.16
4.06
4.11
4.16
4.16
4.21
4.26
4.31
10.11
9.76
9.51
9.21
8.96
8.71
8.56
8.36
7.36
7.01
6.86
6.71
6.56
6.46
6.31
6.21
6.11
6.01
5.91
5.81
5.86
6.01
6.16
6.36
6.36
6.41
6.46
6.51
6.56
6.61
6.66
6.66
6.76
6.81
6.81
6.86
6.86
6.86
6.96
6.96
6.96
7.01
7.01
7.06
7.11
7.11
7.11
7.16
7.11
7.11
7.46
9.31
10.56
11.91
13.66
16.26
19.16
24.96
27.71
27.61
27.56
27.61
27.66
22.01
17.61
12.36
10.06
7.06
7.01
7.01
6.96
6.96
6.96
6.86
6.86
6.86
6.76
6.76
6.76
6.71
6.66
6.61
6.56
6.51
6.46
6.41
6.36
6.31
6.26
6.26
6.16
6.11
6.01
5.96
5.81
5.61
5.51
5.41
5.46
5.56
5.56
5.66
5.81
5.86
5.96
6.06
6.21
6.31
6.46
6.61
6.81
6.81
7.16
7.36
6.71
6.91
8.66
8.86
9.16
3.76
3.71
3.61
3.61
3.56
3.54
3.56
3.61
3.51
3.46
3.36
3.26
3.21
3.11
3.01
2.96
2.91
2.81
2.76
2.71
2.64
2.59
2.54
2.49
2.44
2.34
2.34
2.24
2.19
2.14
2.09
2.04
1.94
1.94
1.89
1.79
-22.969200 7.000400 -0.778535
