1 180
0.87
0.92
0.89
0.87
0.87
0.89
0.87
0.89
0.89
0.84
0.89
0.84
0.89
0.89
0.89
0.89
0.89
0.89
0.89
0.94
0.94
0.94
0.94
0.94
0.94
0.94
0.99
0.99
0.99
0.99
0.99
1.04
1.04
1.06
1.04
1.06
1.09
1.14
1.09
1.19
1.19
1.19
1.19
1.19
1.24
1.29
1.29
1.34
1.34
1.39
1.39
1.44
1.44
1.54
1.54
1.59
1.64
1.69
1.74
1.76
1.84
1.89
1.96
2.01
2.06
2.16
2.31
2.36
2.51
2.59
2.71
2.86
3.06
3.56
3.76
3.94
3.91
4.36
4.71
5.16
5.71
6.36
7.26
8.66
10.01
12.41
16.21
19.16
24.86
24.81
24.76
24.81
23.91
12.01
9.91
8.51
7.36
6.46
5.76
5.21
4.76
4.66
4.51
3.96
3.51
3.51
3.46
3.31
3.11
2.91
2.51
2.46
2.36
2.21
2.16
2.09
2.01
1.99
1.89
1.89
1.79
1.74
1.69
1.64
1.59
1.54
1.49
1.49
1.49
1.44
1.34
1.34
1.29
1.29
1.29
1.24
1.24
1.19
1.19
1.19
1.19
1.14
1.09
1.14
1.09
1.09
1.09
1.09
1.04
1.04
1.04
0.99
0.99
0.99
0.99
0.94
0.99
0.94
0.94
0.94
0.94
0.94
0.99
0.94
0.94
0.89
0.89
0.94
0.89
0.89
0.94
0.89
0.89
0.92
0.92
0.92
0.89
0.89
0.92
0.84
-0.061913 -5.486650 -1.548101
