1 180
6.96
5.96
5.11
4.66
4.21
3.81
3.46
3.21
2.91
2.71
2.56
2.36
2.44
2.39
2.36
2.31
2.21
2.11
2.01
1.96
1.86
1.61
1.46
1.44
1.39
1.34
1.29
1.27
1.25
1.25
1.22
1.22
1.25
1.27
1.29
1.34
1.29
1.34
1.34
1.39
1.39
1.44
1.44
1.49
1.54
1.54
1.54
1.64
1.64
1.74
1.74
1.79
1.89
1.89
1.94
2.04
2.09
2.16
2.21
2.26
2.36
2.51
2.56
2.66
2.66
2.64
2.76
3.31
3.46
3.46
3.36
4.46
5.51
3.31
3.26
3.21
3.06
3.09
3.06
3.11
14.56
14.61
20.51
21.51
20.61
3.39
3.56
3.56
3.61
3.76
3.81
3.86
3.91
3.96
3.51
3.26
3.26
3.21
3.21
3.31
3.41
3.26
1.56
1.51
1.51
1.46
1.36
1.31
1.26
1.26
1.21
1.21
1.16
1.01
1.01
1.01
1.01
1.01
0.96
0.91
0.86
0.91
0.81
0.76
0.71
0.71
0.69
0.71
0.71
0.76
0.71
0.66
0.71
0.66
0.76
0.71
0.66
0.66
0.71
0.66
0.61
0.66
0.66
0.66
0.66
0.61
0.54
0.56
0.61
0.56
0.61
0.61
0.56
0.56
0.56
0.51
0.51
0.56
0.56
0.56
0.51
0.51
0.51
0.51
0.46
0.51
0.46
0.49
0.49
0.49
0.49
0.49
0.52
0.52
0.47
0.49
0.47
0.47
0.49
0.44
-18.720400 -26.050100 -2.905249
