1 180
6.82
6.87
6.87
6.87
6.92
5.37
4.82
4.42
4.32
4.32
4.32
4.37
4.37
4.42
4.42
4.52
4.72
4.52
4.57
4.62
4.17
4.07
1.77
1.77
1.62
1.62
1.62
1.52
1.57
1.57
1.62
1.62
1.62
1.67
1.72
1.47
1.47
1.52
1.52
1.57
1.57
1.62
1.67
1.62
1.62
1.77
1.82
1.82
1.87
1.92
1.92
2.02
2.02
2.12
2.17
2.22
2.32
2.37
2.42
2.52
2.22
2.20
2.20
2.20
2.15
2.17
3.52
3.67
3.82
4.07
4.32
4.72
5.07
7.32
7.67
8.37
9.32
13.42
13.37
13.67
18.32
20.92
25.92
50.00
34.37
18.82
16.22
8.97
6.22
5.97
6.02
6.02
5.97
6.02
6.02
6.07
5.92
5.87
5.92
6.02
6.17
4.67
4.37
4.17
3.92
3.72
3.57
3.47
3.32
3.17
3.07
2.92
2.82
2.72
2.62
2.57
2.47
2.37
2.37
2.27
2.22
2.17
2.12
2.12
2.07
1.97
1.97
1.92
1.87
1.82
1.82
1.77
1.72
1.72
1.72
1.67
1.62
1.62
1.62
1.72
1.77
1.82
1.82
1.92
1.92
2.00
1.95
1.95
1.92
2.07
2.22
2.27
2.42
2.52
2.52
4.62
4.57
4.57
4.62
4.77
4.82
4.77
5.12
5.07
5.07
5.07
4.72
4.62
4.67
4.17
4.17
4.12
4.22
4.22
4.17
4.22
4.67
4.62
4.62
1.73
-40.604298 -17.647200 1.774675
