1 180
1.88
1.88
1.88
1.88
1.93
1.88
1.88
1.88
1.85
1.90
1.95
1.90
1.95
1.95
1.45
1.02
1.02
1.00
1.00
1.05
1.02
1.07
2.05
2.10
1.07
1.07
1.05
1.05
1.00
1.02
1.07
2.27
2.35
2.40
2.40
2.40
2.45
2.50
2.55
2.60
2.65
2.70
2.77
3.12
3.17
3.47
3.62
3.67
3.72
3.82
3.87
4.02
4.22
4.25
4.22
4.17
4.32
4.42
4.47
4.47
4.47
4.17
4.17
4.27
4.22
4.27
5.87
6.22
6.47
10.37
10.32
10.32
10.17
10.12
10.12
11.17
12.37
14.02
16.07
16.72
24.57
28.02
41.17
41.92
41.72
41.77
16.87
14.87
11.47
9.07
7.52
6.42
5.80
4.87
4.42
4.07
3.67
3.37
3.12
2.92
2.77
2.57
2.47
2.32
2.22
2.07
1.97
1.92
1.82
1.80
1.70
1.70
1.60
1.50
1.50
1.45
1.40
1.40
1.35
1.30
1.30
1.25
1.20
1.15
1.15
1.15
1.10
1.05
1.10
1.05
1.00
1.00
0.95
0.95
0.95
0.90
0.90
0.90
0.90
0.90
0.85
0.85
0.85
0.85
0.80
0.85
0.85
0.85
0.80
0.80
0.80
0.75
0.75
0.75
0.75
0.75
0.75
0.75
0.75
0.70
0.75
0.75
0.70
0.75
0.75
0.75
0.70
0.70
0.70
0.73
0.70
0.75
0.73
0.73
0.75
0.73
0.73
0.75
0.73
0.70
-6.830190 -11.429800 2.578603
