1 180
0.61
0.61
0.61
0.61
0.66
0.66
0.61
0.61
0.61
0.61
0.66
0.66
0.61
0.66
0.66
0.66
0.66
0.66
0.71
0.61
0.56
0.51
0.51
0.56
0.56
0.56
0.56
0.56
0.56
0.61
0.61
0.66
0.79
0.74
0.79
0.79
0.84
0.84
0.84
0.84
0.84
0.89
0.89
0.89
0.94
0.94
0.94
0.99
0.99
1.04
1.09
1.09
1.09
1.19
1.19
1.24
1.24
1.29
1.34
1.34
1.44
1.49
1.54
1.59
1.64
1.74
1.79
1.86
1.96
2.06
2.21
2.31
5.11
5.11
5.11
5.06
5.06
5.06
5.01
5.02
5.21
5.09
5.91
8.81
11.46
16.61
23.26
23.04
23.26
23.21
6.06
6.01
6.61
10.86
10.56
50.00
50.00
50.00
6.11
6.16
5.11
5.06
5.06
5.31
5.31
5.36
5.21
5.26
50.00
4.76
4.76
50.00
4.41
4.26
3.91
3.61
3.61
3.51
3.56
3.56
3.41
3.31
3.26
2.96
2.76
2.81
2.91
2.86
2.76
2.71
2.66
2.61
2.56
2.51
2.46
2.46
2.41
2.41
2.26
2.31
2.31
2.26
2.21
2.21
2.16
2.11
2.11
2.11
2.06
2.11
2.06
2.06
2.06
1.29
1.24
1.24
1.24
1.24
1.19
1.19
1.21
1.26
1.36
1.31
1.31
1.31
1.26
1.26
1.31
1.21
1.26
1.21
1.21
1.21
1.26
1.21
1.24
1.25
1.24
1.21
-32.529598 19.089100 0.501918
