1 180
0.41
0.44
0.42
0.42
0.39
0.39
0.39
0.44
0.44
0.41
0.41
0.46
0.46
0.46
0.46
0.46
0.46
0.46
0.46
0.51
0.51
0.46
0.51
0.56
0.51
0.51
0.51
0.56
0.51
0.56
0.56
0.56
0.54
0.51
0.56
0.61
0.61
0.66
0.61
0.66
0.61
0.66
0.66
0.71
0.71
0.71
0.71
0.71
0.71
0.76
0.76
0.74
0.71
0.76
0.81
0.81
0.81
0.86
0.91
0.96
1.01
1.01
1.01
1.11
1.16
1.16
1.21
1.31
1.31
1.41
1.51
1.56
1.66
1.76
1.86
1.96
2.11
2.41
2.61
2.81
3.16
3.61
10.91
7.91
7.86
6.46
6.41
6.36
6.26
6.16
6.36
6.46
8.46
6.51
8.61
8.61
8.41
7.36
6.56
6.11
6.16
6.31
5.11
6.46
4.61
6.56
3.76
3.76
3.61
3.71
3.56
3.06
1.61
1.61
1.61
1.46
1.46
1.36
1.36
1.36
1.31
1.21
1.21
1.16
1.21
1.11
1.11
1.11
1.11
1.06
1.01
1.06
1.01
0.96
0.96
0.96
0.86
0.89
0.86
0.91
0.91
0.91
0.91
0.91
0.86
0.86
0.86
0.86
0.81
0.81
0.81
0.81
0.76
0.76
0.76
0.74
0.71
0.71
0.71
0.71
0.71
0.71
0.71
0.71
0.66
0.66
0.66
0.66
0.61
0.66
0.66
0.64
0.64
0.64
0.64
0.64
0.62
0.67
0.64
0.62
-45.896000 7.856800 1.904045
