1 180
1.84
1.89
1.99
2.09
2.61
5.81
5.76
5.76
5.71
5.71
3.36
5.66
4.21
4.56
4.49
4.49
5.41
5.46
6.56
9.16
9.11
11.76
13.96
20.06
25.86
25.91
1.71
1.69
1.64
1.74
1.79
9.56
8.21
7.26
1.74
1.74
1.69
1.69
1.69
1.69
3.96
3.71
3.51
3.26
3.11
2.96
2.81
2.66
2.56
2.51
2.36
2.26
2.21
2.14
2.09
1.99
1.99
1.66
1.59
1.59
1.59
1.56
1.56
1.54
1.49
1.54
1.54
1.99
2.04
2.04
2.04
2.09
2.14
2.19
2.24
2.29
2.34
2.39
2.44
2.49
2.54
2.61
2.61
2.71
2.81
2.91
3.01
3.11
3.21
3.31
3.46
3.61
3.71
3.86
4.06
4.26
4.51
4.71
4.96
5.26
5.61
6.01
6.41
6.91
7.46
8.16
10.96
12.64
12.91
13.11
13.01
13.16
13.56
22.11
40.96
43.61
47.26
50.00
40.11
22.11
12.81
12.61
12.51
12.31
12.46
11.91
10.86
9.96
9.16
8.51
8.01
7.46
7.06
6.66
6.41
6.01
5.76
5.51
5.26
5.06
4.86
4.66
4.51
4.36
4.21
4.11
3.96
3.86
3.76
3.61
3.56
3.46
3.36
3.31
3.21
3.16
3.06
3.01
2.99
2.89
2.89
2.84
2.79
2.74
2.69
2.64
2.64
2.54
2.54
2.54
2.49
2.44
2.44
2.44
2.34
2.34
2.29
2.27
2.27
2.27
-4.980130 13.349500 3.132343
