1 180
0.44
0.47
0.47
0.47
0.52
0.42
0.44
0.44
0.44
0.44
0.46
0.41
0.46
0.46
0.46
0.46
0.51
0.51
0.46
0.51
0.51
0.51
0.54
0.51
0.56
0.56
0.56
0.56
0.56
0.61
0.56
0.61
0.56
0.56
0.56
0.56
0.56
0.61
0.56
0.61
0.61
0.66
0.61
0.61
0.66
0.71
0.64
0.64
0.66
0.71
0.71
0.71
0.76
0.76
0.76
0.76
0.76
0.86
0.91
0.91
0.91
0.86
0.96
0.96
0.96
1.06
1.11
1.11
1.16
1.16
1.26
1.31
1.41
1.46
1.46
2.84
2.84
2.79
2.74
2.74
2.79
2.74
2.74
2.69
2.76
3.11
3.71
4.56
5.81
10.56
9.21
9.01
8.96
9.06
9.26
11.26
11.26
11.26
9.41
9.06
8.86
8.91
4.06
3.71
3.41
3.21
3.01
2.81
2.61
2.41
2.36
2.21
2.06
2.01
1.91
1.86
1.71
1.71
1.61
1.56
1.46
1.46
1.46
1.36
1.31
1.31
1.26
1.21
1.21
1.21
1.21
1.16
1.11
1.16
1.06
1.06
1.01
0.94
0.99
0.96
0.96
0.96
0.91
0.91
0.91
0.86
0.86
0.81
0.81
0.81
0.81
0.81
0.81
0.91
1.16
1.16
1.21
1.26
1.31
1.31
1.36
3.56
3.51
3.51
3.56
3.46
3.56
3.71
3.86
3.86
3.86
3.81
3.81
3.81
3.76
3.86
4.06
4.06
4.36
4.56
-44.979801 5.272980 1.829646
