1 180
0.72
0.69
0.72
0.72
0.69
0.69
0.69
0.69
0.69
0.69
0.69
0.74
0.69
0.74
0.69
0.74
0.74
0.74
0.74
0.74
0.74
0.79
0.74
0.74
0.79
0.74
0.74
0.79
0.79
0.79
0.84
0.84
0.84
0.84
0.84
0.84
0.89
0.89
0.89
0.94
0.94
0.89
0.94
0.94
0.99
0.99
1.04
1.04
1.04
1.09
1.14
1.14
1.19
1.19
1.24
1.24
1.29
1.29
1.34
1.44
1.44
1.49
1.49
1.59
1.64
1.74
1.79
1.86
1.91
2.01
2.11
2.26
2.36
2.46
2.66
2.86
3.06
3.31
3.61
3.96
4.36
4.34
4.52
5.24
7.46
10.01
10.11
16.51
50.00
50.00
50.00
11.11
50.00
4.34
4.36
11.16
10.11
10.31
10.26
10.16
50.00
5.51
5.56
4.46
4.46
4.41
50.00
3.96
4.11
3.71
3.06
3.06
3.06
2.91
3.06
2.81
2.81
2.71
2.61
2.19
2.14
2.09
2.01
2.04
2.06
2.04
1.99
1.94
1.89
1.84
1.79
1.79
1.74
1.69
1.64
1.64
1.64
1.59
1.54
1.54
1.49
1.44
1.44
1.44
1.31
1.29
1.29
1.29
1.29
1.24
1.24
1.24
1.19
1.19
1.19
1.14
1.14
1.19
1.19
1.14
1.14
1.17
1.14
1.12
1.12
1.12
1.09
1.09
1.17
1.12
1.12
1.09
1.07
1.07
1.12
1.12
1.07
1.07
1.07
1.07
-37.094101 16.956400 0.432557
