1 180
1.08
1.05
1.05
1.05
1.05
1.05
1.00
1.00
1.00
0.95
1.00
0.95
0.95
0.95
0.95
0.95
0.95
0.95
0.95
0.90
0.90
0.90
0.93
0.90
0.90
0.90
0.90
0.93
0.95
0.90
0.93
0.93
0.93
0.90
0.93
0.93
0.93
0.90
0.95
0.93
0.90
0.95
0.95
0.98
0.93
0.95
0.95
0.95
0.95
0.95
0.95
0.95
1.00
1.00
1.00
1.00
1.05
1.00
1.05
1.05
1.05
1.10
1.10
1.10
1.10
1.15
1.15
1.15
1.15
1.20
1.20
1.25
1.25
1.30
1.30
1.30
1.35
1.35
1.40
1.40
1.45
1.50
1.50
1.55
1.60
1.60
1.70
1.70
1.75
1.85
1.90
1.90
1.97
2.02
2.07
2.17
2.25
2.37
2.52
2.62
2.77
2.92
3.02
3.22
3.42
3.62
3.92
4.22
4.52
4.92
5.37
6.02
6.77
7.67
8.92
10.47
13.32
16.92
18.72
18.72
18.72
18.72
18.77
18.77
18.77
18.82
15.22
13.12
12.80
10.27
9.32
8.82
8.87
8.92
9.02
9.07
9.12
9.17
5.37
5.07
4.82
4.62
4.42
4.27
4.07
3.92
3.77
3.67
3.52
3.37
3.32
3.17
3.07
3.02
2.97
2.87
2.82
2.75
2.67
2.62
2.57
2.55
2.50
2.40
2.40
2.35
2.30
2.25
2.25
2.20
2.20
2.10
2.05
2.05
2.05
2.00
2.00
2.00
1.95
1.90
-17.392099 -0.190963 -1.342784
