1 180
1.58
1.58
1.58
1.58
1.58
1.58
1.58
1.58
1.58
1.63
1.58
1.58
1.58
1.58
1.63
1.63
1.58
1.63
1.63
1.63
1.66
1.63
1.65
1.68
1.73
1.68
1.70
1.75
1.70
1.75
1.75
1.75
1.80
1.80
1.85
1.80
1.90
1.90
1.90
1.95
1.95
2.00
2.05
2.05
2.10
2.10
2.15
2.20
2.25
2.30
2.30
2.40
2.45
2.50
2.50
2.55
2.60
2.72
2.77
2.82
2.87
2.97
3.07
3.12
3.27
3.37
3.47
3.52
3.47
3.42
3.57
3.77
10.12
10.27
10.32
10.52
10.62
10.72
10.82
10.92
10.92
11.02
11.07
11.12
11.22
11.22
11.22
14.57
50.00
21.12
27.82
28.37
28.42
28.27
28.32
25.72
18.12
11.37
11.12
11.12
11.07
11.02
10.92
10.87
10.77
7.22
3.57
3.32
3.22
3.30
3.30
3.32
3.12
3.02
2.82
2.72
2.57
2.52
2.37
2.32
2.22
2.12
2.10
2.00
2.00
1.90
1.85
1.80
1.72
1.70
1.65
1.65
1.60
1.55
1.55
1.50
1.50
1.45
1.45
1.40
1.40
1.35
1.35
1.30
1.30
1.30
1.30
1.30
1.25
1.20
1.20
1.20
1.20
1.15
1.15
1.15
1.10
1.12
1.10
1.10
1.10
1.10
1.05
1.05
1.05
1.05
1.05
1.00
1.05
1.05
1.05
1.00
1.00
1.03
1.03
1.03
1.03
1.03
1.03
0.98
-17.699900 -3.262700 2.476674
