1 180
5.01
4.91
4.91
4.81
4.91
5.16
5.36
5.71
5.96
6.31
6.66
7.06
7.51
8.11
9.61
9.56
9.51
10.21
11.16
3.26
3.29
3.24
3.29
3.29
3.24
3.24
3.24
3.24
3.29
3.24
3.24
3.24
3.24
3.24
3.24
2.96
2.44
2.37
2.31
2.19
2.19
2.19
2.19
2.24
2.19
2.24
2.29
2.24
2.24
2.26
2.26
2.31
2.31
3.76
3.61
3.56
3.56
3.46
3.56
3.46
3.51
5.11
5.11
5.21
5.26
5.36
5.41
5.46
5.56
5.66
5.76
4.26
4.16
2.46
2.31
2.36
2.41
2.41
2.46
2.46
2.56
2.66
2.66
2.76
2.86
2.91
2.96
3.01
3.16
3.21
3.41
4.61
4.86
4.81
4.76
4.76
4.71
4.81
5.01
4.96
4.91
4.86
4.86
4.86
4.86
4.81
4.76
4.76
4.76
4.71
4.71
4.66
4.71
4.66
4.61
4.61
4.71
6.61
6.61
6.61
6.61
6.61
27.11
24.26
17.31
16.91
16.96
17.01
17.06
50.00
13.31
12.16
12.21
10.76
10.11
9.56
8.96
8.56
8.11
5.96
5.66
5.41
5.31
5.31
5.41
5.46
5.51
4.16
4.11
3.91
3.86
3.66
3.69
3.66
3.71
3.76
3.86
3.86
3.01
2.91
2.86
2.76
2.71
2.66
2.56
2.46
2.46
2.41
2.36
2.36
2.26
2.26
2.21
2.16
2.11
2.11
2.11
4.96
4.86
4.81
-37.853500 -28.487900 1.262251
