1 180
0.60
0.55
0.60
0.55
0.57
0.54
0.59
0.54
0.59
0.54
0.59
0.59
0.54
0.54
0.59
0.59
0.59
0.59
0.59
0.59
0.64
0.59
0.59
0.64
0.59
0.64
0.76
0.76
0.76
0.66
0.66
0.71
0.71
0.66
0.71
0.71
0.71
0.76
0.76
0.76
0.76
0.76
0.81
0.81
0.86
0.86
0.86
0.86
0.86
0.91
0.91
0.96
1.01
4.66
4.56
4.51
4.26
4.31
4.16
4.31
4.21
3.21
3.09
2.21
2.21
2.21
2.16
2.11
2.11
2.16
2.11
2.09
2.09
2.09
2.09
2.09
1.96
1.91
2.06
2.26
2.46
2.71
3.06
3.46
3.76
4.76
5.76
7.01
8.96
13.26
13.15
13.56
15.56
15.61
15.51
13.51
7.21
6.16
5.26
4.81
4.91
3.86
3.61
3.26
3.11
2.91
2.76
2.66
2.51
2.41
2.26
2.11
2.06
1.91
1.96
1.91
1.81
1.81
1.71
1.66
1.61
1.56
1.51
1.46
1.41
1.41
1.36
1.36
1.36
1.31
1.26
1.26
1.16
1.16
1.16
1.16
1.16
1.11
1.11
1.11
1.11
1.01
1.06
1.06
0.96
0.94
0.96
0.96
0.96
0.96
0.91
0.96
0.91
0.86
0.91
0.86
0.91
0.86
0.86
0.86
0.81
0.86
0.84
0.81
0.81
0.81
0.76
0.76
0.81
0.79
0.79
0.79
0.79
0.79
0.74
0.79
0.74
0.77
0.77
0.77
-43.601498 1.113230 1.856756
