1 180
0.69
0.72
0.72
0.72
0.72
0.69
0.72
0.69
0.69
0.69
0.69
0.74
0.74
0.69
0.69
0.74
0.74
0.74
0.74
0.74
0.74
0.74
0.74
0.79
0.79
0.79
0.74
0.79
0.79
0.84
0.84
0.84
0.84
0.84
0.89
0.89
0.89
0.89
0.94
0.89
0.94
0.94
0.94
0.99
0.99
1.04
1.09
1.04
1.09
1.14
1.14
1.14
1.24
1.24
1.24
1.29
1.39
1.39
1.44
1.49
1.49
1.59
1.64
1.69
1.74
1.84
1.86
1.96
2.01
2.16
2.31
2.41
2.56
2.71
2.96
3.14
3.86
4.09
4.09
4.46
5.44
5.71
6.61
7.66
14.51
11.71
9.96
9.66
9.71
9.81
9.96
12.16
9.71
9.76
9.61
9.61
7.81
6.96
6.26
5.66
5.61
5.21
4.46
4.46
4.31
4.06
3.51
3.31
3.16
3.06
2.91
2.76
2.71
2.56
2.46
2.41
2.31
2.21
2.19
2.14
2.04
1.99
1.99
1.89
1.84
1.79
1.74
1.74
1.69
1.64
1.59
1.54
1.54
1.54
1.49
1.49
1.49
1.44
1.39
1.39
1.34
1.34
1.29
1.34
1.29
1.29
1.24
1.24
1.21
1.21
1.26
1.21
1.32
1.24
1.29
1.27
1.24
1.24
1.24
1.19
1.19
1.19
1.24
1.17
1.22
1.17
1.19
1.17
1.17
1.17
1.17
1.17
1.17
1.17
1.17
1.17
1.17
1.17
1.17
1.17
-20.722000 25.835199 0.579265
