1 180
1.92
1.92
1.92
1.92
1.92
1.92
1.92
1.97
1.97
1.92
1.97
1.97
1.94
2.04
2.09
2.07
2.04
2.07
2.04
2.04
2.04
2.04
2.02
2.02
2.07
1.99
2.02
2.07
1.97
2.02
2.02
2.02
1.99
2.02
2.02
2.02
2.02
2.02
2.02
1.99
1.99
2.02
2.04
2.02
2.02
1.99
1.99
2.07
2.07
2.04
2.04
2.09
2.09
2.09
2.04
2.09
2.09
2.09
2.09
2.09
2.09
2.14
2.09
2.19
2.19
2.14
2.19
2.19
2.19
2.24
2.24
2.24
2.24
2.29
2.29
2.29
2.34
2.34
2.34
2.39
2.34
0.86
0.84
0.84
0.84
0.84
0.84
0.89
0.84
0.89
0.94
0.89
2.59
2.64
2.61
2.64
2.69
2.69
15.31
0.81
0.79
0.74
0.74
0.74
0.74
0.74
0.74
0.74
0.74
0.76
7.46
7.21
6.96
6.66
6.46
6.21
6.01
5.81
5.66
5.46
5.36
5.21
5.06
4.91
4.81
4.71
4.61
4.51
4.41
4.06
3.96
3.86
3.81
3.81
3.81
3.86
3.91
3.36
3.11
3.06
3.11
2.76
2.71
2.81
4.21
4.31
4.31
4.36
4.41
4.46
4.46
4.51
4.56
4.56
4.61
4.66
4.66
4.71
4.76
4.81
4.86
4.86
4.86
4.91
4.96
5.01
5.06
5.06
5.11
5.11
5.21
5.21
5.11
5.06
5.06
5.06
5.04
5.11
7.16
29.81
-20.433001 5.736530 2.149109
