1 180
0.62
0.67
0.62
0.67
0.67
0.67
0.67
0.67
0.64
0.61
0.64
0.69
0.66
0.66
0.66
0.66
0.71
0.66
0.71
0.71
0.71
0.76
0.71
0.71
0.76
0.81
0.76
0.81
0.76
0.76
0.77
0.76
0.81
5.01
4.91
4.76
4.61
4.51
4.36
4.31
4.16
4.11
4.01
3.96
3.86
3.81
3.76
3.71
3.61
3.56
3.46
3.46
3.46
3.51
3.41
3.51
3.91
3.51
4.11
3.81
3.71
3.26
3.56
3.41
3.06
2.96
2.91
3.01
5.71
5.96
3.01
6.46
6.81
7.11
7.51
7.61
7.61
7.56
7.56
2.86
4.46
3.11
3.01
3.01
2.96
2.91
2.81
2.86
2.66
2.81
2.81
2.76
2.71
2.76
2.76
2.86
2.91
2.91
2.91
2.96
2.96
3.01
3.01
3.01
3.01
3.01
2.91
3.06
3.01
3.06
2.81
2.79
2.71
2.71
2.86
2.71
2.86
2.76
2.66
2.46
2.21
2.21
2.16
2.11
2.06
2.01
1.91
1.71
1.76
1.71
1.76
1.66
1.66
1.61
1.56
1.51
1.56
1.51
1.41
1.41
1.41
1.41
1.41
1.41
1.36
1.36
1.36
1.31
1.31
1.26
1.26
1.26
1.26
1.21
1.21
1.21
1.21
1.21
1.16
1.16
1.11
1.11
1.11
1.11
1.11
1.11
1.11
1.06
1.06
1.06
1.06
0.89
0.92
0.97
0.97
1.05
1.00
1.00
1.07
1.02
-47.270401 11.125501 1.873358
