1 180
4.06
3.91
3.81
3.71
3.61
3.51
3.41
3.31
3.26
3.16
3.06
3.01
2.99
2.94
2.84
2.79
2.74
2.69
2.64
2.64
2.59
2.54
2.49
2.39
2.39
2.39
2.34
2.34
2.29
2.29
2.24
2.24
2.19
2.14
2.14
2.09
2.09
2.09
2.09
2.09
2.04
2.04
1.99
1.99
1.99
1.94
1.94
2.02
1.97
1.95
2.04
2.21
2.46
2.76
3.11
3.51
4.06
4.81
6.01
7.66
9.36
11.26
20.57
20.81
22.96
23.06
12.36
50.00
9.31
7.46
7.51
7.56
7.56
7.61
7.61
6.06
5.66
5.36
4.96
4.96
5.16
50.00
50.00
5.61
5.66
5.66
3.36
3.26
3.11
3.01
2.91
2.86
2.76
2.66
2.61
2.59
2.44
2.39
2.34
2.39
2.39
2.44
2.49
2.54
2.59
2.59
2.69
2.64
2.74
2.74
2.41
2.41
2.41
3.01
3.06
2.41
2.36
2.36
2.41
3.06
3.06
3.01
3.06
3.16
3.26
3.61
4.36
4.51
4.66
9.06
8.71
8.61
6.46
8.51
5.96
8.61
9.16
6.36
6.26
7.06
6.71
8.16
6.01
8.16
6.56
8.76
8.21
8.86
8.26
8.16
8.16
8.81
8.81
8.81
8.81
8.81
8.11
8.11
8.11
8.16
8.11
8.21
8.96
8.96
8.46
8.26
8.11
8.06
8.11
8.46
9.26
3.31
3.11
3.21
3.11
2.96
2.91
3.21
3.36
3.26
-41.314903 -6.056880 2.333030
