1 180
1.92
1.92
1.92
1.92
1.97
1.92
1.92
1.97
1.97
1.99
1.97
2.02
2.02
1.99
2.04
2.04
2.04
1.99
2.04
2.04
2.04
2.09
2.09
2.14
2.14
2.14
2.19
2.19
2.24
2.29
2.29
2.34
2.34
2.34
2.44
2.44
2.49
2.49
2.54
2.59
2.64
2.69
2.46
2.41
2.41
2.36
2.36
2.31
2.36
2.41
2.46
2.61
2.64
2.64
2.59
2.56
2.61
2.71
2.86
2.81
2.96
3.06
3.16
3.26
3.41
2.51
2.51
2.36
2.29
2.26
2.31
10.86
11.01
11.06
11.11
11.21
11.26
11.31
11.16
11.16
11.26
13.26
13.61
50.00
20.66
20.71
20.86
30.11
29.11
21.51
21.36
50.00
11.11
11.16
11.21
11.26
11.16
11.11
10.96
10.91
10.71
3.81
3.61
3.41
3.26
3.06
2.91
2.76
2.71
1.96
2.51
2.11
2.11
2.31
2.41
1.91
1.86
1.91
1.91
1.89
1.89
1.89
1.89
1.66
1.39
1.34
1.34
1.16
1.14
1.14
1.14
1.14
1.14
1.14
1.21
2.09
2.09
2.09
2.04
1.99
1.94
1.94
1.94
1.89
1.84
1.84
1.79
1.79
1.79
1.79
1.74
1.74
1.74
1.69
1.69
1.69
1.67
1.69
1.64
1.64
1.62
1.67
1.64
1.62
1.67
1.62
1.62
1.62
1.62
1.57
1.62
1.57
1.57
1.57
1.57
1.62
1.57
1.62
1.57
1.57
-27.606001 -0.353836 0.663532
