1 180
1.07
1.07
1.07
1.07
1.04
1.02
1.12
1.04
1.04
1.04
1.09
1.04
1.09
1.09
1.09
1.09
1.09
1.14
1.09
1.14
1.09
1.14
1.14
1.14
1.19
1.19
1.19
1.19
1.24
1.19
1.24
1.29
1.29
1.29
1.29
1.34
1.34
1.39
1.39
1.44
1.44
1.49
1.49
1.49
1.54
1.59
1.64
1.64
1.74
1.74
1.79
1.84
1.89
1.94
1.99
2.04
2.09
2.14
2.26
2.31
2.36
2.46
2.61
2.71
2.86
2.91
3.06
3.31
3.46
3.66
3.86
4.16
4.41
4.76
5.16
5.51
6.11
7.36
7.61
8.71
10.11
12.11
15.86
15.86
15.86
15.81
15.86
15.86
15.86
15.86
15.91
15.96
13.91
12.11
10.56
10.31
9.91
7.86
7.26
6.71
6.21
6.01
5.96
6.01
6.16
6.21
6.26
6.26
6.31
6.36
6.41
6.46
6.46
6.46
6.51
6.56
6.56
6.46
6.31
6.11
2.76
2.69
2.64
2.54
2.49
2.44
2.44
2.34
2.29
2.24
2.19
2.14
2.19
2.09
2.09
2.04
1.99
1.94
1.94
1.89
1.89
1.84
1.84
1.79
1.79
1.79
1.74
1.74
1.69
1.69
1.74
1.64
1.69
1.69
1.64
1.67
1.64
1.59
1.62
1.59
1.59
1.62
1.57
1.62
1.57
1.57
1.57
1.57
1.57
1.57
1.57
1.52
1.52
1.57
1.57
1.57
1.57
1.57
1.52
1.52
-15.338700 -2.228140 -0.736821
