1 180
0.79
0.79
0.79
0.79
0.79
0.79
0.84
0.84
0.84
0.84
0.89
0.94
0.89
0.89
0.94
0.89
0.94
0.94
0.94
0.99
1.04
1.04
1.04
1.09
1.04
1.09
1.09
1.14
1.14
1.19
1.24
1.24
1.29
1.29
1.34
1.39
1.39
1.39
1.49
1.54
1.54
1.64
1.74
1.79
1.79
1.89
1.94
2.01
2.11
2.21
2.36
2.51
2.66
2.81
3.01
3.21
3.46
3.59
4.06
4.46
4.91
5.36
6.71
7.31
8.76
10.71
14.61
20.06
22.01
27.66
27.66
27.71
26.86
13.71
11.21
9.46
8.31
7.46
6.46
6.36
5.41
4.96
4.61
4.26
4.01
3.76
3.51
3.31
3.16
3.01
2.86
2.76
2.61
2.51
2.41
2.36
2.29
2.19
2.14
2.09
2.04
1.94
1.99
1.99
2.04
2.44
2.44
2.49
2.61
2.81
2.86
2.91
2.96
2.96
2.91
2.91
2.89
2.91
2.76
2.76
2.71
2.71
2.66
2.66
2.66
2.56
2.61
2.66
2.76
2.81
2.76
2.71
2.71
2.66
2.66
2.66
2.66
2.61
2.56
2.56
2.56
2.51
2.16
2.16
2.16
2.11
2.16
2.11
2.11
2.11
2.06
2.06
2.09
2.09
0.99
1.04
1.02
1.02
1.07
1.07
1.02
1.07
1.02
1.02
1.02
1.04
1.02
0.99
1.07
1.02
1.02
1.02
1.04
1.07
1.07
1.07
1.09
1.04
1.09
1.09
-0.229021 -2.560790 -1.212435
