1 180
5.16
5.06
4.91
4.81
4.66
4.56
4.46
4.11
4.01
3.91
3.86
3.81
3.81
3.86
3.91
3.91
4.01
4.06
4.06
4.11
4.11
4.21
4.21
4.26
4.31
4.36
4.41
4.41
4.41
4.46
4.51
4.51
4.61
4.61
4.66
4.66
4.71
4.76
4.81
4.81
4.86
4.86
4.91
4.91
4.96
5.01
5.01
5.06
5.11
5.11
5.06
5.01
5.01
4.96
5.01
5.01
5.31
7.06
7.16
29.71
30.16
29.46
21.81
22.11
22.91
20.01
17.61
15.86
14.46
13.21
12.31
11.36
10.71
10.06
9.51
7.11
6.66
6.36
6.06
5.81
5.61
5.51
5.56
5.61
5.61
5.71
5.76
5.76
5.76
5.76
5.76
5.76
5.81
5.81
5.76
5.76
5.76
5.76
5.76
5.76
5.76
5.71
5.76
5.71
5.71
5.71
5.71
5.66
5.66
5.66
5.66
5.66
5.56
5.56
5.56
5.56
5.51
5.51
5.51
5.46
5.66
6.36
6.56
6.91
7.16
7.36
7.71
8.06
8.46
8.91
9.41
9.91
10.61
11.26
12.06
13.06
14.16
15.56
17.16
50.00
23.06
25.61
25.51
4.76
4.71
4.76
4.71
4.66
4.61
4.56
4.56
4.51
4.46
4.46
1.81
1.76
1.69
1.69
1.74
1.74
1.74
1.76
4.16
4.11
1.56
1.54
1.54
1.54
1.54
1.54
1.59
3.81
3.81
3.76
3.71
3.69
3.66
3.69
3.64
3.54
-20.450899 5.739080 -1.997903
