1 180
1.08
1.08
1.08
1.08
1.05
1.08
1.08
1.08
1.05
1.05
1.05
1.08
1.13
1.25
1.23
1.25
1.20
1.28
1.33
1.25
1.30
1.25
1.28
1.30
1.35
1.35
1.35
1.35
1.35
1.35
1.40
1.40
1.40
1.40
1.45
1.45
1.50
1.50
1.50
1.55
1.60
1.60
1.60
1.67
1.57
1.57
1.57
1.60
1.65
1.70
1.70
1.80
1.80
1.85
1.90
1.90
2.00
2.10
2.15
2.20
2.25
2.30
2.42
2.12
2.10
2.10
2.12
2.30
2.27
2.32
3.37
3.57
3.77
4.07
4.32
4.62
4.97
5.37
5.82
6.42
7.77
8.17
9.37
11.07
13.67
14.32
22.27
42.92
42.87
42.87
42.97
32.87
22.27
22.17
14.37
12.77
11.22
9.87
8.97
8.17
7.47
6.87
6.42
5.97
3.67
3.42
3.47
4.77
3.42
3.37
3.42
3.97
3.77
3.67
3.52
3.37
3.27
3.17
3.02
2.97
2.87
2.77
2.72
2.70
2.60
2.55
2.50
2.45
2.40
2.35
2.30
2.25
2.20
2.20
2.15
2.10
2.10
2.05
2.00
2.00
1.95
1.95
1.90
1.85
1.85
1.85
1.80
1.80
1.75
1.75
1.70
1.70
1.70
1.65
1.70
1.65
1.60
1.65
1.63
1.63
1.55
1.60
1.58
1.58
1.58
1.58
1.58
1.58
1.53
1.53
1.58
1.58
1.58
1.53
1.53
1.58
1.53
1.53
1.53
1.53
-33.329300 18.390100 -0.868914
