1 180
1.17
1.12
1.12
1.12
1.17
1.32
1.32
1.11
1.17
1.14
1.14
1.12
1.14
1.17
1.14
1.14
1.14
1.14
1.19
1.14
1.19
1.19
1.19
1.24
1.24
1.24
1.29
1.29
1.29
1.29
1.34
1.34
1.34
1.39
1.39
1.39
1.44
1.44
1.49
1.49
1.54
1.59
1.59
1.59
1.64
1.69
1.69
1.74
1.79
1.89
1.89
1.94
1.94
2.04
2.14
2.19
2.34
2.16
2.16
2.16
2.16
2.41
2.46
2.61
4.46
4.61
4.81
5.06
5.31
5.56
5.91
6.11
6.61
6.96
7.61
8.16
8.86
9.71
10.81
12.01
13.56
15.66
18.86
18.81
24.76
21.46
21.46
24.91
24.96
23.51
23.56
19.11
19.11
17.71
14.71
12.81
11.41
10.31
9.41
8.66
7.96
7.36
6.91
6.46
6.16
5.81
5.51
5.21
5.01
4.76
4.56
4.36
4.21
4.06
3.91
3.76
3.61
3.51
3.46
3.36
2.36
2.36
2.04
2.04
1.99
1.89
1.89
1.79
1.79
1.74
1.69
1.69
1.64
1.64
1.59
1.54
1.49
1.49
1.49
1.49
1.44
1.39
1.39
1.39
1.34
1.34
1.34
1.29
1.29
1.29
1.29
1.24
1.29
1.24
1.24
1.24
1.24
1.19
1.19
1.19
1.22
1.22
1.19
1.17
1.22
1.17
1.14
1.14
1.24
1.37
1.17
1.17
1.17
1.17
1.17
1.17
1.17
1.12
1.17
1.20
-23.643400 1.902030 -2.348603
