1 180
1.88
1.88
1.88
1.83
1.88
1.00
1.00
1.05
1.05
1.05
1.02
1.02
1.07
1.90
1.95
1.95
1.95
1.95
1.95
1.95
1.95
2.00
2.05
2.05
2.10
2.10
2.10
2.15
2.15
2.20
2.20
2.20
2.25
2.25
2.25
2.30
2.60
2.65
2.67
2.72
2.72
3.02
3.12
3.12
3.17
3.27
3.27
3.37
3.42
3.52
3.57
3.67
3.77
3.72
3.67
3.77
3.87
3.97
3.97
3.92
3.87
3.67
3.67
3.97
3.67
3.67
4.92
5.17
5.42
5.67
5.97
9.87
9.87
9.77
9.72
9.62
9.57
9.57
10.32
11.37
12.57
14.37
16.12
23.87
23.97
29.37
40.62
50.00
41.12
41.12
15.97
14.27
10.77
8.57
7.17
6.12
5.22
5.22
4.27
3.87
3.57
3.32
3.07
2.87
2.67
2.52
2.37
2.22
2.12
2.02
1.92
1.87
1.77
1.72
1.65
1.60
1.55
1.55
1.45
1.40
1.35
1.30
1.30
1.30
1.25
1.25
1.15
1.15
1.15
1.10
1.10
1.05
1.00
1.05
1.00
1.00
0.95
0.95
0.95
0.90
0.90
0.90
0.90
0.85
0.85
0.85
0.85
0.80
0.80
0.80
0.80
0.80
0.80
0.80
0.75
0.75
0.75
0.75
0.75
0.70
0.75
0.75
0.75
0.70
0.70
0.70
0.75
0.70
0.70
0.70
0.70
0.75
0.70
0.70
0.70
0.70
0.70
0.70
0.73
0.70
-7.325860 -11.081800 2.512185
