1 180
8.97
8.92
10.72
14.02
15.82
50.00
22.52
20.02
20.12
6.92
6.92
6.92
6.92
6.92
5.27
4.67
4.27
4.32
4.87
50.00
50.00
2.62
2.47
2.32
2.12
2.07
1.97
1.77
1.75
1.70
1.65
1.50
1.50
1.55
1.58
1.58
1.55
1.60
1.60
1.60
1.65
1.70
1.70
1.70
1.75
1.75
1.75
1.80
1.85
1.85
1.90
1.95
2.00
2.00
2.05
2.10
2.10
2.15
2.20
2.25
2.30
2.22
2.22
2.17
2.17
2.12
2.12
2.07
2.07
2.17
2.17
2.27
2.37
3.42
3.52
3.62
3.82
7.72
7.72
5.42
7.62
7.62
7.62
5.07
8.27
8.22
5.32
7.42
5.87
7.32
7.37
4.67
5.22
5.72
5.92
7.38
8.02
7.47
5.02
7.47
8.07
8.07
8.07
8.07
8.12
7.62
7.42
7.37
7.42
7.47
7.47
7.57
8.32
8.37
8.02
7.72
7.62
7.52
7.47
7.57
7.92
8.77
8.57
8.92
9.02
9.07
9.17
9.22
4.12
4.02
3.92
3.27
3.72
2.72
2.72
2.77
2.82
2.67
2.62
2.57
2.92
2.97
2.97
2.95
2.90
2.87
2.80
2.75
2.75
2.70
2.70
2.65
2.60
2.55
2.55
2.50
2.50
2.45
1.65
1.40
1.35
1.35
1.35
1.30
1.35
1.35
1.35
1.40
1.65
2.15
2.20
2.25
2.32
2.52
2.72
2.92
3.12
5.27
5.57
4.87
-38.549999 -7.375850 -2.660614
