1 180
0.59
0.62
0.54
0.62
0.54
0.57
0.57
0.59
0.86
0.76
0.66
0.66
0.61
0.61
0.61
0.56
0.61
0.66
0.61
0.61
0.61
0.61
0.61
0.61
0.66
0.66
0.66
0.71
0.66
0.66
0.66
0.71
0.66
0.71
0.71
0.71
0.76
0.76
0.76
0.81
0.81
0.76
0.81
0.86
3.01
3.11
3.21
3.61
3.71
3.76
4.51
4.46
4.41
4.31
4.11
4.01
4.01
4.11
3.06
2.16
2.01
2.01
2.01
1.96
1.96
1.91
1.96
1.91
1.94
1.91
1.94
1.84
1.89
1.89
1.76
1.76
1.86
2.06
2.21
2.46
2.66
2.96
3.51
3.91
4.71
5.76
6.86
8.96
13.06
13.00
13.21
15.36
15.36
15.31
13.31
7.26
6.16
5.26
4.61
4.71
4.71
3.56
3.36
3.11
2.91
2.81
2.61
2.51
2.41
2.31
2.21
2.11
2.01
1.91
1.81
1.76
1.76
1.71
1.66
1.66
1.51
1.46
1.46
1.46
1.41
1.36
1.31
1.31
1.26
1.26
1.21
1.21
1.16
1.16
1.16
1.11
1.11
1.11
1.01
1.04
1.01
1.01
1.01
1.01
0.96
0.96
0.96
0.96
0.96
0.96
0.96
0.91
0.91
0.86
0.86
0.86
0.86
0.81
0.86
0.81
0.81
0.86
0.81
0.81
0.76
0.81
0.76
0.81
0.79
0.79
0.79
0.74
0.79
0.74
0.79
0.82
0.77
0.77
0.77
0.77
-43.655399 1.289870 1.873568
