1 180
1.42
1.42
1.47
1.47
1.47
1.47
1.52
1.47
1.47
1.52
1.47
1.52
1.52
1.52
1.52
1.52
1.57
1.57
1.57
1.57
1.59
1.62
1.59
1.62
1.67
1.64
1.69
1.69
1.69
1.74
1.74
1.79
1.79
1.79
1.84
1.84
1.89
1.89
1.99
2.04
1.99
2.04
2.09
2.14
2.19
2.24
2.24
2.29
2.34
2.39
2.49
2.54
2.56
2.61
2.71
2.81
2.91
2.96
3.11
3.21
3.36
3.46
3.56
3.71
3.91
4.06
4.31
4.51
4.76
5.01
5.36
5.76
6.11
6.56
7.11
7.71
8.41
9.46
10.66
12.16
15.26
15.81
15.81
15.86
15.81
15.81
15.71
15.71
15.86
15.91
15.71
12.01
10.06
8.71
7.71
6.91
6.46
6.16
5.31
4.91
4.56
4.26
4.01
3.81
3.61
3.41
3.26
3.11
2.96
2.81
2.71
2.66
2.56
2.41
2.36
2.26
2.24
2.19
2.09
2.09
2.04
1.94
1.89
1.84
1.84
1.79
1.74
1.69
1.69
1.64
1.64
1.59
1.59
1.54
1.54
1.49
1.44
1.44
1.39
1.39
1.39
1.39
1.34
1.34
1.34
1.29
1.29
1.24
1.24
1.24
1.24
1.24
1.19
1.19
1.19
1.22
1.19
1.19
1.17
1.22
1.17
1.17
1.17
1.17
1.12
1.12
1.17
1.14
1.17
1.12
1.12
1.17
1.17
1.17
1.17
1.17
1.12
1.17
1.17
1.12
-24.607000 8.092600 2.302123
