1 180
3.31
3.41
3.54
3.51
3.61
3.66
3.66
3.76
3.86
3.91
3.96
4.01
4.11
3.96
4.01
4.01
4.06
4.11
4.06
4.16
11.06
10.71
10.31
9.91
9.61
9.31
9.06
8.76
8.51
8.31
7.21
6.86
6.76
6.51
6.36
6.21
6.06
5.91
5.86
5.76
5.61
5.56
5.51
5.61
5.71
5.86
6.01
6.01
6.06
6.11
6.16
6.16
6.21
6.26
6.31
6.31
6.36
6.41
6.41
6.41
6.46
6.51
6.51
6.56
6.56
6.61
6.61
6.61
6.61
6.66
6.71
6.71
6.71
6.66
6.71
8.31
9.01
10.06
11.21
12.76
14.91
14.71
14.96
27.21
27.11
27.11
27.16
27.16
27.21
21.56
17.16
10.56
9.26
6.56
6.56
6.61
6.51
6.51
6.51
6.46
6.41
6.41
6.36
6.36
6.31
6.26
6.26
6.21
6.16
6.16
6.06
6.01
6.01
5.96
5.91
5.86
5.81
5.76
5.71
5.71
5.66
5.61
5.41
5.26
5.16
5.01
5.11
5.16
5.21
5.26
5.36
5.51
5.56
5.71
5.81
5.91
6.06
6.21
6.31
6.51
6.61
6.86
7.31
6.46
6.71
8.66
8.86
9.21
9.46
9.81
3.46
3.46
3.44
3.44
3.44
3.39
3.39
3.34
3.41
3.36
3.31
3.26
3.11
3.14
3.09
3.04
2.99
2.94
2.89
2.84
2.79
2.74
2.69
2.64
2.59
2.59
2.49
2.44
2.39
2.34
-22.638899 6.668100 -0.785681
