1 180
1.21
1.21
1.19
1.26
1.26
1.31
1.31
1.36
1.36
1.36
1.41
1.31
1.46
1.46
1.51
1.56
1.51
1.56
1.56
1.59
1.61
1.61
1.76
1.81
1.81
1.86
1.86
2.01
2.06
2.11
2.11
2.21
2.31
2.31
2.36
3.91
3.86
3.81
3.81
3.81
3.96
4.31
4.56
4.86
5.11
5.51
5.91
6.46
7.31
7.61
3.56
3.64
10.81
12.51
14.71
22.21
20.06
20.01
19.96
20.06
21.01
11.31
8.06
6.56
5.36
3.41
3.61
2.72
2.67
2.76
2.51
2.31
2.11
1.96
1.84
1.80
1.80
1.84
1.79
1.84
1.84
1.89
1.89
1.89
1.94
1.89
1.94
1.94
1.99
1.99
1.99
2.04
2.09
2.09
2.14
2.14
2.14
2.19
2.24
2.24
2.29
2.34
2.39
2.44
2.44
2.49
2.54
2.59
2.64
2.69
2.74
2.76
2.86
2.91
3.01
3.11
3.16
3.26
3.36
3.51
3.56
3.66
3.76
3.91
4.11
4.26
4.41
4.56
4.81
5.11
6.56
6.57
6.54
6.86
3.66
3.46
3.46
3.46
3.46
3.46
12.71
12.66
13.71
15.66
19.26
27.11
27.16
43.96
3.66
3.61
3.56
3.56
3.56
12.11
9.76
8.46
6.91
6.11
5.46
4.96
4.51
4.11
3.81
3.51
3.31
3.11
2.91
2.76
2.61
2.41
2.31
2.21
2.19
2.09
2.04
1.91
1.94
1.96
1.99
1.89
-4.692720 -12.981300 1.429959
