1 180
1.34
1.39
1.77
1.72
1.72
1.77
1.77
1.72
1.77
1.77
1.77
1.82
1.77
1.77
1.77
1.82
1.82
1.77
1.77
1.82
1.82
1.82
1.84
1.82
1.84
1.84
1.87
1.84
1.89
1.89
1.89
1.89
1.94
1.94
1.99
1.99
2.04
2.04
2.04
2.09
2.09
2.14
2.14
2.19
2.24
2.24
2.29
2.34
2.34
2.39
2.44
2.49
2.54
2.59
2.64
2.69
2.69
2.81
5.61
5.76
5.91
6.01
6.21
6.41
6.56
6.61
6.56
6.46
6.41
6.46
6.41
6.36
6.31
6.21
6.21
6.16
6.06
5.96
5.96
6.01
6.36
6.76
7.26
7.81
8.41
9.01
10.01
11.16
12.46
12.71
12.96
12.91
23.76
37.06
37.66
37.61
37.46
37.51
20.26
12.36
10.71
8.81
7.76
6.76
5.91
5.31
4.81
4.41
4.06
3.76
3.51
3.26
3.06
2.86
2.71
2.56
2.46
2.36
2.26
2.16
2.06
1.96
1.94
1.84
1.76
1.71
1.71
1.74
1.74
1.69
1.64
1.64
1.59
1.54
1.49
1.44
1.44
1.39
1.34
1.39
1.29
1.29
1.24
1.29
1.24
1.19
1.24
1.19
1.14
1.04
1.01
0.99
0.99
0.99
0.94
0.99
0.94
0.94
0.94
0.89
0.94
0.94
0.89
0.89
0.89
0.89
0.89
0.84
0.89
0.84
0.84
0.89
0.84
0.84
0.84
0.84
0.84
0.84
0.84
0.79
-10.192500 -8.806740 2.403523
