1 180
2.36
1.86
1.69
1.69
1.69
1.71
2.62
2.59
2.59
2.59
2.61
2.61
2.61
2.66
2.66
2.61
2.59
2.59
2.59
2.59
2.61
2.71
1.81
1.66
1.61
1.51
1.49
1.39
1.34
1.29
1.24
1.19
1.14
1.09
1.09
0.99
0.99
0.94
0.89
0.94
0.94
0.94
0.94
0.99
0.99
0.99
0.99
0.99
1.04
1.04
1.09
1.09
1.14
1.14
1.19
1.24
1.19
1.24
1.29
1.29
1.34
1.34
1.39
1.44
1.49
1.54
1.59
1.59
5.01
4.31
4.26
4.26
4.21
4.16
4.11
4.11
4.11
3.51
3.56
3.76
3.96
4.21
4.51
4.61
4.61
4.56
4.61
5.66
5.74
6.31
7.26
8.51
10.36
12.21
17.86
29.56
36.16
12.21
50.00
18.96
17.91
12.21
9.61
8.31
7.31
6.46
5.81
5.31
4.86
4.51
4.21
3.91
3.66
3.46
3.46
3.31
3.21
3.01
2.86
2.56
2.41
2.41
2.41
2.36
2.26
2.26
2.11
2.11
2.04
1.99
1.94
1.89
1.84
1.79
1.74
1.54
1.49
1.49
1.49
1.44
1.44
1.39
1.39
1.34
1.29
1.34
1.29
1.24
1.24
1.19
1.19
1.19
1.19
1.19
1.14
1.09
1.14
1.09
1.09
1.09
1.09
1.09
1.04
1.04
1.04
1.04
1.04
1.04
1.04
0.99
0.99
0.99
0.99
0.99
1.02
0.97
0.94
0.99
0.94
0.97
-44.429302 13.977300 0.225317
