1 180
1.87
1.87
1.87
1.87
1.87
1.87
1.87
1.87
1.87
1.92
1.87
1.92
1.87
1.89
1.94
1.89
1.94
1.94
1.99
1.94
1.94
2.04
1.99
2.04
2.04
2.09
2.09
1.69
1.29
1.24
1.19
1.24
1.24
1.26
1.31
2.34
2.39
2.39
2.44
2.49
2.49
2.54
2.64
2.69
2.74
2.74
2.84
2.86
2.91
2.96
3.06
3.11
3.21
3.31
3.41
3.46
3.61
3.66
3.86
3.96
3.81
3.71
3.71
3.66
3.71
3.76
3.86
4.01
4.01
4.11
4.36
4.51
4.86
5.16
5.51
12.51
12.61
12.71
12.81
12.76
12.71
12.71
14.66
15.16
33.31
22.26
24.31
24.31
30.91
50.00
23.61
50.00
12.76
12.71
12.76
12.76
12.66
12.56
5.36
4.96
4.61
4.21
3.71
3.91
3.46
3.51
3.36
3.31
3.11
3.11
3.11
3.16
3.91
3.51
3.51
3.51
3.41
3.31
3.21
3.11
3.01
2.91
2.86
2.81
2.74
2.74
2.64
2.54
2.49
2.49
2.44
2.39
2.34
2.29
2.29
2.24
2.19
2.14
2.14
2.09
2.09
2.04
2.04
1.99
1.24
1.14
1.09
1.09
1.14
1.14
1.16
1.34
0.91
0.94
0.89
0.89
0.89
0.89
0.86
0.96
1.72
1.69
1.69
1.77
1.72
1.72
1.72
1.72
1.67
1.67
1.67
1.72
1.67
1.67
1.67
1.67
1.67
1.67
1.67
1.67
-28.873001 -1.341720 0.662271
