1 180
0.84
0.84
0.89
0.86
0.91
22.46
33.51
39.51
50.00
15.76
7.61
4.24
2.87
2.31
1.86
1.56
1.31
1.16
1.01
0.96
0.81
0.76
0.71
0.64
0.64
0.64
0.64
0.64
0.64
0.64
0.64
0.69
0.69
0.64
0.69
0.64
0.69
0.69
0.69
0.74
0.74
0.69
0.74
0.74
0.74
0.79
0.74
0.79
0.79
0.79
0.84
0.84
0.84
0.89
0.84
0.89
0.89
0.94
0.94
0.99
0.99
0.99
1.04
1.09
1.14
1.14
1.14
1.19
1.24
1.24
1.29
1.34
1.39
1.44
1.49
1.54
1.64
1.69
1.76
1.86
1.96
2.06
2.16
2.31
2.41
2.61
2.86
3.06
3.31
3.66
4.01
4.51
5.11
5.81
6.86
8.51
11.06
20.51
25.01
20.21
20.56
49.46
23.26
16.51
12.96
11.96
9.46
9.21
9.41
6.71
6.76
5.61
5.61
5.46
4.66
4.76
5.86
5.86
5.91
5.96
6.01
6.01
6.06
6.11
6.16
6.21
6.26
6.31
6.36
6.46
2.29
2.19
2.19
2.11
2.11
2.11
2.16
2.01
2.01
2.11
2.06
2.01
2.01
1.96
1.96
1.86
1.86
1.81
1.81
1.76
1.76
1.61
1.61
1.56
1.41
1.41
1.44
1.51
1.56
3.66
3.71
3.86
1.86
4.11
4.21
4.41
4.61
4.81
5.06
5.31
5.56
1.71
1.61
1.51
1.56
1.51
1.46
1.51
1.41
1.46
-13.401600 30.098101 -1.303037
