1 180
1.92
1.97
1.97
1.97
1.97
1.97
1.97
1.97
2.02
1.97
2.02
1.99
1.99
1.99
2.04
2.04
2.04
2.09
2.09
2.09
2.09
2.09
2.14
2.14
2.19
2.24
2.24
2.24
2.29
2.29
2.34
2.39
2.39
2.44
2.36
2.16
2.11
2.06
2.06
2.06
2.11
2.06
2.11
2.16
2.21
2.39
2.34
2.34
2.29
2.24
2.24
2.34
2.39
2.51
2.51
2.56
2.61
2.66
2.76
2.86
3.01
3.06
3.21
3.31
3.46
2.51
2.51
2.51
10.21
2.36
2.36
2.31
10.61
10.66
10.71
10.81
10.86
10.81
10.76
10.71
11.61
12.71
12.96
31.21
20.41
20.36
20.61
30.91
28.66
20.21
20.31
50.00
10.76
10.71
10.76
10.86
10.76
10.71
10.61
10.51
10.46
10.31
3.56
3.31
3.16
3.01
2.86
2.71
2.51
1.46
1.21
1.19
1.19
1.19
1.19
1.21
1.71
1.91
2.06
2.14
2.14
1.61
1.41
1.19
1.19
1.19
1.19
1.14
1.16
1.54
1.59
1.59
1.61
1.31
1.34
1.34
1.34
1.39
1.39
1.39
1.39
1.41
1.89
1.89
1.84
1.79
1.79
1.79
1.79
1.74
1.74
1.74
1.69
1.69
1.64
1.72
1.64
1.59
1.62
1.64
1.64
1.62
1.67
1.57
1.62
1.57
1.62
1.57
1.62
1.57
1.57
1.57
1.62
1.57
1.57
1.52
1.57
1.57
1.57
1.52
-27.295000 -0.105989 0.669207
