1 180
0.97
0.97
0.97
0.97
0.94
0.94
0.94
0.94
0.94
0.99
0.99
0.99
1.04
0.99
0.99
0.99
0.99
1.04
0.99
1.04
1.04
1.04
0.99
1.04
1.04
1.09
1.09
1.09
1.09
1.14
1.14
1.14
1.14
1.14
1.19
1.19
1.24
1.24
1.24
1.29
1.24
1.29
1.34
1.34
1.34
1.39
1.39
1.44
1.49
1.54
1.54
1.59
1.64
1.64
1.69
1.74
1.79
1.84
1.89
1.94
1.99
2.09
2.16
2.21
2.31
2.41
2.46
2.61
2.71
3.06
3.26
3.46
3.56
3.56
3.76
4.01
4.36
4.71
5.16
5.61
6.16
6.96
7.91
9.21
10.91
11.41
17.61
18.41
18.51
10.96
11.11
50.00
12.61
10.96
9.21
7.66
7.21
5.86
5.26
4.76
4.36
4.01
3.71
3.41
3.21
3.01
2.81
2.66
2.51
2.46
2.31
2.26
2.11
2.01
1.99
1.91
1.84
1.74
1.69
1.64
1.64
1.59
1.49
1.49
1.44
1.39
1.39
1.39
1.31
1.31
1.34
1.31
1.34
1.29
1.29
1.24
1.24
1.19
1.24
1.19
1.14
1.14
1.14
1.14
1.09
1.09
1.09
1.04
1.04
1.04
1.04
0.99
0.99
0.99
0.99
0.99
0.99
0.94
0.94
0.99
0.94
0.94
0.94
0.94
0.94
0.94
0.94
0.89
0.89
0.92
0.89
0.89
0.82
0.85
0.82
0.82
0.79
0.84
0.82
0.79
-3.674900 -24.200100 -3.042081
