1 180
4.02
3.97
3.82
3.72
3.62
3.47
3.42
3.32
3.22
3.17
3.07
3.02
2.95
2.90
2.85
2.80
2.80
2.70
2.70
2.60
2.60
2.55
2.50
2.50
2.45
2.40
2.40
2.35
2.35
2.25
2.25
2.25
2.20
2.20
2.15
2.15
2.10
2.10
2.05
2.05
2.05
2.05
2.05
2.00
2.00
2.00
2.00
2.03
1.98
2.03
2.05
2.22
2.47
2.72
3.07
3.52
4.07
4.82
6.02
7.62
9.32
11.22
20.58
20.82
23.02
22.97
12.32
50.00
9.32
7.47
7.52
7.57
7.57
7.62
7.62
6.07
5.72
5.37
4.97
5.02
5.17
50.00
50.00
5.62
5.62
5.67
3.37
3.27
3.12
3.07
2.92
2.82
2.77
2.67
2.60
2.55
2.50
2.45
2.40
2.35
2.45
2.50
2.45
2.50
2.60
2.65
2.70
2.70
2.75
2.80
2.47
2.40
2.47
3.02
3.07
2.42
2.37
2.37
2.47
3.07
3.02
2.97
3.07
3.17
3.22
3.62
4.32
4.52
4.67
9.02
8.72
8.62
6.47
8.52
5.92
8.62
9.12
6.37
6.27
7.07
6.67
8.22
6.02
8.17
6.57
8.77
8.17
8.87
8.27
8.17
8.17
8.82
8.82
8.82
8.82
8.82
8.12
8.07
8.07
8.17
8.12
8.17
8.92
8.97
8.52
8.27
8.12
8.12
8.07
8.47
9.27
3.37
3.17
3.17
3.07
3.02
2.97
3.22
3.32
3.22
-41.314903 -6.056880 2.333030
