1 180
5.94
5.94
6.56
6.56
6.61
6.56
4.11
3.96
3.96
3.94
3.91
3.96
3.96
3.96
3.96
4.16
4.21
4.21
4.26
4.31
3.56
3.56
3.56
3.56
3.56
3.36
3.36
1.54
1.56
1.46
1.46
1.41
1.36
1.31
1.06
0.96
1.01
1.06
1.06
1.11
1.06
1.11
1.16
1.16
1.16
1.16
1.19
1.16
1.21
1.26
1.31
1.36
1.36
1.36
1.41
1.36
1.41
1.51
1.56
1.56
1.66
1.66
1.66
1.76
1.81
1.91
1.91
2.01
2.11
2.21
2.21
2.41
2.51
2.56
2.71
2.91
3.06
3.21
3.46
3.61
3.86
4.16
4.51
5.81
5.76
6.36
7.56
7.71
7.71
7.71
7.71
13.66
13.71
14.71
14.71
13.86
13.86
13.81
13.86
13.86
50.00
10.56
7.01
6.51
6.06
5.61
5.16
4.81
4.51
4.21
4.11
3.91
3.86
3.91
3.96
2.81
2.66
2.51
2.41
2.36
2.26
2.21
2.11
2.06
1.96
1.96
1.86
1.81
1.81
1.71
1.71
1.71
1.61
1.56
1.56
1.51
1.51
1.49
1.46
1.41
1.41
1.36
1.36
1.31
1.36
1.21
1.21
1.21
1.16
1.21
1.16
1.16
1.11
1.19
1.21
1.16
1.16
1.16
1.16
1.16
1.16
1.11
1.11
1.11
1.11
1.11
1.04
1.01
1.06
1.01
0.61
0.56
0.54
0.54
0.59
0.59
0.59
0.59
0.54
0.54
-25.718700 -26.424500 -3.004871
