1 180
1.29
1.29
1.34
1.39
1.44
1.49
1.49
1.59
1.64
1.64
1.74
1.79
1.84
1.94
1.99
2.06
2.16
2.26
2.36
2.51
2.66
2.81
3.01
3.26
3.46
3.71
4.06
4.51
6.01
6.36
6.41
7.31
8.76
12.21
14.31
18.96
26.96
44.16
44.01
44.06
50.00
26.76
18.96
17.01
14.51
12.66
11.41
10.31
9.31
8.56
8.26
7.36
6.91
6.51
6.16
5.86
5.56
5.31
5.06
4.86
4.61
4.46
4.26
4.11
3.96
3.81
3.66
3.61
3.46
3.36
3.31
3.21
3.11
3.06
2.96
2.91
2.86
2.84
2.74
2.69
2.64
2.59
2.54
2.49
2.44
2.44
2.39
2.34
2.34
2.31
2.34
2.34
2.34
2.34
2.29
2.24
2.24
2.19
2.19
2.19
2.14
2.09
2.09
2.09
2.09
2.09
2.04
2.04
1.99
1.99
1.99
1.89
1.84
1.79
1.84
1.79
1.84
1.84
1.79
1.79
1.79
1.82
1.82
1.56
1.46
1.51
1.46
1.46
1.51
1.56
1.36
1.34
1.29
1.29
1.34
1.41
7.46
6.81
4.56
5.16
6.76
6.81
6.86
8.01
7.91
7.81
4.61
4.56
4.56
4.81
4.61
4.61
4.56
4.61
2.96
2.86
2.86
2.76
2.66
2.61
2.56
2.41
2.36
2.36
2.31
2.21
2.16
2.14
2.11
2.06
2.01
2.01
1.96
1.91
1.86
1.81
1.86
1.81
1.79
1.76
-17.724699 -25.063999 2.620358
