1 180
24.26
39.81
46.61
12.51
47.16
12.11
12.21
12.11
11.01
8.31
6.66
5.56
4.81
4.21
3.81
3.41
3.06
2.81
2.61
2.46
2.26
2.11
1.96
1.86
1.76
1.74
1.59
1.54
1.49
1.44
1.39
1.34
1.29
1.24
1.19
1.15
1.12
1.17
1.17
1.12
1.17
1.19
1.19
1.19
1.19
1.24
1.24
1.29
1.29
1.34
1.34
1.39
1.39
1.39
1.44
1.49
1.49
1.49
1.59
1.64
1.64
1.69
1.74
1.79
1.84
1.89
1.94
1.99
2.09
2.11
2.21
2.31
2.36
2.51
2.56
2.76
2.86
3.06
3.16
3.36
3.61
3.81
4.11
4.46
4.86
5.14
5.86
6.46
7.36
8.31
10.01
12.16
16.11
21.41
23.56
29.26
29.21
29.26
16.46
12.81
10.16
9.06
7.86
6.36
5.61
5.11
4.61
4.26
3.91
3.61
3.31
3.39
3.39
3.71
3.71
3.76
3.76
3.76
4.21
4.26
50.00
50.00
4.16
1.84
1.79
1.69
1.69
1.64
1.59
1.54
1.49
1.49
1.39
1.39
1.34
1.29
1.29
1.24
1.24
1.19
1.19
1.14
1.14
1.14
1.09
1.09
1.09
1.09
1.04
1.04
0.99
0.99
1.04
1.09
1.09
1.14
1.19
1.19
1.24
1.29
1.29
1.39
1.49
1.54
1.54
1.64
1.71
1.81
1.91
2.01
2.01
1.86
1.81
1.86
1.81
1.86
1.91
2.14
2.36
5.56
-0.009393 -0.978698 -1.670848
