1 180
1.29
1.29
1.29
1.39
1.44
1.49
1.49
1.54
1.59
1.69
1.74
1.79
1.89
1.89
2.01
2.06
2.16
2.26
2.41
2.51
2.66
2.81
3.06
3.26
3.46
3.76
4.11
4.56
6.01
6.36
6.41
7.31
8.76
12.21
14.26
18.96
27.01
44.16
44.01
44.06
50.00
26.81
18.96
16.96
14.41
12.66
11.36
10.26
9.36
8.56
8.26
7.41
6.91
6.51
6.21
5.86
5.56
5.31
5.01
4.86
4.61
4.46
4.21
4.11
4.01
3.86
3.71
3.61
3.51
3.41
3.31
3.21
3.11
3.06
2.96
2.91
2.86
2.79
2.74
2.64
2.64
2.59
2.54
2.49
2.49
2.44
2.39
2.34
2.31
2.31
2.34
2.36
2.34
2.34
2.24
2.24
2.24
2.24
2.19
2.19
2.14
2.09
2.09
2.09
2.09
2.09
2.04
2.04
1.99
1.99
1.99
1.84
1.84
1.84
1.84
1.79
1.84
1.79
1.79
1.41
1.39
1.34
1.34
1.34
1.34
1.39
1.44
1.54
1.49
1.54
1.61
21.76
21.81
50.00
50.00
8.61
7.46
6.81
4.64
6.71
6.76
6.76
6.81
7.96
8.16
7.86
4.56
4.51
4.56
4.81
4.56
4.56
4.61
4.66
2.91
2.86
2.86
2.76
2.66
2.56
2.51
2.41
2.36
2.36
2.26
2.16
2.11
2.14
2.11
2.06
2.01
1.96
1.91
1.91
1.91
1.86
1.86
1.86
1.76
1.76
-17.724699 -25.063999 2.620358
