1 180
1.16
1.11
1.11
1.11
1.11
1.11
1.06
1.06
0.99
1.06
1.06
1.06
1.01
1.06
1.01
0.96
1.01
0.96
0.96
0.96
0.91
0.91
0.91
0.94
0.94
0.94
0.99
0.94
0.94
0.92
0.97
0.92
0.92
0.97
0.92
0.92
0.89
0.89
0.94
0.96
0.91
0.94
0.86
0.91
0.91
0.91
0.96
0.91
0.96
0.91
0.91
0.96
0.91
0.99
1.01
1.01
1.06
1.06
1.06
1.11
1.11
1.11
1.16
1.16
1.16
1.16
1.16
1.19
1.26
1.26
1.26
1.26
1.26
1.31
1.31
1.31
1.31
1.36
1.41
1.46
1.46
1.51
1.51
1.56
1.54
1.56
1.56
1.71
1.81
1.81
1.81
1.86
1.96
2.01
2.11
2.11
2.16
2.26
2.31
2.41
3.86
3.81
3.81
3.76
3.91
4.26
4.46
4.76
5.16
5.46
5.91
6.41
7.31
4.06
3.86
3.54
3.76
13.26
15.81
20.06
20.01
20.01
20.01
19.96
22.21
10.66
7.86
6.46
5.41
3.49
3.46
2.81
2.72
2.91
2.71
2.46
2.31
2.16
2.01
1.84
1.84
1.80
1.82
1.84
1.89
1.89
1.89
1.89
1.94
1.94
1.94
1.94
1.94
1.99
2.04
2.04
2.09
2.09
2.14
2.19
2.19
2.24
2.29
2.29
2.34
2.39
2.44
2.44
2.54
2.54
2.59
2.64
2.64
2.74
2.84
2.89
2.91
3.01
3.06
3.16
-4.688020 -12.976000 0.276052
