1 180
1.62
1.67
1.62
1.57
1.57
1.57
1.52
1.52
1.52
1.52
1.52
1.52
1.49
1.61
1.66
1.76
1.62
1.57
1.71
2.51
2.56
2.34
2.34
4.44
4.44
5.61
6.66
8.86
14.46
19.56
19.51
22.21
19.66
19.56
19.56
13.41
11.56
10.61
9.01
8.06
7.36
2.61
2.49
2.66
50.00
50.00
50.00
50.00
4.81
4.36
50.00
50.00
50.00
3.96
50.00
50.00
50.00
2.86
2.81
2.86
2.86
2.86
2.76
2.71
2.61
2.51
2.46
2.46
2.41
2.31
2.11
2.06
2.01
1.96
1.96
2.01
2.06
2.26
2.26
2.36
2.41
2.36
2.34
2.31
2.46
2.41
2.36
2.41
2.31
2.31
2.31
2.26
2.26
2.21
2.21
2.16
2.16
2.16
2.11
2.06
2.11
2.11
2.11
2.11
2.01
2.06
2.06
2.01
2.01
1.96
2.01
1.96
1.96
1.91
1.96
1.96
1.91
1.91
1.94
1.94
1.90
1.94
1.94
1.94
1.94
1.96
1.96
1.96
1.96
1.92
1.92
1.97
1.97
1.97
1.99
2.11
2.16
2.11
2.16
2.21
2.21
2.21
2.21
2.26
2.31
2.26
2.26
2.26
2.31
2.21
2.21
2.26
2.29
2.26
2.26
2.36
2.51
2.56
2.56
2.61
2.66
2.66
2.71
2.76
2.81
2.86
2.91
2.96
2.91
3.11
3.16
3.21
3.31
3.36
3.46
3.51
3.61
3.56
3.51
3.66
-33.583603 18.827900 1.772248
