1 180
1.60
1.65
1.60
1.62
1.62
1.57
1.62
1.67
1.67
1.67
1.67
1.72
1.67
1.72
1.72
1.74
1.74
1.79
1.77
1.79
1.84
1.84
1.89
1.89
1.89
1.94
1.94
1.99
2.04
2.04
2.09
2.14
2.14
2.19
2.24
2.29
2.34
2.39
2.44
2.44
2.54
2.59
2.64
2.66
2.76
2.81
2.96
3.01
3.16
3.26
3.31
3.46
3.56
3.71
3.81
4.06
4.21
4.41
4.66
4.86
5.16
5.46
5.76
6.11
6.56
7.06
7.66
8.36
9.16
10.21
11.51
13.26
14.16
14.31
14.51
23.26
15.31
43.91
50.00
15.91
15.11
15.41
14.06
13.86
13.56
13.86
13.11
11.76
10.61
9.71
9.01
8.41
7.81
7.31
6.86
6.51
6.21
5.91
5.61
5.36
5.11
4.91
4.71
4.56
4.41
4.21
4.11
4.01
3.86
3.76
3.66
3.51
3.46
3.36
3.31
3.21
3.11
3.01
3.01
2.94
2.89
2.89
2.84
2.79
2.69
2.69
2.64
2.54
2.54
2.49
2.49
2.44
2.39
2.39
2.34
2.29
2.29
2.29
2.19
2.19
2.19
2.19
2.14
2.14
2.14
2.14
2.09
2.04
2.04
2.04
1.99
2.04
2.04
1.99
1.99
1.99
2.02
2.02
1.97
2.21
2.46
2.86
3.36
4.06
5.06
7.41
9.46
11.21
20.71
23.01
20.96
23.06
12.31
50.00
9.36
7.86
7.56
7.61
7.61
7.66
-41.307598 -6.052330 0.331879
