1 180
2.01
1.99
1.99
1.99
1.94
1.99
1.97
1.97
1.97
1.92
1.97
1.92
1.97
1.97
1.97
1.97
1.97
1.94
1.99
1.91
1.96
1.96
1.96
2.01
2.01
2.01
2.01
2.06
2.06
2.06
2.11
2.09
2.11
2.16
2.16
2.21
2.21
2.26
2.16
2.26
2.26
2.31
2.31
2.36
2.36
2.31
2.36
2.41
2.41
2.51
2.56
2.61
2.66
2.64
2.71
2.76
2.81
2.81
2.86
2.96
3.01
3.06
3.11
3.21
3.26
3.31
3.36
3.56
3.56
3.71
3.81
3.86
4.11
5.96
5.86
5.01
5.01
4.91
4.91
4.86
4.81
4.76
4.86
5.16
5.51
5.86
6.21
6.56
7.21
7.71
8.41
9.56
9.51
10.36
11.21
14.56
14.61
15.26
22.56
3.29
3.29
3.29
3.29
3.29
3.29
3.29
3.29
3.34
3.29
3.34
3.29
3.34
3.34
3.39
3.39
3.21
2.91
2.66
2.46
2.49
2.46
2.36
2.31
2.36
2.36
2.36
2.41
2.41
2.41
2.46
2.46
2.51
2.56
2.56
3.81
3.81
3.81
5.26
5.31
5.41
5.46
5.56
5.61
5.71
5.81
5.91
5.96
4.61
4.61
4.76
4.61
4.56
2.61
2.66
2.71
2.76
2.86
2.91
2.96
3.01
3.06
3.21
3.31
3.41
3.51
3.61
4.71
4.66
4.71
5.11
5.11
5.06
5.21
5.31
5.31
5.31
5.26
5.21
5.21
5.16
-37.884499 -28.696299 -0.048342
