1 180
0.87
0.82
0.82
0.82
0.87
0.87
0.87
0.84
0.84
0.84
0.84
0.84
0.84
0.89
0.89
0.89
0.89
0.94
0.89
0.89
0.89
0.89
0.94
0.94
0.89
0.94
0.94
0.94
0.96
0.91
0.94
0.89
0.91
0.86
0.94
0.94
0.94
0.94
0.94
0.94
0.99
0.99
1.04
1.04
1.09
1.09
1.09
1.09
1.19
1.14
1.24
1.19
1.24
1.34
1.34
1.39
1.39
1.44
1.49
1.49
1.54
1.64
1.69
1.74
1.79
1.89
1.94
2.01
2.06
2.21
2.31
2.41
2.56
2.71
2.86
3.11
3.26
6.86
6.86
6.81
6.76
6.76
6.76
6.74
7.81
9.31
11.26
19.26
24.06
29.66
35.41
35.36
21.51
50.00
8.06
8.21
8.31
7.86
6.91
6.81
6.81
6.86
6.86
6.96
6.91
6.96
7.01
6.76
3.21
3.06
2.96
2.86
2.89
2.91
2.96
2.96
2.91
2.81
2.71
2.66
2.56
2.46
2.41
2.36
2.41
2.41
2.06
1.81
2.51
2.61
2.61
2.66
2.71
2.86
2.86
2.91
1.91
1.81
1.71
1.66
1.56
1.61
50.00
50.00
1.86
1.71
2.91
1.66
1.56
1.56
1.46
1.76
1.71
1.71
3.51
3.51
3.61
1.46
1.36
1.46
50.00
1.41
1.51
1.31
1.26
1.26
1.16
1.07
1.07
1.04
1.07
1.12
1.15
1.15
1.12
1.17
1.15
1.15
1.11
1.14
-7.325240 17.537800 -1.118497
