1 180
1.71
1.71
1.76
1.76
1.81
1.76
1.76
1.76
1.76
1.81
1.76
1.76
1.81
1.78
1.86
1.78
1.81
1.86
1.83
1.83
1.88
1.88
1.93
1.93
1.93
1.98
1.98
1.98
1.98
2.03
2.03
2.08
2.13
2.13
2.18
2.18
2.23
2.23
2.28
2.33
2.38
2.43
2.43
2.48
2.53
2.53
2.60
7.75
7.60
7.50
4.75
4.70
4.60
4.55
4.55
4.45
4.40
4.35
4.35
4.30
4.20
4.20
4.15
4.15
4.35
4.55
4.70
4.95
5.20
5.30
5.20
5.20
5.20
5.35
10.80
10.80
8.55
11.40
8.55
9.25
10.45
10.45
8.35
8.90
10.60
10.85
10.55
10.65
11.20
11.20
11.20
10.95
10.40
10.45
10.45
10.50
11.30
11.35
10.70
10.55
5.95
3.75
3.70
3.75
3.90
3.90
3.90
5.35
5.10
4.85
4.65
4.50
4.25
4.15
4.20
4.20
4.25
4.30
4.35
4.40
4.45
4.50
4.55
4.60
4.65
4.95
8.40
8.25
8.15
7.10
2.59
2.56
2.48
2.48
2.38
2.38
2.38
2.28
2.28
2.28
2.23
2.13
2.13
2.13
2.08
2.13
2.08
2.03
1.98
1.98
1.93
1.93
1.93
1.93
1.93
1.88
1.83
1.83
1.83
1.83
1.83
1.83
1.78
1.81
1.81
1.81
1.76
1.76
1.76
1.76
1.76
1.76
1.76
1.76
1.71
1.76
1.76
1.76
1.76
1.71
-35.723602 -5.828000 -2.498140
