1 180
0.92
0.97
0.92
0.97
0.92
0.92
0.97
0.92
0.97
0.94
0.97
0.94
0.94
0.94
0.94
0.94
0.94
0.94
0.94
0.97
0.94
0.94
0.94
0.99
0.99
0.99
0.99
0.99
1.04
1.09
1.04
1.04
1.09
1.09
1.09
1.09
1.09
1.09
1.14
1.19
1.19
1.19
1.19
1.24
1.24
1.29
1.24
1.29
1.29
1.34
1.34
1.39
1.44
1.44
1.49
1.54
1.59
1.64
1.64
1.69
1.74
1.76
1.84
1.89
1.99
2.04
2.09
2.21
2.41
2.51
2.61
2.76
2.86
3.01
2.99
3.11
3.26
3.46
3.66
3.96
4.21
4.61
5.01
5.46
6.06
6.81
7.71
8.96
10.66
13.11
18.16
18.16
23.81
23.86
23.86
23.86
22.96
11.16
9.81
8.01
6.96
6.11
5.41
4.96
4.56
4.16
3.86
3.66
3.66
3.46
3.26
2.76
2.66
2.56
2.51
2.56
2.46
2.36
2.21
2.16
2.06
2.06
1.99
1.76
1.64
1.64
1.59
1.54
1.49
1.49
1.44
1.44
1.39
1.34
1.29
1.29
1.29
1.24
1.19
1.19
1.19
1.14
1.14
1.14
1.09
1.09
1.09
1.04
1.04
1.04
1.04
1.04
0.99
1.04
0.94
0.99
0.94
0.94
0.94
0.94
0.94
0.89
0.94
0.89
0.84
0.89
0.89
0.84
0.89
0.84
0.84
0.84
0.89
0.89
0.84
0.84
0.84
0.84
0.84
0.87
-0.002995 -6.422730 -1.614089
