1 180
1.78
1.78
1.75
1.73
1.70
1.68
1.65
1.65
1.63
1.60
1.58
1.58
1.58
1.50
1.45
1.50
1.48
1.48
1.45
1.43
1.45
1.43
1.40
1.38
1.38
1.33
1.35
1.30
1.25
1.30
1.30
1.25
1.25
1.30
1.30
1.35
1.35
1.40
1.50
1.55
1.55
2.05
2.10
2.17
2.27
2.37
2.42
2.52
2.72
2.77
2.92
3.12
3.22
3.47
3.67
3.97
4.27
4.57
4.92
5.47
6.02
6.77
7.62
8.92
10.57
13.12
19.22
21.62
21.62
21.57
21.67
21.62
21.67
21.67
21.72
16.07
13.22
11.67
11.72
11.77
11.82
7.87
7.27
6.72
6.32
5.97
5.62
5.17
5.02
4.82
4.57
4.35
4.22
3.97
3.87
3.72
3.62
3.47
3.37
3.22
3.17
3.07
2.97
2.92
2.82
2.77
2.75
2.65
2.60
2.55
2.50
2.45
2.40
2.35
2.30
2.25
2.00
1.95
1.90
1.85
1.85
1.80
1.80
1.75
1.75
1.75
1.75
1.80
1.85
1.80
1.90
1.95
2.00
2.00
2.00
2.10
2.10
2.15
2.15
2.20
2.25
2.30
2.30
2.35
2.40
2.45
2.50
2.50
2.55
2.60
2.70
2.70
2.75
2.80
2.85
2.90
3.00
3.00
3.07
3.12
3.17
3.17
3.22
3.32
3.37
3.42
3.47
3.57
3.57
3.62
3.77
3.82
3.87
3.92
4.02
4.07
4.07
3.97
4.02
4.02
-19.372499 1.955080 -0.478296
