1 180
44.01
49.71
36.81
29.41
21.01
16.96
12.41
12.36
9.66
9.81
9.16
7.21
6.26
6.06
5.91
5.16
5.16
6.31
6.31
6.36
4.01
6.46
6.46
6.56
6.56
6.61
6.71
6.71
2.79
2.66
2.56
2.56
2.59
2.56
2.46
2.56
2.46
2.41
2.41
2.31
2.26
2.21
2.16
2.16
2.01
1.81
1.76
1.81
1.86
2.21
3.56
3.66
3.71
3.81
3.91
3.96
4.06
4.16
4.31
1.91
1.96
1.91
1.86
1.81
1.81
1.81
1.76
1.81
1.76
1.76
1.86
1.81
1.76
1.56
1.71
1.71
1.71
1.46
1.76
1.71
1.46
1.61
1.61
1.56
1.56
1.51
1.51
1.29
1.41
1.39
1.34
1.41
1.41
1.46
1.51
1.51
1.41
1.41
1.61
1.61
1.61
1.66
1.66
1.66
1.76
1.81
1.86
1.91
1.81
1.81
1.86
1.81
1.71
1.66
1.61
1.61
1.61
1.56
1.61
1.66
1.66
1.66
1.66
1.71
1.76
1.76
1.76
1.76
1.91
1.81
1.76
1.71
1.74
1.74
1.79
1.79
1.89
1.86
1.91
1.91
2.01
6.26
5.94
5.86
8.51
8.46
8.31
8.26
3.96
3.41
3.26
3.11
3.06
3.01
3.06
3.11
3.11
3.16
3.16
3.26
3.41
3.66
3.56
3.51
3.51
3.56
3.56
3.71
3.81
3.91
7.01
7.01
7.01
6.96
6.96
6.51
6.51
6.71
6.71
6.66
-13.798400 30.239500 0.430455
