1 180
1.27
1.27
1.27
1.27
1.27
1.27
1.27
1.27
1.27
1.27
1.27
1.27
1.27
1.27
1.32
1.37
1.32
1.32
1.37
1.32
1.37
1.32
1.37
1.42
1.37
1.37
1.37
1.42
1.42
1.47
1.44
1.44
1.44
1.49
1.57
1.57
1.52
1.54
1.54
1.64
1.64
1.69
1.64
1.69
1.74
1.79
8.66
8.51
8.41
8.21
8.11
8.01
7.81
7.76
7.66
7.56
7.26
7.11
7.06
7.16
7.31
7.41
7.51
7.56
7.66
7.71
7.81
7.91
7.96
8.01
8.11
8.16
8.21
8.26
8.36
8.41
8.41
8.51
8.51
8.56
8.41
8.36
8.41
8.46
9.61
10.41
10.76
24.21
28.91
18.51
18.56
18.11
19.61
19.66
3.21
3.11
3.11
3.26
8.66
3.16
3.11
3.16
8.46
8.51
8.41
8.41
8.36
8.31
8.21
8.16
8.11
8.01
7.96
7.91
2.21
2.19
2.19
2.21
2.51
2.41
2.44
2.41
7.16
6.96
6.96
7.01
7.06
7.41
7.51
7.61
7.76
1.61
1.59
1.54
1.54
1.49
1.49
1.44
1.34
1.34
1.34
1.29
1.29
1.24
1.24
1.24
1.19
1.19
1.19
1.19
1.14
1.14
1.14
1.14
1.09
1.09
1.09
1.09
1.04
1.09
1.09
1.04
1.04
1.04
1.04
1.04
1.04
1.02
0.99
1.02
1.07
1.02
1.02
1.02
1.02
1.02
1.02
1.02
1.02
1.02
-25.295601 1.254790 0.590809
