1 180
0.72
0.72
0.77
0.77
0.77
0.77
0.77
0.77
0.77
0.74
0.74
0.74
0.74
0.74
0.79
0.74
0.79
0.74
0.74
0.79
0.79
0.79
0.79
0.79
0.84
0.79
0.84
0.84
0.84
0.84
0.84
0.89
0.89
0.89
0.89
0.89
0.94
0.94
0.94
0.94
0.94
0.99
1.04
0.99
1.04
1.04
1.01
1.04
1.01
1.01
1.01
1.04
1.04
1.04
1.14
1.09
1.19
1.19
1.24
1.24
1.29
1.34
1.39
1.44
1.49
1.54
1.59
1.69
1.74
1.81
1.86
1.96
2.06
2.11
2.31
2.46
2.56
2.76
2.96
10.06
10.06
9.96
9.96
9.96
7.66
5.21
5.21
5.26
5.21
5.06
4.96
4.96
5.01
5.01
5.01
5.21
5.36
7.41
5.11
5.06
5.11
5.11
5.11
5.01
4.96
5.01
5.01
5.01
5.11
3.61
3.46
3.31
3.16
3.01
2.91
2.76
2.66
2.56
2.46
2.41
2.31
2.21
2.19
2.14
2.09
1.99
1.99
1.89
1.84
1.84
1.79
1.74
1.69
1.64
1.64
1.64
1.59
1.54
1.49
1.54
1.49
1.44
1.44
1.39
1.41
1.36
1.41
1.44
1.44
1.39
1.39
1.39
1.39
1.34
1.34
1.29
1.34
1.29
1.29
1.29
1.29
1.24
1.29
1.27
1.24
1.27
1.22
1.19
1.27
1.27
1.22
1.22
1.22
1.22
1.22
1.22
1.17
1.22
1.22
1.17
-16.739799 28.336298 0.552992
