1 180
5.26
5.21
5.16
5.16
5.16
5.16
5.11
5.06
5.06
5.06
5.06
5.01
5.86
6.96
6.96
6.96
6.96
6.96
13.21
27.41
24.56
17.26
17.26
17.31
17.21
17.31
50.00
13.41
12.51
11.16
10.36
9.71
9.16
8.61
6.11
5.81
5.61
5.56
5.61
5.66
5.76
4.36
4.11
4.01
3.86
3.86
3.86
3.96
4.01
3.16
3.06
2.91
2.86
2.76
2.61
2.61
2.51
2.46
2.41
2.41
2.31
2.21
2.16
2.21
4.11
4.21
4.71
5.21
5.06
5.06
4.96
4.96
4.86
4.81
4.71
4.71
4.41
2.16
1.84
1.81
1.56
1.56
1.56
1.51
1.51
1.51
1.46
1.51
1.46
1.46
1.46
1.44
1.51
1.51
1.64
1.64
1.64
1.64
1.59
1.59
1.59
1.62
1.57
1.62
1.62
1.62
1.62
1.57
1.62
1.57
1.57
1.57
1.62
1.57
1.61
1.66
1.71
2.91
2.86
2.86
2.86
2.81
2.69
2.81
3.06
4.26
4.26
4.16
4.16
4.16
4.26
4.46
4.46
4.56
4.56
2.06
2.06
2.06
2.11
2.16
2.16
2.16
2.16
2.26
2.26
2.31
2.36
2.36
2.39
2.41
2.46
2.51
2.56
1.71
1.69
1.74
1.71
2.81
2.86
3.56
1.76
1.74
1.74
1.76
2.19
3.41
3.56
3.71
3.81
2.01
1.91
1.91
1.94
1.91
2.01
2.21
4.91
5.11
5.46
2.11
-37.866398 -28.701500 2.972926
