1 180
1.13
1.13
1.13
1.13
1.13
1.18
1.18
1.22
1.20
1.15
1.15
1.15
1.18
1.18
1.20
1.20
1.20
1.20
1.20
1.25
1.70
1.35
1.30
1.30
1.30
1.35
1.40
1.45
1.25
1.25
1.20
1.20
1.25
1.25
1.25
1.25
1.45
1.45
1.45
1.45
1.45
1.45
1.55
1.95
1.92
1.82
2.70
2.75
2.75
2.87
2.92
3.02
3.02
3.12
3.22
3.32
3.47
3.52
3.67
3.77
3.92
4.07
4.22
4.37
4.57
4.72
4.92
5.22
5.52
5.77
6.12
6.52
6.92
7.47
8.07
8.72
9.52
10.52
11.72
13.27
16.47
17.57
17.57
23.57
20.17
20.12
22.27
23.67
23.22
23.57
15.32
15.42
17.87
16.47
13.17
11.67
10.57
9.52
8.77
8.07
7.52
7.02
6.57
6.17
5.87
5.52
5.27
5.02
4.87
4.67
4.47
4.27
4.12
4.02
3.87
3.72
3.57
3.47
3.37
3.32
3.17
3.12
3.02
2.92
2.92
2.82
2.77
2.75
2.70
2.65
2.55
2.50
2.50
2.45
2.40
2.35
2.30
2.35
2.30
2.25
2.20
2.15
2.15
1.67
1.62
1.57
1.52
1.52
1.47
1.47
1.47
1.47
1.47
1.47
1.27
1.25
1.25
1.20
1.25
1.20
1.25
1.25
1.25
1.20
1.20
1.25
1.22
1.23
1.23
1.18
1.18
1.23
1.18
1.18
1.18
1.18
1.18
1.13
1.18
1.18
-25.238899 1.364520 -2.500238
