1 180
49.81
49.76
28.41
21.01
16.96
12.36
12.41
9.61
9.86
7.21
6.31
6.01
5.96
5.06
5.16
6.31
6.31
6.36
6.36
6.41
6.41
6.46
6.56
6.56
2.71
2.66
2.56
2.46
2.49
2.49
2.36
2.41
2.41
2.36
2.31
2.21
2.16
2.16
2.11
2.06
1.81
1.66
1.71
1.74
1.76
3.26
3.31
3.36
3.41
3.51
3.56
3.71
3.76
3.81
3.96
1.96
1.81
1.86
1.81
1.66
1.81
1.61
1.61
1.71
1.66
1.71
1.56
1.66
1.51
1.56
1.46
1.41
1.61
1.61
1.61
1.56
1.46
1.41
1.36
1.31
1.31
1.36
1.36
1.31
1.31
1.26
1.16
1.26
1.26
1.24
1.17
1.17
1.21
1.26
1.31
1.31
1.26
1.21
1.21
1.46
1.46
1.46
1.51
1.56
1.61
1.66
1.71
1.66
1.71
2.66
1.81
1.76
1.71
1.66
1.56
1.51
1.46
1.41
1.41
1.46
1.46
1.46
1.46
1.51
1.51
1.56
1.56
1.61
1.61
1.56
1.66
1.66
1.71
1.56
1.61
1.56
1.59
1.59
1.64
1.69
1.74
1.76
1.76
1.81
1.86
5.71
8.41
8.26
8.16
8.11
3.91
3.91
3.26
3.16
3.06
2.96
2.91
3.01
3.01
3.06
3.11
3.11
3.21
3.21
3.61
3.51
3.46
3.41
3.46
3.56
3.61
3.76
3.81
6.96
6.96
6.91
6.91
6.71
6.46
6.61
-13.568399 30.411598 0.445686
