1 180
1.22
1.27
1.22
1.22
1.22
1.22
1.22
1.27
1.27
1.22
1.27
1.27
1.27
1.27
1.27
1.32
1.32
1.27
1.32
1.37
1.32
1.37
1.34
1.37
1.37
1.37
1.39
1.39
1.39
1.42
1.39
1.44
1.49
1.49
1.54
1.54
1.54
1.59
1.59
1.59
1.64
1.69
1.74
1.74
1.79
1.84
1.84
1.89
1.94
1.99
2.04
2.04
2.14
2.19
2.24
2.34
2.39
2.41
2.46
2.56
2.66
2.76
2.86
3.01
3.11
3.51
3.66
3.91
3.96
4.01
4.21
4.51
4.76
5.11
5.51
5.91
6.41
7.16
7.91
8.91
10.06
10.46
18.26
18.36
50.00
37.26
38.91
38.91
38.96
33.36
22.31
18.36
18.26
10.51
10.46
9.41
8.46
7.41
6.96
6.46
5.96
5.56
5.21
4.86
4.61
4.41
4.16
3.96
3.81
3.61
3.46
3.31
3.21
3.06
3.01
2.91
2.81
2.71
2.61
2.56
2.49
2.39
2.34
2.24
2.24
2.24
2.14
2.14
2.09
2.04
1.99
1.94
1.89
1.89
1.84
1.84
1.79
1.79
1.74
1.69
1.69
1.69
1.69
1.66
1.59
1.59
1.59
1.54
1.59
1.49
1.54
1.49
1.49
1.49
1.49
1.44
1.44
1.44
1.47
1.42
1.42
1.42
1.42
1.42
1.37
1.42
1.37
1.37
1.37
1.37
1.37
1.42
1.37
1.37
1.37
1.37
1.32
1.37
1.32
1.37
-30.726398 15.455400 -0.825616
