1 180
1.52
1.52
1.52
1.57
1.52
1.52
1.57
1.57
1.57
1.57
1.62
1.57
1.62
1.59
1.59
1.62
1.59
1.62
1.67
1.69
1.69
1.69
1.69
1.74
1.74
1.69
1.74
1.79
1.79
1.79
1.79
1.84
1.89
1.89
1.94
1.99
1.99
1.99
2.04
2.09
2.09
2.14
2.14
2.24
2.29
2.29
2.34
2.44
2.49
2.54
2.59
2.61
2.69
2.76
2.86
2.91
3.01
3.11
3.21
3.31
3.41
3.56
3.71
3.86
4.01
4.16
4.36
4.61
4.86
5.06
5.36
5.66
7.66
7.56
7.41
7.46
8.01
8.01
8.01
8.01
7.96
7.91
7.86
7.91
7.86
7.91
7.86
7.86
7.74
7.84
7.96
7.96
7.96
7.96
7.91
7.86
8.01
8.06
5.36
5.11
5.16
4.21
3.96
3.76
3.51
3.36
3.11
3.01
2.86
2.76
2.66
2.51
2.41
2.31
2.26
2.19
2.14
2.09
2.04
1.94
1.89
1.84
1.79
1.79
1.74
1.69
1.64
1.64
1.59
1.59
1.54
1.49
1.44
1.44
1.39
1.39
1.34
1.34
1.29
1.29
1.29
1.29
1.24
1.24
1.24
1.19
1.19
1.19
1.19
1.14
1.14
1.14
1.12
1.09
1.09
1.04
1.09
1.09
1.12
1.09
1.04
1.09
1.09
1.04
1.07
1.04
0.99
1.02
1.02
1.02
1.07
1.04
1.02
1.02
1.07
1.02
1.02
1.02
1.07
1.02
-29.716202 14.200100 2.308426
