1 180
1.12
1.15
1.15
1.12
2.21
1.32
1.30
1.30
1.30
1.32
1.32
2.23
2.23
2.23
2.20
2.26
2.26
2.26
2.26
2.31
2.28
2.33
2.38
2.35
2.35
2.40
2.40
2.45
2.47
2.35
2.32
2.37
2.40
2.40
2.50
2.50
2.55
2.55
2.50
2.17
2.15
2.15
2.17
2.55
2.15
2.10
2.07
2.12
2.85
2.87
2.87
3.02
3.07
3.17
3.27
3.32
3.42
3.52
3.62
3.77
3.87
4.02
4.17
4.37
8.17
8.12
8.17
8.12
8.07
8.02
7.97
7.97
7.77
7.72
7.72
8.27
8.97
9.82
10.72
11.97
13.52
14.32
22.02
22.17
27.47
38.82
39.47
39.37
39.32
22.12
14.22
12.47
9.77
8.07
6.97
6.07
5.32
4.82
4.37
4.02
3.67
3.50
3.40
3.27
3.17
2.97
2.47
2.37
2.27
2.17
2.12
2.02
1.92
1.87
1.80
1.75
1.70
1.60
1.60
1.55
1.50
1.45
1.40
1.40
1.35
1.30
1.30
1.25
1.25
1.20
1.20
1.20
1.15
1.10
1.10
1.10
1.05
1.00
1.00
1.00
1.00
0.95
1.00
0.95
0.95
0.95
0.90
0.95
0.90
0.90
0.90
0.90
0.85
0.90
0.85
0.85
0.85
0.85
0.85
0.85
0.80
0.85
0.80
0.80
0.80
0.80
0.80
0.80
0.80
0.80
0.80
0.80
0.75
0.78
0.83
0.83
0.78
0.80
0.78
0.75
-8.752160 -9.916309 2.536359
