1 180
0.80
0.83
0.80
0.75
0.75
0.80
0.80
0.80
0.75
0.75
0.75
0.75
0.75
0.75
0.75
0.75
0.75
0.75
0.80
0.80
0.75
0.75
0.75
0.80
0.75
0.75
0.80
0.80
0.85
0.80
0.80
0.80
0.80
0.80
0.85
0.80
0.85
0.80
0.85
0.85
0.85
0.85
0.85
0.85
0.90
0.90
0.90
0.90
0.95
0.95
0.95
0.95
0.95
1.00
1.00
1.00
1.05
1.00
1.05
1.10
1.10
1.10
1.15
1.15
1.15
1.20
1.25
1.25
1.30
1.30
1.35
1.40
1.40
1.50
1.45
1.55
1.60
1.60
1.70
1.75
1.80
1.85
2.00
2.02
2.12
2.17
2.27
2.42
2.57
2.67
2.87
3.07
3.27
3.52
3.82
4.12
4.52
5.07
5.67
6.47
7.42
8.82
11.12
15.07
20.57
22.67
28.32
28.32
28.32
28.37
13.52
11.27
9.42
8.17
7.22
6.97
5.87
5.32
4.92
4.52
4.22
3.92
3.72
3.47
3.32
3.12
2.97
2.82
2.72
2.62
2.55
2.55
2.55
2.70
2.95
3.00
3.00
3.02
3.37
3.42
3.47
3.52
3.47
3.37
3.42
3.32
3.27
3.17
3.17
3.12
3.12
3.07
2.97
3.02
3.07
3.12
3.17
3.12
3.07
3.02
2.97
1.20
1.25
1.20
1.20
1.20
1.15
1.15
1.15
1.10
1.10
1.10
1.10
1.10
1.10
1.05
1.05
1.05
1.05
1.03
-0.167365 -1.903170 -1.849924
