1 180
19.11
50.00
29.61
30.71
7.06
7.11
7.11
5.56
3.96
2.91
2.26
2.07
2.07
2.07
2.04
2.04
2.04
2.04
2.09
2.09
2.09
2.09
2.09
2.14
2.14
2.14
2.14
2.19
2.19
2.24
2.24
2.29
2.29
2.24
2.29
2.34
2.39
2.44
2.39
2.44
2.49
2.49
2.54
2.59
2.59
2.64
2.69
2.74
2.79
2.06
1.96
1.99
1.96
3.01
3.06
3.16
1.91
1.89
1.89
1.91
3.51
3.61
3.71
3.81
3.96
4.01
4.11
4.31
4.41
4.56
4.76
4.96
5.16
5.36
5.61
5.86
6.11
6.46
6.76
7.21
7.66
8.21
8.71
9.31
10.16
11.16
12.31
13.66
14.01
14.21
14.61
23.11
23.11
25.71
43.61
32.31
41.21
50.00
23.11
13.71
13.36
13.66
12.61
10.96
9.71
8.76
7.96
7.31
6.71
6.21
5.86
5.51
5.16
4.86
4.66
4.41
4.16
4.01
3.86
3.71
3.51
3.41
3.31
3.11
3.06
2.96
2.86
2.76
2.71
2.61
2.56
2.54
1.61
1.59
1.59
1.59
1.66
2.19
1.71
1.69
1.69
1.66
1.94
1.99
1.94
1.89
1.89
1.84
1.84
1.79
1.79
1.79
1.74
1.74
1.74
1.69
1.64
1.64
1.64
1.59
1.59
1.59
1.54
1.54
1.57
1.54
1.57
1.57
1.52
1.57
1.52
1.52
1.52
1.52
1.47
1.50
1.47
1.47
1.52
1.51
-37.736202 -6.927320 0.461546
