1 180
2.09
2.09
2.19
2.24
2.29
2.39
2.46
2.41
2.41
2.46
2.51
2.61
2.76
2.86
2.96
3.11
3.31
3.51
3.66
3.86
4.16
4.46
4.81
5.21
5.61
6.16
6.86
7.61
8.76
10.21
12.26
15.31
23.21
23.46
43.86
43.86
43.91
38.51
23.31
23.21
15.41
13.71
11.96
10.51
9.41
8.51
7.81
7.06
6.66
6.21
5.81
5.46
5.16
4.91
4.66
4.41
4.21
4.06
3.86
3.71
3.61
3.46
3.31
3.21
3.16
3.01
2.91
2.86
2.81
2.66
2.64
2.59
2.54
2.49
2.44
2.34
2.29
2.29
2.24
2.19
2.14
2.14
2.09
2.04
1.99
1.94
1.94
1.94
1.89
1.89
1.84
1.84
1.79
1.79
1.82
1.82
1.74
1.76
1.84
1.96
1.86
1.82
1.86
1.96
2.36
2.51
2.61
2.76
2.61
2.54
2.66
3.46
3.66
4.64
4.59
4.61
5.21
5.76
6.56
7.56
8.86
10.61
13.26
24.51
21.91
19.66
19.66
19.76
2.61
2.57
2.66
2.66
2.76
2.81
2.86
2.86
2.91
50.00
50.00
4.61
50.00
4.11
4.01
50.00
50.00
2.76
2.71
2.79
2.81
2.66
2.61
2.56
2.41
2.31
2.21
2.01
1.91
1.81
1.76
1.76
1.86
1.86
2.01
2.11
2.06
2.16
2.16
2.21
2.11
2.09
2.06
2.11
2.21
2.21
2.16
2.06
2.06
2.01
2.06
2.01
-29.528601 20.918798 -0.114129
