1 180
10.91
11.91
13.06
14.51
16.36
18.96
20.06
23.61
23.46
23.46
50.00
23.21
23.21
23.31
22.06
19.46
16.16
13.26
11.26
5.41
4.56
4.01
3.66
3.31
3.26
3.04
3.04
3.04
3.09
3.09
3.14
3.14
3.14
3.19
3.24
3.29
3.29
3.24
3.29
3.24
3.24
3.24
3.24
3.24
3.24
3.19
3.19
3.24
3.24
3.24
3.19
3.24
3.19
3.19
3.24
3.19
3.19
3.19
3.24
3.19
3.19
3.24
3.24
3.24
3.24
3.24
3.24
3.24
3.24
3.24
3.24
3.24
3.24
3.24
3.24
3.29
3.29
3.29
3.29
3.24
3.29
3.29
3.29
3.29
3.34
3.29
3.29
3.34
3.34
3.31
3.34
3.39
3.36
3.76
5.66
6.51
7.61
9.16
11.81
19.91
20.56
20.56
20.56
20.56
20.51
20.56
20.61
18.21
15.81
13.61
12.11
11.31
9.86
9.06
8.41
7.81
7.26
6.81
6.46
6.06
5.81
5.51
5.26
5.01
4.81
4.61
4.01
3.81
3.74
3.74
3.66
3.66
3.74
3.79
3.79
3.74
3.79
3.84
3.84
3.84
3.86
3.86
3.86
3.86
3.91
3.86
3.91
3.91
3.96
3.96
3.96
3.96
4.01
2.81
2.66
2.56
2.61
2.66
4.06
4.11
4.06
4.11
4.11
4.11
4.16
4.16
4.16
4.16
4.16
4.21
4.21
4.26
4.21
4.26
4.26
4.26
4.16
4.16
4.16
2.31
-21.132700 4.730850 2.023416
