1 180
3.66
4.26
7.06
4.71
7.46
7.61
50.00
6.66
6.61
6.56
6.46
6.41
6.36
6.41
6.26
6.26
6.26
6.21
3.61
6.11
5.96
5.91
3.21
5.91
3.86
5.86
5.91
5.86
6.86
3.31
3.96
6.66
6.66
4.51
5.56
5.56
5.56
4.11
4.16
5.56
5.56
5.56
8.71
8.71
8.71
6.76
8.81
4.01
8.81
8.86
6.76
6.31
4.51
5.71
5.41
5.11
4.86
4.66
4.51
4.26
3.31
3.21
3.11
3.01
2.39
2.29
2.29
2.16
2.16
2.06
2.06
2.11
2.34
2.29
1.21
1.19
1.19
1.14
1.24
1.16
1.94
1.21
1.06
1.04
1.04
1.04
1.06
1.06
1.84
1.89
1.94
1.99
2.04
2.14
2.14
2.26
2.86
6.11
6.06
6.01
5.91
5.91
5.86
5.86
5.81
3.61
5.71
5.66
5.71
4.56
4.46
4.46
5.26
5.41
5.61
6.56
20.66
20.46
9.11
11.76
11.76
13.86
17.66
25.96
25.86
25.76
20.06
20.01
50.00
10.21
8.06
6.66
6.41
5.09
5.01
4.06
3.71
1.21
1.24
1.24
1.24
1.24
1.26
2.21
2.11
1.26
1.21
1.24
1.19
1.24
1.21
1.26
1.60
1.55
1.59
1.54
1.59
1.64
1.64
1.64
1.69
1.69
1.74
1.74
1.74
1.84
1.84
1.84
1.89
1.89
1.94
1.99
2.04
2.09
2.09
2.14
2.19
2.24
2.34
2.34
-0.321502 0.426760 0.961280
