1 180
3.26
3.16
3.06
2.91
2.91
2.79
2.69
2.64
2.64
2.54
2.49
2.44
2.39
2.34
2.29
2.24
2.14
2.19
2.09
2.09
2.04
1.99
1.99
1.94
1.94
1.94
1.89
1.89
1.84
1.79
1.80
1.77
1.77
1.82
1.89
1.94
1.84
1.79
1.86
1.91
2.41
2.46
2.61
2.71
2.71
2.49
2.61
3.31
3.51
3.96
4.62
4.64
4.81
5.31
5.86
6.61
7.61
8.81
10.51
13.16
24.61
50.00
19.66
19.61
19.71
2.57
2.54
2.71
2.76
2.71
2.76
2.86
2.91
3.06
50.00
50.00
6.96
4.06
50.00
50.00
50.00
2.86
2.76
2.71
2.76
2.71
2.61
2.56
2.46
2.31
2.26
2.21
1.86
1.81
1.76
1.76
1.81
1.81
1.86
2.01
2.06
2.11
2.11
2.16
2.16
2.11
2.04
2.11
2.16
2.16
2.11
2.11
2.06
2.01
1.96
1.96
1.91
1.91
1.91
1.91
1.86
1.81
1.81
1.81
1.76
1.76
1.71
1.76
1.66
1.61
1.71
1.71
1.66
1.66
1.66
1.61
1.61
1.61
1.61
1.56
1.56
1.56
1.56
1.51
1.51
1.51
1.51
1.51
1.51
1.51
1.49
1.49
1.49
1.54
1.49
1.49
1.46
1.46
1.51
1.51
1.51
1.42
1.42
1.42
1.57
1.57
1.52
1.57
1.66
1.66
1.66
1.66
1.66
1.71
1.71
1.71
1.76
1.71
1.76
1.76
-29.516102 20.896299 0.961378
