1 180
1.02
0.97
0.99
0.99
1.04
0.99
1.06
5.26
4.86
4.56
4.36
4.31
4.36
4.36
4.46
4.51
4.51
4.61
4.81
4.61
4.66
4.71
5.41
4.26
4.26
4.41
5.51
3.11
3.06
1.96
1.86
1.86
1.81
1.81
1.71
1.66
1.71
1.76
1.81
1.81
1.91
1.86
1.76
1.61
1.66
1.71
1.81
1.81
1.91
1.91
1.96
2.01
2.06
2.11
2.21
2.26
2.36
2.41
2.56
2.71
2.71
2.61
2.51
2.49
2.49
2.44
2.49
3.91
4.16
4.46
4.76
5.21
7.61
8.01
8.81
9.86
13.71
13.71
15.66
19.16
26.21
50.00
34.66
19.16
19.16
13.61
7.36
6.31
6.26
6.31
6.31
6.36
6.31
6.41
6.26
6.21
6.31
6.46
5.06
4.76
4.51
4.26
4.06
3.86
3.66
3.51
3.41
3.26
3.16
3.01
2.91
2.81
2.66
2.61
2.56
2.51
2.41
2.36
2.26
2.26
2.16
2.11
2.11
2.01
1.96
1.96
1.96
1.86
1.86
1.86
1.91
1.91
2.01
2.01
2.06
2.16
2.21
2.14
2.14
2.16
2.21
2.31
2.41
2.51
2.56
2.66
2.66
4.21
6.21
4.76
4.66
4.61
4.61
4.81
4.86
4.86
4.86
5.21
5.21
5.16
5.16
4.66
4.36
4.21
4.21
4.21
4.26
1.81
1.79
1.74
1.34
1.31
1.31
1.26
1.26
1.26
1.26
1.26
1.26
1.26
-40.525902 -17.984400 1.802835
