1 180
0.87
0.87
0.87
0.87
0.92
0.84
0.89
0.84
0.89
0.89
0.89
0.84
0.89
0.84
0.89
0.89
0.89
0.89
0.89
0.89
0.89
0.89
0.89
0.89
0.94
0.94
0.94
0.94
0.94
0.99
0.94
0.99
0.99
0.99
0.99
1.04
1.04
1.04
1.04
1.09
1.09
1.09
1.09
1.14
1.14
1.19
1.19
1.24
1.24
1.24
1.29
1.29
1.34
1.34
1.39
1.39
1.44
1.49
1.54
1.54
1.59
1.61
1.69
1.69
1.84
1.84
1.86
1.96
2.01
2.06
2.16
2.26
2.41
2.56
2.66
2.79
2.91
3.11
3.26
3.46
3.71
4.06
4.41
4.81
5.26
5.86
6.56
6.71
7.61
11.31
13.01
14.01
25.16
33.51
14.11
6.64
6.91
10.26
8.26
8.41
8.41
6.76
6.26
5.66
5.21
4.66
4.31
4.21
4.06
3.86
3.26
3.06
3.01
3.06
2.86
2.76
2.66
2.56
2.31
2.11
2.06
1.96
1.94
1.89
1.79
1.74
1.69
1.69
1.64
1.59
1.54
1.49
1.49
1.44
1.39
1.34
1.34
1.34
1.34
1.24
1.24
1.24
1.24
1.19
1.19
1.14
1.14
1.09
1.09
1.09
1.09
1.04
1.09
1.04
0.99
1.04
0.99
0.99
0.99
0.99
0.99
0.94
0.99
0.94
0.94
0.94
0.94
0.94
0.94
0.94
0.94
0.89
0.94
0.89
0.92
0.94
0.89
0.94
0.92
0.92
-8.031711 -24.530201 -3.094624
