1 180
2.34
2.34
2.32
2.32
2.32
2.37
2.34
2.34
2.34
2.34
2.34
2.34
2.34
2.34
2.34
2.39
2.39
2.34
2.39
2.39
2.39
2.39
2.44
2.44
2.44
2.44
2.49
2.49
2.49
2.49
2.49
2.49
2.49
2.54
2.49
2.49
2.54
2.59
2.59
2.59
2.59
2.64
2.64
2.69
2.64
2.64
2.64
2.74
2.74
2.74
2.74
2.79
2.79
2.79
2.84
2.84
2.84
2.86
2.89
2.89
2.94
23.71
50.00
18.11
16.26
14.56
13.76
13.76
13.86
13.96
9.96
9.46
8.86
8.41
8.01
7.61
7.26
6.96
6.71
6.46
6.21
6.01
5.76
5.61
5.46
5.31
5.11
5.01
4.86
4.71
4.66
4.51
4.11
4.01
3.91
3.81
3.81
3.81
3.91
3.91
3.96
3.96
4.06
4.06
4.11
4.11
4.16
4.16
4.16
4.26
4.26
4.31
4.31
4.36
4.36
4.41
4.46
4.51
4.51
4.56
4.56
4.61
4.66
4.66
4.71
4.71
4.76
4.76
4.81
4.81
4.86
4.86
4.91
4.91
4.96
5.01
4.91
4.86
4.86
4.86
4.86
4.86
5.21
6.96
7.51
7.41
7.06
50.00
25.16
25.26
23.61
21.56
20.86
18.41
16.36
14.81
13.51
12.41
12.16
11.96
11.91
10.51
6.86
6.46
6.16
5.86
5.61
5.46
5.26
5.26
5.36
5.36
5.46
5.56
5.56
5.56
5.56
5.56
5.56
5.56
-21.445601 2.672750 -0.233012
