1 180
1.62
1.62
1.62
1.57
1.62
1.62
1.57
1.62
1.62
1.62
1.62
1.62
1.62
1.62
1.67
1.64
1.67
1.67
1.67
1.69
1.64
1.69
1.72
1.69
1.69
1.74
1.79
1.77
1.79
1.79
1.79
1.84
1.89
1.84
1.94
1.94
1.94
1.99
1.99
2.04
2.04
2.14
2.14
2.19
2.19
2.24
2.29
2.29
2.39
2.44
2.49
2.54
2.59
2.59
2.61
2.71
2.76
2.86
2.96
3.01
3.16
3.26
3.36
3.46
3.56
3.71
3.86
4.01
4.16
4.36
4.51
4.81
5.06
5.31
5.61
5.96
6.31
6.76
7.31
7.91
8.61
9.51
12.06
12.06
12.66
12.66
12.61
12.61
12.61
12.56
12.56
12.46
12.54
12.66
12.66
12.56
10.11
8.71
7.51
6.61
5.96
5.46
5.01
4.56
4.21
3.91
3.66
3.46
3.26
3.29
3.21
3.11
2.91
2.81
2.51
2.36
2.21
2.21
2.14
2.09
1.99
1.94
1.84
1.84
1.74
1.74
1.69
1.64
1.59
1.54
1.54
1.49
1.49
1.44
1.39
0.89
0.76
0.71
0.74
0.74
0.69
0.69
0.74
0.71
0.76
1.14
1.19
1.14
1.14
1.14
1.14
1.14
1.09
1.09
1.09
1.09
0.89
0.76
0.76
0.74
0.74
0.74
0.74
0.79
0.76
0.81
0.99
0.99
0.94
0.99
0.99
0.94
0.97
0.97
0.97
0.97
0.97
0.97
0.97
0.97
-26.767700 10.531700 2.228343
