1 180
2.39
2.39
2.44
2.49
2.54
2.64
2.69
2.79
2.81
2.86
2.96
3.06
2.91
2.91
2.91
2.96
3.06
3.11
4.86
6.91
6.81
6.76
6.71
6.71
6.66
6.66
6.51
6.51
6.46
6.46
6.46
6.46
6.51
6.31
4.21
6.26
6.31
6.26
6.26
6.31
7.11
7.06
6.99
7.06
4.51
6.21
6.01
6.06
6.01
6.06
4.66
6.06
6.11
9.31
5.21
7.31
4.51
5.11
4.61
7.66
4.31
5.36
6.51
6.26
5.96
5.71
5.51
5.26
5.11
4.91
4.81
3.96
3.86
3.71
3.61
3.04
2.96
2.96
2.86
2.86
2.71
3.01
2.96
2.94
2.01
1.89
1.89
1.86
1.91
1.86
1.81
1.79
1.76
1.86
2.59
2.69
2.69
2.71
2.86
3.01
3.51
6.96
6.81
6.76
6.71
6.66
6.56
6.51
4.26
6.46
6.41
6.36
5.31
5.16
5.16
5.96
6.06
6.16
7.11
7.21
50.00
50.00
9.66
10.06
12.31
1.76
1.74
1.74
1.76
1.86
26.31
1.66
1.64
1.69
1.64
1.81
2.86
2.41
2.02
1.97
1.97
1.94
1.94
1.94
1.99
1.99
1.94
1.99
1.99
1.99
1.99
2.04
2.04
2.04
2.09
2.09
2.09
2.09
2.14
2.14
2.14
2.19
2.24
2.24
2.24
2.29
2.34
2.34
2.34
2.39
2.44
2.49
2.49
2.59
2.59
2.64
2.74
2.74
2.74
2.84
-0.764879 -0.092880 0.846100
