1 180
1.77
1.77
1.69
1.72
1.72
1.67
1.67
1.62
1.62
1.62
1.57
1.52
1.57
1.52
1.52
1.52
1.52
1.44
1.52
1.47
1.47
1.47
1.39
1.47
1.42
1.42
1.42
1.42
1.42
1.42
1.37
1.37
1.42
1.42
1.37
1.37
1.37
1.37
1.37
1.37
1.37
1.37
1.37
1.37
1.37
1.37
1.37
1.32
1.37
1.37
1.42
1.37
1.39
1.37
1.42
1.42
1.42
1.42
1.42
1.49
1.74
1.79
1.76
1.81
1.82
1.87
2.02
2.07
2.07
2.07
2.12
2.09
2.14
2.14
2.14
2.24
2.24
2.26
2.26
2.26
2.36
2.36
2.41
2.46
2.51
2.56
2.61
2.66
2.66
2.61
2.54
2.66
2.69
2.76
2.84
2.86
2.96
3.01
3.11
3.16
3.31
3.41
3.46
3.56
3.76
3.86
4.01
4.61
4.76
5.11
5.22
5.19
5.21
5.46
5.41
5.36
5.41
5.41
5.36
5.36
5.36
5.41
5.61
5.66
6.41
14.56
14.51
14.46
14.91
33.36
36.06
39.56
39.61
32.41
33.81
50.00
50.00
14.56
14.56
14.71
14.56
14.51
7.96
5.36
5.11
5.06
5.56
5.11
5.01
4.91
4.91
4.86
4.91
5.01
5.01
5.16
4.96
4.76
4.61
4.46
4.36
4.26
4.11
3.96
3.91
3.76
3.71
3.61
3.46
3.41
3.36
3.26
3.21
3.11
3.09
3.04
2.99
2.94
2.94
2.84
-11.842600 9.867459 2.915438
