1 180
6.21
6.16
3.01
6.06
6.01
5.86
5.81
5.81
4.46
5.76
5.76
5.76
4.56
6.26
50.00
6.46
50.00
4.36
50.00
5.36
3.96
3.41
5.31
5.26
5.26
5.31
5.26
3.66
6.36
6.46
3.64
6.56
6.41
5.86
8.46
4.61
6.81
3.76
5.71
5.36
5.01
4.71
4.41
4.16
2.96
2.06
1.89
0.96
0.76
0.71
0.69
0.74
0.69
0.69
0.74
0.69
0.71
0.76
0.71
0.56
0.61
0.51
0.51
0.59
0.54
0.54
0.54
0.51
0.61
0.61
1.29
1.24
1.24
1.24
1.29
1.34
1.39
1.39
1.44
1.49
1.49
1.49
1.54
1.59
1.64
2.11
2.26
2.66
5.56
5.46
5.41
5.36
5.36
5.31
5.26
5.26
3.01
5.21
5.16
3.76
5.16
4.06
3.96
3.91
4.76
4.86
4.91
5.96
6.06
19.96
8.56
11.21
11.26
15.91
25.31
50.00
25.36
25.21
19.56
19.56
13.66
10.86
9.06
7.71
6.81
6.01
6.01
4.96
4.66
4.61
4.51
3.66
3.36
3.26
3.06
2.86
2.76
2.56
2.46
2.36
2.31
2.21
2.11
2.01
1.96
1.89
1.84
1.84
1.79
1.01
0.91
0.91
0.89
0.89
0.89
0.86
0.91
1.01
1.39
1.29
0.96
0.99
0.94
0.99
0.94
0.94
0.96
1.19
1.49
1.54
1.54
1.59
1.64
1.64
1.69
1.74
1.79
1.89
1.94
1.99
-0.067817 0.923326 1.170620
