1 180
3.31
3.46
3.61
3.81
4.01
4.31
4.56
4.91
5.36
5.76
6.26
6.91
7.81
8.86
10.06
11.91
14.56
19.11
25.01
30.66
30.66
30.66
30.66
15.71
9.66
2.14
2.09
2.09
2.09
2.16
2.26
2.24
2.14
2.14
2.16
2.56
2.46
2.31
2.11
2.09
2.09
2.14
2.14
2.14
2.14
2.19
2.19
2.19
2.24
2.24
2.29
2.29
2.34
2.34
2.39
2.39
2.44
2.49
2.49
2.54
2.54
2.46
2.41
2.41
2.41
2.41
2.46
2.56
2.51
2.59
3.06
3.16
3.16
3.81
6.66
6.56
4.36
6.81
7.01
7.31
50.00
6.16
6.11
6.01
6.01
5.91
5.91
5.91
5.81
5.76
5.76
5.66
5.66
3.11
5.61
5.46
5.41
5.41
5.41
5.41
3.26
3.86
5.36
5.46
50.00
6.21
6.21
3.51
6.16
6.16
4.06
5.06
5.06
5.06
3.66
3.66
5.06
5.11
2.96
8.21
4.21
8.26
3.46
8.36
5.76
3.56
8.46
6.41
6.11
5.81
5.56
5.31
5.06
4.81
4.61
4.41
4.31
4.11
3.96
3.86
3.76
3.01
2.86
2.76
2.71
2.66
2.61
2.54
2.21
1.99
1.99
1.99
2.04
1.86
1.89
2.14
1.99
1.71
1.31
1.21
1.24
1.19
1.21
1.26
1.84
1.84
1.31
1.31
1.29
1.29
1.29
1.31
1.69
1.72
1.72
1.72
1.67
1.67
1.74
1.79
-4.976110 13.355400 0.145964
