1 180
3.57
3.62
3.72
3.72
3.82
3.87
3.97
4.02
4.12
4.17
4.27
4.37
4.42
4.52
4.62
4.77
4.87
5.02
5.17
2.52
2.47
2.42
2.42
2.42
2.42
2.42
2.42
2.62
2.72
2.77
3.32
3.32
3.97
5.32
5.27
2.82
0.52
0.52
2.82
0.87
0.77
0.77
0.72
0.72
0.67
0.67
0.57
0.57
0.40
0.45
0.48
0.43
0.55
0.62
0.62
0.67
0.67
0.77
0.72
0.77
0.72
0.82
2.12
1.92
1.82
1.62
1.62
1.57
1.47
1.37
1.32
1.27
1.22
1.22
1.17
1.12
1.07
1.12
1.17
1.22
1.02
0.75
0.72
0.77
0.57
0.67
0.62
0.82
0.82
0.87
0.87
0.87
0.87
0.87
0.92
0.77
0.72
0.72
0.67
0.67
0.62
0.62
0.57
0.62
0.57
0.57
0.60
0.60
0.57
0.62
0.62
0.62
0.67
0.72
0.77
0.87
0.87
0.92
0.87
0.92
0.92
0.87
0.72
0.82
0.72
0.72
0.72
0.72
0.67
0.77
0.67
0.67
0.62
0.67
0.62
0.62
0.62
0.62
0.62
0.57
0.55
0.62
0.62
0.67
0.62
0.62
0.67
0.62
0.62
0.67
0.67
0.67
0.67
0.72
0.72
0.72
0.77
0.72
0.77
0.87
0.92
0.97
3.87
0.72
0.92
3.97
4.02
4.02
4.02
4.07
0.77
0.72
4.22
4.32
4.32
4.37
4.47
4.52
4.52
4.57
-48.388397 13.195700 2.649776
