1 180
0.67
0.62
0.67
0.62
0.64
0.59
0.64
0.64
0.66
0.66
0.66
0.66
0.71
0.66
0.69
0.64
0.71
0.71
0.66
0.71
0.71
0.71
0.76
0.71
0.76
0.76
0.76
0.76
0.76
0.81
0.81
0.86
0.81
0.81
0.79
0.79
0.81
0.86
0.86
0.86
0.91
0.91
0.91
0.96
1.01
1.01
1.01
1.06
1.04
1.06
1.11
1.11
1.11
1.21
1.21
1.21
1.21
1.26
1.31
1.36
1.41
1.51
1.51
1.56
1.66
1.71
1.76
1.86
3.26
3.21
3.21
3.21
3.16
3.16
3.16
3.11
3.36
3.81
4.31
4.86
5.11
5.11
5.06
5.06
5.06
5.01
11.01
11.36
12.06
12.11
11.26
11.21
11.26
11.26
11.26
11.31
11.36
9.41
8.51
8.01
7.41
6.86
5.11
4.76
4.61
4.41
4.21
2.51
2.46
2.46
3.56
3.41
3.26
2.31
2.26
2.24
1.21
1.11
1.14
1.14
1.14
1.09
1.19
1.29
1.26
2.31
2.26
2.26
2.11
2.16
2.16
2.11
2.06
1.96
1.96
1.96
1.96
1.91
1.91
1.86
1.86
1.81
1.91
1.96
1.96
2.01
2.06
2.16
2.26
2.26
4.71
4.61
4.51
5.01
4.91
5.46
5.31
4.81
4.76
4.71
4.66
4.66
4.61
4.61
4.76
4.71
4.71
4.76
5.26
7.21
7.21
7.16
7.21
7.16
7.16
7.11
4.41
1.26
1.22
1.24
-28.406101 -26.697901 -2.878768
