1 180
0.69
0.67
0.67
0.72
0.72
0.72
0.67
0.64
0.69
0.64
0.64
0.69
0.64
0.69
0.64
0.69
0.69
0.69
0.69
0.69
0.69
0.69
0.69
0.74
0.74
0.74
0.74
0.74
0.74
0.74
0.74
0.74
0.74
0.79
0.79
0.79
0.84
0.79
0.84
0.84
0.84
0.89
0.84
0.84
0.89
0.89
0.89
0.94
0.94
0.99
0.99
0.99
1.04
1.09
1.09
1.09
1.14
1.14
1.19
1.24
1.29
1.34
1.34
1.41
1.59
1.69
1.74
1.84
1.86
1.96
1.96
2.11
2.16
2.24
2.24
2.21
2.31
2.51
2.66
3.26
3.56
3.54
3.71
4.06
4.56
5.06
5.76
12.66
9.96
9.76
8.01
7.86
7.76
7.71
7.81
8.06
9.56
7.81
7.86
7.86
7.86
7.71
7.76
6.16
5.61
5.26
4.86
4.51
4.21
3.96
3.76
3.76
3.66
3.46
3.31
3.11
2.76
2.71
2.66
2.66
2.56
2.51
2.46
2.36
2.31
2.21
2.16
2.09
2.04
1.91
1.79
1.79
1.74
1.69
1.69
1.64
1.64
1.59
1.54
1.54
1.49
1.44
1.44
1.44
1.39
1.39
1.34
1.34
1.34
1.29
1.34
1.24
1.29
1.24
1.29
1.24
1.24
1.19
1.19
1.19
1.19
1.14
1.19
1.17
1.17
1.14
1.14
1.17
1.09
1.12
1.14
1.14
1.12
1.09
1.12
1.12
1.12
1.07
1.12
1.07
-19.084801 26.840000 0.506121
