1 180
1.17
1.12
1.17
1.12
1.17
1.12
1.17
1.17
1.17
1.14
1.04
0.91
0.89
0.94
0.94
0.89
0.89
0.91
1.19
1.19
0.86
0.86
0.84
0.84
0.84
0.89
0.89
0.86
0.99
1.29
1.34
1.34
1.39
1.44
1.44
1.39
1.44
1.44
1.54
1.54
1.54
1.54
1.59
1.64
1.64
1.69
1.74
1.74
1.79
1.84
1.89
1.94
1.94
2.04
2.09
2.14
2.19
2.29
2.36
2.36
2.46
2.61
2.66
2.81
2.91
3.01
3.16
3.36
3.56
3.66
3.91
4.16
4.41
4.71
5.11
6.01
6.11
6.61
7.31
8.26
9.46
11.06
12.56
20.41
20.46
32.66
41.06
41.06
41.11
35.56
20.81
20.51
20.41
12.61
11.26
9.66
8.86
7.91
7.41
6.81
6.31
5.91
5.51
5.21
4.91
4.66
4.36
4.16
4.01
3.81
3.66
3.56
3.36
3.31
3.16
3.01
2.96
2.86
2.81
2.21
2.21
2.21
2.26
2.11
2.06
2.06
2.11
2.24
2.19
2.19
2.14
2.09
2.04
1.99
1.99
1.99
1.89
1.89
1.84
1.84
1.79
1.74
1.79
1.74
1.69
1.69
1.64
1.64
1.64
1.59
1.64
1.59
1.59
1.59
1.54
1.57
1.54
1.54
1.49
1.49
1.52
1.47
1.52
1.52
1.47
1.47
1.47
1.47
1.52
1.47
1.47
1.47
1.47
1.42
1.47
1.42
1.47
1.42
1.47
1.47
-32.185600 17.094900 -0.842221
