1 180
1.07
1.12
1.12
1.07
1.12
1.12
1.12
1.12
1.09
1.07
1.04
1.14
1.09
1.09
1.14
1.14
1.14
1.17
1.14
1.14
1.19
1.19
1.19
1.19
1.19
1.24
1.24
1.24
1.29
1.29
1.29
1.34
1.34
1.39
1.34
1.39
1.39
1.44
1.49
1.49
1.49
1.59
1.59
1.59
1.64
1.64
1.74
1.74
1.79
1.84
1.89
1.94
1.99
2.04
2.14
2.19
2.24
2.31
2.41
2.46
2.56
2.66
2.76
2.91
3.01
3.21
3.36
3.56
3.71
4.01
4.26
4.56
4.86
5.31
5.71
6.36
7.06
7.86
9.01
10.46
12.66
15.56
15.51
15.51
15.51
15.51
15.51
15.51
15.56
15.56
15.61
13.66
11.81
10.41
9.96
9.56
7.76
7.11
6.61
6.11
5.76
5.61
5.66
5.71
5.86
5.91
5.91
5.96
6.01
6.06
6.11
6.11
6.06
6.16
6.21
6.26
6.21
6.21
6.06
5.91
5.76
5.56
5.06
2.46
2.39
2.34
2.29
2.24
2.24
2.19
2.14
2.09
2.04
2.04
1.99
1.94
1.94
1.89
1.89
1.84
1.84
1.79
1.79
1.74
1.74
1.74
1.69
1.69
1.64
1.69
1.64
1.64
1.64
1.62
1.62
1.59
1.54
1.57
1.54
1.62
1.57
1.57
1.57
1.57
1.57
1.52
1.52
1.52
1.52
1.52
1.52
1.52
1.52
1.52
1.52
1.52
1.52
1.52
1.47
1.52
-15.079499 -2.455220 -0.718536
