1 180
3.36
3.44
3.46
3.51
3.61
3.61
3.71
3.76
3.86
3.86
3.96
4.01
4.06
3.91
4.01
4.01
4.06
4.06
4.06
4.16
11.06
10.71
10.31
9.96
9.66
9.26
9.06
8.76
8.46
8.31
7.21
6.91
6.71
6.51
6.36
6.21
6.11
5.96
5.81
5.71
5.61
5.51
5.51
5.61
5.76
5.86
6.01
6.06
6.06
6.11
6.11
6.21
6.21
6.21
6.31
6.36
6.36
6.41
6.41
6.46
6.46
6.51
6.51
6.56
6.56
6.56
6.61
6.61
6.66
6.71
6.66
6.66
6.71
6.66
6.71
8.31
9.01
10.06
11.26
12.76
14.86
17.61
24.61
27.16
27.16
27.16
27.16
27.16
27.16
21.56
17.11
10.61
9.26
6.56
6.56
6.56
6.51
6.51
6.51
6.46
6.46
6.41
6.36
6.31
6.31
6.26
6.26
6.21
6.16
6.11
6.06
6.01
6.01
5.96
5.91
5.86
5.86
5.76
5.71
5.66
5.61
5.56
5.41
5.26
5.11
5.06
5.11
5.16
5.26
5.26
5.36
5.51
5.56
5.71
5.81
5.91
6.06
6.21
6.36
6.51
6.61
6.86
7.26
6.41
6.76
8.66
8.86
9.16
9.46
9.76
3.51
3.46
3.49
3.44
3.39
3.39
3.39
3.34
3.44
3.31
3.31
3.21
3.16
3.14
3.09
3.04
2.99
2.94
2.89
2.79
2.74
2.74
2.64
2.64
2.59
2.49
2.49
2.44
2.44
2.34
-22.638899 6.668100 -0.785681
