1 180
0.64
0.67
0.64
0.67
0.67
0.67
0.72
0.64
0.64
0.64
0.64
0.69
0.69
0.69
0.69
0.69
0.69
0.64
0.69
0.69
0.69
0.69
0.69
0.74
0.69
0.69
0.74
0.74
0.74
0.74
0.74
0.74
0.74
0.79
0.79
0.79
0.79
0.79
0.79
0.84
0.84
0.89
0.89
0.89
0.89
0.89
0.94
0.94
0.99
0.94
0.99
1.04
1.04
1.09
1.09
1.14
1.19
1.21
1.39
1.44
1.49
1.49
1.59
1.64
1.69
1.69
1.79
1.81
1.86
1.96
2.04
2.04
2.04
2.11
2.26
2.36
2.71
3.01
3.26
3.39
3.39
3.71
4.11
4.56
5.06
12.51
12.41
9.61
9.11
7.81
7.56
7.51
7.56
7.66
7.81
10.16
7.61
7.66
7.66
7.66
7.46
7.56
6.11
5.61
5.21
4.81
4.46
4.21
3.96
3.71
3.56
3.56
3.46
3.31
3.21
3.01
2.66
2.56
2.51
2.51
2.46
2.46
2.41
2.31
2.24
2.21
2.14
2.09
2.04
1.99
1.94
1.89
1.76
1.64
1.64
1.59
1.59
1.54
1.54
1.54
1.49
1.44
1.44
1.44
1.44
1.34
1.39
1.34
1.34
1.34
1.29
1.29
1.29
1.24
1.24
1.22
1.19
1.24
1.19
1.22
1.19
1.22
1.19
1.14
1.17
1.14
1.17
1.17
1.14
1.17
1.12
1.17
1.12
1.17
1.12
1.12
1.12
1.12
1.12
1.12
-18.898001 26.946999 0.526298
