1 180
2.02
2.02
2.07
2.02
2.07
2.07
2.11
11.76
10.66
10.31
9.51
8.56
8.01
7.51
7.11
6.76
6.41
6.06
5.81
5.56
5.31
5.16
5.21
5.56
5.61
5.71
50.00
50.00
5.96
6.01
5.81
3.76
3.61
2.71
2.69
2.69
2.86
2.86
2.86
2.86
3.06
2.96
2.99
2.94
2.96
3.06
3.11
3.16
3.21
3.31
3.41
3.51
3.56
3.61
3.81
3.61
3.56
3.56
3.71
3.76
4.66
50.00
7.56
7.51
7.41
7.31
7.26
7.21
7.16
7.16
7.11
7.11
7.06
7.01
4.61
4.71
4.41
4.31
4.16
4.46
5.41
5.21
4.31
5.06
7.61
7.66
6.51
6.51
4.86
5.11
6.56
4.46
4.41
4.41
4.46
4.51
4.56
5.31
5.16
5.11
5.06
7.11
6.66
6.36
5.91
5.66
5.41
4.26
2.46
2.41
2.41
2.46
2.56
2.41
2.36
2.36
3.01
2.91
2.81
2.71
2.61
2.59
2.54
2.64
2.64
2.64
2.74
2.79
2.79
2.84
2.91
3.36
3.41
3.51
3.51
7.26
7.16
7.01
6.96
6.86
6.76
2.09
2.04
2.09
2.09
2.09
1.84
1.84
1.84
1.84
1.84
1.89
6.01
5.71
5.81
5.81
6.06
6.81
1.39
1.34
1.34
1.34
1.31
1.21
1.24
1.29
1.29
1.47
1.57
1.47
1.47
1.47
1.47
1.52
1.47
1.52
1.47
1.47
1.47
1.47
-6.293960 12.646200 0.514205
