1 180
0.87
0.87
0.87
0.87
0.92
0.84
0.84
0.89
0.94
0.86
0.86
0.91
0.86
0.91
0.91
0.91
0.96
0.91
0.96
0.96
0.96
0.96
0.96
0.96
1.01
1.01
1.01
1.01
1.01
1.06
1.06
1.06
1.11
1.11
1.11
1.11
1.11
1.14
1.16
1.16
1.21
1.21
1.21
1.26
1.26
1.31
1.31
1.34
1.31
1.41
1.41
1.41
1.51
1.51
1.56
1.56
1.51
1.61
1.61
1.66
1.76
1.81
1.86
1.96
1.96
2.06
2.11
2.26
2.26
2.36
2.51
2.61
2.71
2.81
2.96
3.11
3.31
3.56
4.56
4.41
4.71
5.16
5.51
5.46
5.46
5.61
16.76
16.76
22.26
29.31
50.00
50.00
22.26
16.71
9.96
9.41
9.41
9.46
9.41
9.46
9.46
9.51
7.66
7.06
6.41
6.01
5.66
5.26
5.01
4.76
4.71
4.66
4.71
4.76
4.81
4.71
3.66
3.36
3.26
3.11
3.01
2.96
2.91
2.81
2.66
2.66
2.61
2.46
2.41
2.41
2.31
2.31
2.26
2.21
2.16
2.11
2.06
2.06
2.01
1.96
1.91
1.96
1.86
1.86
1.86
1.81
1.81
1.71
1.76
1.71
1.71
1.71
1.66
1.66
1.66
1.66
1.61
1.61
1.56
1.56
1.51
1.56
1.56
1.51
1.51
1.51
1.51
1.54
1.46
1.46
1.46
1.46
1.46
1.41
1.46
1.46
1.44
1.44
1.49
1.47
-39.971203 -21.034901 1.637424
