1 180
1.68
1.68
1.63
1.63
1.68
1.68
1.63
1.68
1.68
1.68
1.68
1.68
1.73
1.68
1.68
1.73
1.68
1.73
1.73
1.73
1.73
1.75
1.75
1.80
1.80
1.80
1.80
1.85
1.85
1.85
1.90
1.90
1.90
1.95
1.95
1.95
2.03
2.03
2.08
3.67
3.57
3.62
50.00
50.00
50.00
50.00
50.00
4.57
4.17
4.07
4.17
4.27
4.12
4.12
4.07
4.02
3.97
3.92
3.82
3.82
3.57
3.52
3.52
3.57
3.67
3.97
3.92
4.02
4.07
4.02
4.02
3.97
3.92
3.92
3.87
3.87
3.82
3.82
3.82
3.82
3.77
3.77
3.72
3.72
3.72
3.72
3.67
3.67
3.67
3.67
3.67
3.67
3.62
3.66
3.71
3.68
3.77
3.77
3.77
3.77
3.82
3.77
3.82
3.82
3.77
3.77
3.77
3.72
3.92
3.92
3.92
3.97
3.97
4.07
4.07
4.12
4.12
4.17
4.17
4.12
4.27
4.32
4.37
4.42
4.47
4.52
4.57
4.62
1.55
1.50
1.50
1.45
1.45
1.40
1.40
1.35
1.35
1.30
1.27
1.27
1.27
1.27
1.32
1.35
1.35
1.30
1.25
1.30
1.25
1.25
1.25
1.20
1.20
1.20
1.15
1.15
1.15
1.20
1.15
1.10
1.10
1.10
1.10
1.10
1.05
1.10
1.10
1.05
1.08
1.05
1.05
1.05
1.08
1.08
1.08
1.08
1.08
1.08
1.08
1.08
-32.599800 17.388500 2.260079
