1 180
3.81
3.66
3.46
3.36
3.21
3.06
3.06
2.91
2.81
2.66
2.64
2.59
2.49
1.96
1.94
1.94
1.84
1.79
1.84
1.86
2.09
2.04
1.99
1.94
1.89
1.84
1.84
1.84
1.80
1.80
1.80
1.82
1.84
1.94
1.94
1.99
2.09
2.09
2.19
2.29
2.29
2.39
2.46
2.51
2.61
2.71
2.81
2.96
3.06
3.26
3.41
3.61
3.71
3.96
4.21
4.51
4.81
5.16
5.56
6.01
6.91
7.71
8.96
8.81
10.61
14.06
13.96
50.00
22.56
20.26
20.02
8.61
6.86
6.81
6.86
6.86
6.91
5.21
4.66
4.26
4.21
4.31
5.01
50.00
50.00
2.51
2.36
2.26
2.11
2.01
1.86
1.86
1.71
1.69
1.64
1.59
1.49
1.44
1.49
1.54
1.54
1.54
1.59
1.59
1.59
1.64
1.64
1.64
1.69
1.69
1.74
1.79
1.84
1.79
1.79
1.89
1.89
1.99
1.99
2.04
2.09
2.09
2.14
2.19
2.29
2.26
2.21
2.21
2.16
2.16
2.11
2.11
2.06
2.06
2.11
2.21
2.31
2.36
3.51
3.61
3.86
7.71
7.71
5.51
7.61
7.61
5.06
8.31
8.26
8.26
5.41
7.41
5.91
7.36
5.11
5.16
5.31
5.76
7.32
8.06
7.56
7.41
7.46
7.51
8.11
8.11
8.11
8.11
8.11
7.41
7.41
7.41
7.46
7.51
7.51
8.36
8.41
8.21
7.81
7.66
-38.555099 -7.375470 2.509149
