1 180
0.64
0.64
0.64
0.69
0.64
0.64
0.64
0.64
0.59
0.64
0.69
0.64
0.64
0.64
0.64
0.64
0.64
0.64
0.67
0.64
0.64
0.64
0.62
0.59
0.64
0.64
0.64
0.59
0.64
0.64
0.64
0.59
0.64
0.64
0.64
0.64
0.64
0.69
0.64
0.64
0.64
0.69
0.69
0.64
0.69
0.69
0.69
0.69
0.74
0.69
0.74
0.74
0.74
0.74
0.74
0.74
0.79
0.79
0.79
0.84
0.79
0.79
0.84
0.84
0.89
0.89
0.84
0.84
0.81
0.81
0.86
0.84
0.86
0.91
0.91
0.92
0.91
0.94
0.91
0.96
0.96
1.01
1.11
1.36
1.41
1.46
1.51
1.56
1.66
1.71
1.81
1.61
1.64
1.71
2.16
2.26
2.41
2.51
5.46
5.41
5.31
5.26
5.26
5.21
5.21
5.76
6.76
6.99
7.91
19.06
25.01
26.11
25.16
25.11
8.01
10.01
10.06
10.01
10.06
6.06
5.56
5.06
4.56
4.11
3.91
3.61
3.41
3.16
3.06
2.86
2.71
2.61
2.46
2.29
2.26
1.11
0.81
0.71
0.74
0.71
0.66
0.66
0.71
0.71
1.11
1.16
1.21
1.31
2.26
1.31
2.16
2.11
2.06
1.91
1.86
1.86
1.76
1.61
1.56
1.46
1.41
1.36
1.46
1.41
1.41
1.41
1.41
1.41
1.36
1.36
1.29
1.31
1.24
1.29
1.32
1.27
1.24
1.27
1.19
1.22
-14.172800 -25.094599 2.902002
