1 180
0.42
0.39
0.39
0.39
0.39
0.39
0.41
0.41
0.36
0.41
0.41
0.44
0.46
0.46
7.11
4.41
4.16
3.96
3.76
3.74
3.71
3.76
3.76
3.81
3.86
3.96
4.01
4.06
3.91
3.86
3.81
3.76
3.71
3.76
3.71
3.76
4.01
4.96
4.86
4.76
4.66
4.66
3.91
3.91
3.81
3.76
3.71
3.76
3.86
3.46
3.46
3.36
3.31
1.76
1.66
1.61
1.61
1.61
1.56
1.61
1.56
1.59
1.54
1.54
1.54
1.54
1.49
1.49
1.54
1.49
1.44
1.49
1.49
1.46
1.51
1.61
1.81
2.06
2.31
2.61
3.16
3.51
4.36
5.31
7.86
7.76
7.66
7.61
7.66
8.06
9.96
7.96
10.01
10.01
8.01
7.96
7.61
7.61
6.61
8.01
50.00
3.06
2.96
2.76
2.56
2.46
2.36
2.21
2.16
2.06
1.96
1.86
1.86
1.76
1.66
1.61
1.61
1.61
1.46
1.46
1.41
1.31
1.26
1.26
1.21
1.16
1.21
1.21
1.21
1.16
1.11
1.11
1.11
1.11
1.06
1.01
1.01
0.99
0.96
1.01
0.96
0.96
0.96
0.96
0.91
0.91
0.91
0.86
0.91
0.86
0.86
0.91
0.86
0.81
0.84
0.86
0.86
0.81
0.81
0.81
0.81
0.81
0.81
0.76
0.76
0.76
0.76
0.76
0.76
0.71
0.74
0.74
0.74
0.74
0.69
0.77
0.77
0.72
0.72
0.72
-45.345200 6.521260 1.944191
