1 180
1.27
1.37
1.37
1.32
1.27
1.47
1.52
1.57
1.57
1.57
1.62
1.67
1.72
1.77
1.82
1.72
1.67
1.77
1.67
1.62
1.52
1.52
1.47
1.52
1.52
1.47
1.52
1.52
1.52
1.57
1.57
1.57
1.62
1.62
1.67
1.67
1.72
1.67
1.57
1.57
1.57
1.60
1.65
1.70
1.70
1.80
1.72
1.82
1.82
1.87
5.82
5.92
5.72
8.37
8.32
8.22
8.12
3.85
3.32
3.17
3.07
2.97
2.92
2.92
2.97
3.02
3.02
3.07
3.07
3.22
3.57
3.57
3.47
3.42
3.42
3.42
3.52
3.57
3.67
6.92
6.92
6.92
6.92
6.92
6.87
6.82
6.87
6.87
6.62
6.67
4.42
3.02
2.27
1.87
1.52
1.27
1.12
1.10
1.13
1.13
1.13
1.13
1.13
1.10
1.18
1.15
1.15
1.15
1.18
1.18
1.18
1.20
1.25
1.20
1.25
1.20
1.25
1.25
1.25
1.25
1.30
1.30
1.35
1.30
1.35
1.35
1.35
1.40
1.40
1.45
1.50
1.50
1.55
1.60
1.55
1.60
1.60
1.70
1.70
1.75
1.80
1.80
1.90
1.90
1.90
2.00
2.05
1.62
1.55
1.60
1.60
1.67
2.42
2.52
1.57
1.52
1.50
1.52
1.62
3.52
3.72
3.92
3.87
4.02
4.72
5.02
5.02
5.42
5.82
6.42
7.12
7.87
9.07
10.52
15.70
15.67
21.37
50.00
15.67
39.37
-13.571600 30.402800 2.112229
