1 180
1.29
1.34
1.44
1.49
1.54
1.69
1.74
1.84
1.91
2.06
2.11
2.31
2.46
2.71
2.96
3.21
3.61
4.01
4.51
5.31
6.31
7.81
10.26
14.46
14.26
14.46
50.00
50.00
41.66
39.61
50.00
23.51
23.56
16.41
14.31
13.91
14.01
13.91
12.86
11.96
11.26
10.56
9.86
9.41
9.01
8.56
8.16
7.86
7.51
7.21
6.96
6.76
6.51
6.26
6.06
5.86
5.71
5.51
5.41
5.26
5.16
5.01
4.86
4.76
4.66
4.56
4.46
4.36
4.31
4.26
4.16
4.06
4.01
3.91
3.86
3.81
3.81
3.71
3.66
3.61
3.56
3.51
3.46
3.44
3.44
3.44
3.39
3.34
3.29
3.29
3.24
3.24
3.19
3.14
3.14
3.09
3.09
3.09
3.09
3.04
2.99
3.04
2.99
2.99
2.99
2.97
2.96
3.41
3.91
4.56
5.31
6.51
8.46
10.36
12.21
21.76
21.86
24.01
24.01
13.31
10.31
8.51
8.56
8.56
8.56
8.61
6.96
6.41
5.96
6.01
50.00
50.00
6.51
4.26
4.06
3.86
3.71
3.51
3.36
3.26
3.24
3.29
3.29
3.34
3.34
3.39
3.41
3.41
3.46
3.11
3.16
3.46
3.11
3.01
3.06
3.81
3.86
3.76
3.71
3.61
3.61
3.66
3.76
3.81
4.41
4.56
4.66
4.76
4.86
4.96
5.11
5.31
9.51
6.56
6.16
9.31
9.41
9.06
8.91
8.86
-41.257599 -7.130150 1.285156
