1 180
1.67
1.67
1.67
1.72
1.72
1.67
1.72
1.67
1.72
1.67
1.72
1.72
1.72
1.77
1.74
1.74
1.77
1.82
1.85
1.99
6.41
6.26
50.00
50.00
50.00
50.00
3.41
3.26
3.21
50.00
50.00
50.00
50.00
50.00
50.00
50.00
4.11
3.86
3.71
3.66
3.76
3.81
3.71
3.61
3.56
3.51
3.41
3.41
3.36
3.26
3.06
3.01
2.96
3.06
3.11
3.46
3.41
3.41
3.51
3.56
3.51
3.41
3.41
3.41
3.41
3.36
3.31
3.31
3.26
3.26
3.16
3.21
3.11
3.21
3.16
3.11
3.11
3.11
3.06
3.06
3.06
3.06
3.06
3.06
3.06
3.01
3.04
3.04
2.95
3.07
3.05
3.09
3.16
3.16
3.16
3.16
3.16
3.16
3.21
3.21
3.26
3.26
3.21
3.14
3.19
3.11
3.11
3.36
3.36
3.36
3.41
3.41
3.46
3.46
3.51
3.51
3.56
3.61
3.66
3.56
3.76
3.81
3.81
3.86
3.91
3.96
4.01
4.06
4.16
4.11
4.01
4.11
4.11
4.06
3.81
3.71
3.71
3.86
4.06
4.36
4.51
4.61
1.09
1.07
1.10
1.05
1.05
1.04
1.04
0.99
0.99
0.99
0.99
0.99
0.99
0.94
0.94
0.94
0.94
0.94
0.94
0.94
0.94
0.96
0.99
1.07
1.04
1.09
1.04
1.02
1.07
1.07
1.02
1.02
1.02
1.02
1.07
1.02
1.02
1.02
-33.014801 17.837099 2.333649
