1 180
1.62
1.62
1.57
1.62
1.62
1.62
1.62
1.62
1.62
1.62
1.67
1.67
1.67
1.67
1.67
1.72
1.72
1.72
1.72
1.72
1.74
1.74
1.77
1.77
1.74
1.79
1.79
1.79
1.84
1.84
1.89
1.89
1.94
1.94
1.99
1.99
1.99
2.04
2.04
2.09
2.14
2.14
2.19
2.24
2.29
2.34
2.39
2.39
2.49
2.54
2.54
2.61
2.66
2.71
2.76
2.86
2.91
3.01
3.16
3.24
3.34
5.56
5.51
5.46
5.36
5.31
5.31
5.31
5.21
5.01
5.06
5.51
5.46
5.61
5.56
5.56
5.56
5.46
5.46
5.46
5.41
5.41
5.41
5.41
5.36
5.41
5.36
5.36
5.31
5.30
5.27
5.35
5.37
5.46
5.46
5.46
5.46
5.51
5.51
5.36
5.41
5.36
5.61
5.56
5.61
5.66
5.71
5.71
2.96
2.81
2.71
2.71
2.71
2.71
2.56
2.51
2.41
2.36
2.26
2.16
2.01
1.79
1.79
1.74
1.69
1.64
1.64
1.54
1.54
1.49
1.44
1.49
1.44
1.39
1.39
1.39
1.29
1.34
1.29
1.24
1.24
1.24
1.19
1.19
1.19
1.19
1.14
1.14
1.14
1.14
1.09
1.09
1.04
1.04
1.04
1.04
1.04
1.04
1.04
0.99
0.99
0.99
0.99
0.99
0.99
0.94
0.99
0.99
0.99
0.94
0.94
0.97
0.94
0.97
0.97
0.97
0.94
0.97
0.97
0.94
-31.448400 16.116501 2.290346
