1 180
3.81
3.17
3.46
2.91
2.56
2.26
2.01
1.86
1.66
1.51
1.46
1.36
1.19
1.19
1.22
1.22
1.22
1.22
1.19
1.19
1.24
1.24
1.24
1.24
1.29
1.29
1.32
1.32
1.34
1.39
1.49
1.49
1.54
1.54
1.59
1.59
1.64
1.64
1.69
1.69
1.74
1.79
1.79
1.84
1.84
1.89
1.94
1.99
2.04
2.01
2.01
2.01
2.01
2.04
2.14
2.19
2.24
2.29
2.36
2.46
2.51
2.66
2.71
2.86
2.71
2.59
2.56
2.61
2.76
2.81
3.96
4.21
4.46
4.76
5.11
5.51
5.96
6.51
7.26
8.26
9.26
10.76
12.71
14.81
22.71
50.00
43.31
43.31
43.31
37.86
22.76
22.71
14.81
13.41
11.66
10.06
9.11
8.26
7.51
6.91
3.86
3.86
3.91
3.81
3.91
4.71
4.41
4.21
4.01
3.86
3.71
3.56
3.41
3.26
3.16
3.06
2.91
2.86
2.76
2.71
2.66
2.59
2.49
2.49
2.39
2.39
2.34
2.24
2.19
2.14
2.09
2.09
2.04
1.99
1.99
1.99
1.89
1.84
1.84
1.84
1.84
1.74
1.74
1.69
1.69
1.64
1.64
1.64
1.64
1.64
1.59
1.59
1.59
1.54
1.59
1.49
1.54
1.57
1.54
1.49
1.49
1.47
1.50
1.50
1.47
1.49
1.66
1.81
1.57
1.65
1.57
2.51
2.37
2.37
5.06
6.61
10.01
19.56
19.52
22.21
-33.578400 18.831800 -0.829819
