1 180
3.31
3.31
3.46
3.96
4.26
4.36
4.26
4.26
4.36
50.00
50.00
50.00
5.76
6.66
6.76
6.91
7.86
4.06
4.04
10.11
11.46
13.16
15.71
18.91
50.00
50.00
21.16
21.11
21.06
9.26
3.87
3.14
3.12
3.26
2.81
2.41
2.16
1.96
1.71
1.61
1.51
1.41
1.26
1.19
1.14
1.15
1.15
1.15
1.17
1.14
1.19
1.19
1.22
1.19
1.24
1.29
1.24
1.27
1.34
1.29
1.31
1.49
1.49
1.54
1.54
1.54
1.54
1.59
1.64
1.64
1.69
1.69
1.74
1.79
1.79
1.84
1.89
1.89
1.94
1.94
2.01
1.99
2.01
2.01
2.04
2.09
2.14
2.21
2.29
2.31
2.41
2.56
2.61
2.71
2.81
2.81
2.59
2.56
2.61
2.76
2.76
3.96
4.16
4.51
4.81
5.21
5.61
6.16
6.71
7.81
8.46
9.81
11.56
14.21
14.81
22.71
43.31
43.31
43.31
43.36
33.56
22.71
14.96
14.46
12.26
10.91
9.66
8.66
7.86
7.21
4.06
3.86
3.86
3.86
3.81
4.86
4.61
4.36
4.16
3.96
3.81
3.66
3.51
3.41
3.26
3.11
3.06
2.91
2.86
2.76
2.66
2.66
2.56
2.54
2.49
2.39
2.34
2.34
2.24
2.19
2.14
2.09
2.09
2.04
2.04
1.94
1.94
1.94
1.89
1.84
1.84
1.84
1.79
1.74
1.74
1.77
1.74
1.72
1.72
1.67
-33.573502 18.814899 -1.377766
