1 180
1.17
1.17
1.17
1.17
1.17
1.17
1.17
1.17
1.17
1.14
1.22
1.17
1.22
1.22
1.19
1.19
1.19
1.22
1.19
1.24
1.19
1.24
1.27
1.24
1.29
1.29
1.32
1.37
1.34
1.34
1.34
1.44
1.39
1.44
1.44
1.44
1.49
1.49
1.54
1.59
1.54
1.59
1.64
1.69
1.74
1.74
1.79
1.84
1.84
1.89
1.94
2.04
2.04
2.14
2.19
2.26
2.34
2.36
2.46
2.56
2.61
2.71
2.86
3.01
3.11
3.26
3.41
3.61
3.76
4.06
4.26
4.56
4.86
5.56
5.86
6.16
6.81
7.56
8.51
9.71
11.36
14.31
14.26
14.26
14.26
14.26
14.26
14.26
14.26
14.31
14.36
14.31
12.71
11.06
9.71
8.76
8.76
8.36
6.71
6.21
5.86
5.46
5.16
4.86
4.61
4.41
4.46
4.46
4.51
4.61
4.66
4.71
4.71
4.81
4.86
4.86
4.96
4.91
4.96
5.01
5.01
5.11
5.16
5.21
5.16
5.11
5.01
4.91
4.81
4.66
4.61
4.46
4.11
4.01
3.96
3.91
3.86
3.86
3.96
3.86
3.86
3.76
3.76
3.71
3.66
3.61
3.61
3.56
3.51
3.49
3.46
1.54
1.57
1.54
1.49
1.57
1.57
1.47
1.49
1.49
1.47
1.47
1.52
1.47
1.47
1.47
1.47
1.47
1.47
1.47
1.47
1.47
1.42
1.42
1.47
1.47
1.42
1.47
1.42
1.42
-14.136999 -3.318530 -0.732408
