1 180
13.41
12.41
9.66
9.66
9.21
7.21
6.06
6.01
5.11
5.11
6.21
6.31
6.31
4.01
6.41
6.46
6.46
6.51
6.56
6.61
2.71
2.56
2.51
2.51
2.51
2.51
2.41
2.46
2.41
2.36
2.31
2.21
2.16
2.11
2.11
2.01
1.71
1.71
1.71
1.71
1.81
3.31
2.21
3.41
3.46
3.56
3.66
3.76
3.81
3.91
1.96
1.86
1.91
1.86
1.66
1.76
1.81
1.71
1.61
1.71
1.86
1.56
1.66
1.71
1.56
1.61
1.51
1.61
1.61
1.66
1.66
1.51
1.41
1.41
1.41
1.41
1.36
1.41
1.41
1.36
1.36
1.19
1.31
1.31
1.24
1.25
1.20
1.24
1.31
1.31
1.36
1.36
1.26
1.31
1.46
1.46
1.51
1.56
1.56
1.51
1.61
1.61
1.66
1.71
2.71
1.76
1.66
1.66
1.61
1.56
1.51
1.46
1.46
1.46
1.46
1.46
1.46
1.51
1.51
1.51
1.51
1.56
1.61
1.61
1.66
1.61
1.71
1.66
1.61
1.56
1.56
1.64
1.64
1.64
1.69
1.74
1.71
1.81
1.86
1.91
5.81
8.46
8.31
8.21
8.11
4.16
3.84
3.31
3.21
3.06
2.96
2.96
2.96
3.01
3.06
3.11
3.11
3.11
3.21
3.61
3.56
3.46
3.41
3.46
3.56
3.61
3.76
3.81
6.96
6.96
6.91
6.91
6.91
6.46
6.51
6.91
6.66
6.86
4.76
3.06
-13.575800 30.403999 0.664389
