1 180
44.01
38.26
33.81
23.26
23.21
15.56
15.01
13.51
12.16
11.11
10.21
9.41
8.81
8.26
7.76
7.36
6.91
6.56
6.26
6.01
5.71
5.46
5.26
5.11
4.91
4.71
4.56
4.41
4.31
4.16
4.06
3.91
3.86
3.71
3.66
3.56
3.46
3.41
3.31
3.26
3.21
3.11
3.11
3.01
2.99
2.94
2.89
2.89
2.79
2.79
2.69
2.69
2.69
2.64
2.59
2.59
2.54
2.54
2.49
2.49
2.44
2.44
2.39
2.39
2.34
2.34
2.32
2.31
2.41
2.51
2.44
2.39
2.56
3.21
3.36
3.19
3.26
4.31
5.24
5.29
5.86
6.71
7.81
9.41
11.51
14.86
22.61
22.96
20.51
23.06
20.86
3.27
3.26
3.36
3.46
3.46
3.56
3.61
50.00
50.00
5.26
50.00
50.00
50.00
3.46
3.31
3.31
3.31
3.36
3.11
3.01
2.51
2.46
2.36
2.31
2.36
2.41
2.61
2.61
2.66
2.76
2.71
2.61
2.56
2.66
2.71
2.66
2.56
2.51
2.51
2.41
2.36
2.31
2.31
2.26
2.26
2.21
2.16
2.06
2.06
2.06
2.01
2.01
2.01
1.96
1.96
1.91
1.91
1.86
1.86
1.81
1.81
1.76
1.76
1.81
1.76
1.76
1.76
1.71
1.66
1.66
1.66
1.54
1.54
1.62
1.62
1.62
1.57
1.62
1.59
1.66
1.71
1.66
1.66
1.66
1.61
1.61
1.64
1.65
1.59
-30.122900 20.521599 0.460721
