1 180
0.94
0.92
0.94
0.94
0.97
0.97
0.97
0.97
0.94
0.94
0.94
0.94
0.94
0.99
0.99
0.94
0.99
0.99
0.99
0.99
0.99
0.99
0.99
0.99
0.99
0.99
1.04
1.09
1.04
1.09
1.09
1.09
1.14
1.09
1.09
1.14
1.14
1.14
1.19
1.19
1.24
1.24
1.24
1.24
1.29
1.34
1.34
1.34
1.39
1.44
1.44
1.49
1.54
1.54
1.59
1.64
1.84
1.89
1.94
1.96
2.06
2.11
2.16
2.21
2.31
2.41
2.44
2.46
2.46
2.51
2.61
2.76
2.91
3.06
3.21
3.46
3.66
3.86
4.21
4.56
4.91
5.31
5.91
6.66
7.71
8.56
10.56
12.71
12.71
12.71
18.41
18.46
18.41
18.41
18.46
18.46
17.51
8.16
7.06
6.21
5.59
5.56
4.46
4.41
4.26
3.51
3.36
3.11
2.91
2.76
2.66
2.56
2.41
2.26
2.21
2.11
2.01
1.94
1.91
1.84
1.79
1.69
1.69
1.59
1.54
1.54
1.49
1.44
1.44
1.34
1.34
1.34
1.29
1.24
1.24
1.24
1.24
1.14
1.14
1.14
1.09
1.09
1.09
1.04
1.04
1.04
1.04
0.99
0.99
0.99
0.99
0.94
0.94
0.94
0.94
0.89
0.89
0.89
0.89
0.89
0.89
0.89
0.89
0.89
0.89
0.84
0.84
0.84
0.84
0.84
0.79
0.84
0.82
0.79
0.84
0.87
0.87
0.82
0.82
0.82
0.057479 -11.928300 -1.562805
