1 180
1.52
1.52
1.52
1.47
1.52
1.57
1.52
1.52
1.57
1.57
1.52
1.57
1.57
1.57
1.57
1.62
1.57
1.62
1.62
1.62
1.67
1.64
1.64
1.69
1.69
1.69
1.69
1.74
1.74
1.79
1.79
1.84
1.84
1.89
1.89
1.94
1.94
1.99
1.99
2.04
2.09
2.14
2.19
2.19
2.24
2.29
2.29
2.39
2.44
2.49
2.54
2.61
2.66
2.71
2.81
2.86
2.99
2.89
2.89
2.86
3.01
3.11
3.31
9.41
9.51
9.66
9.81
9.91
10.01
10.06
10.16
10.26
10.31
10.36
10.46
10.51
10.56
10.61
10.66
10.61
13.71
16.51
22.11
29.31
31.16
31.16
31.11
31.16
31.16
21.11
21.16
10.61
10.56
10.51
10.51
10.41
10.36
10.26
10.26
10.16
10.06
9.96
9.91
3.06
2.91
2.76
2.69
2.74
2.74
2.76
2.66
2.56
2.46
2.36
2.31
2.21
2.19
2.09
2.04
1.94
1.94
1.89
1.84
1.79
1.74
1.69
1.69
1.64
1.64
1.59
1.59
1.49
1.49
1.49
1.44
1.39
1.39
1.39
1.39
1.34
1.29
1.34
1.29
1.24
1.24
1.19
1.24
1.19
1.24
1.24
1.19
1.19
1.14
1.14
1.14
1.14
1.14
1.14
1.14
1.09
1.04
1.09
1.14
1.09
1.12
1.07
1.12
1.12
1.07
1.04
1.07
1.07
1.07
1.07
1.07
1.07
1.12
1.07
1.07
1.07
-25.419800 9.647050 -0.809852
