1 180
1.90
1.90
2.00
2.10
2.77
5.82
5.77
5.77
5.72
5.72
3.37
5.67
5.62
4.52
4.50
4.47
5.37
5.62
6.57
9.12
9.07
11.77
14.07
23.12
25.87
1.80
1.70
1.70
1.75
1.75
11.07
9.32
8.07
1.70
1.70
1.70
1.70
1.70
1.75
4.17
3.92
3.67
3.47
3.27
3.12
2.97
2.82
2.72
2.62
2.47
2.32
2.27
2.25
2.15
2.05
2.00
2.00
1.67
1.57
1.55
1.55
1.65
1.57
1.55
1.55
1.55
1.55
1.95
2.00
2.05
2.10
2.15
2.15
2.20
2.25
2.30
2.35
2.40
2.45
2.50
2.55
2.65
2.72
2.77
2.87
2.92
3.02
3.12
3.27
3.32
3.47
3.62
3.77
3.92
4.12
4.32
4.57
4.77
5.02
5.32
5.67
5.97
6.42
7.02
7.62
10.07
11.22
12.60
12.92
13.22
13.02
13.22
22.12
22.17
50.00
43.67
47.27
50.00
40.02
22.17
12.67
12.57
12.42
12.32
12.47
11.77
10.72
9.82
9.07
8.47
7.87
7.42
7.02
6.62
6.32
6.02
5.72
5.47
5.22
5.07
4.82
4.72
4.47
4.37
4.22
4.07
3.97
3.82
3.72
3.67
3.57
3.42
3.37
3.32
3.22
3.17
3.12
3.02
3.00
2.95
2.90
2.80
2.80
2.80
2.70
2.65
2.60
2.60
2.55
2.50
2.50
2.45
2.45
2.40
2.40
2.35
2.30
2.33
2.28
2.25
-4.980100 13.349500 3.136758
