1 180
46.51
47.26
12.56
14.71
12.16
12.26
12.21
11.76
10.56
9.46
8.61
7.86
7.26
6.81
6.36
5.96
5.66
5.31
5.06
4.81
4.61
4.36
4.21
4.06
3.86
3.71
3.61
3.51
3.36
3.31
3.21
3.11
2.96
2.86
2.86
2.76
2.74
2.64
2.59
2.54
2.54
2.44
2.44
2.39
2.29
2.24
2.24
2.19
2.19
2.14
2.14
2.09
2.04
2.04
1.99
1.99
1.94
1.94
1.97
1.90
1.92
1.99
2.09
2.11
2.16
2.26
2.36
2.46
2.56
2.66
2.81
3.01
3.16
3.36
3.56
3.81
4.06
4.41
4.81
5.21
5.76
6.26
7.16
8.31
9.91
12.16
18.76
21.76
24.61
30.31
30.36
30.31
16.41
12.71
10.16
8.91
7.26
6.41
5.66
5.11
4.66
4.36
4.36
4.71
4.71
4.76
4.76
2.86
2.71
2.56
2.46
2.31
2.21
2.16
2.01
2.01
1.91
1.84
1.84
1.89
1.89
1.94
1.94
1.94
1.94
1.99
2.04
2.09
2.14
2.14
2.14
2.19
2.19
2.24
2.29
2.34
2.39
2.44
2.46
2.41
2.31
2.31
2.36
2.41
2.36
2.46
2.51
2.56
3.16
3.31
6.91
4.61
50.00
50.00
6.21
6.11
6.06
6.01
5.96
5.91
6.01
5.86
5.81
5.81
5.81
5.76
5.71
5.71
5.61
3.26
5.51
5.51
5.51
5.56
5.51
2.96
6.46
6.36
4.41
6.36
-0.000602 0.012727 -1.570796
