1 180
3.36
3.41
3.49
3.56
3.56
3.66
3.71
3.76
3.81
3.91
3.96
4.01
4.06
3.96
4.01
4.01
4.06
4.06
4.11
4.21
11.11
7.46
7.36
9.91
9.61
9.36
9.01
8.76
8.46
8.31
7.21
6.86
6.71
6.51
6.31
6.26
6.11
5.96
5.81
5.71
5.66
5.56
5.51
5.61
5.71
5.86
6.01
6.01
6.06
6.11
6.11
6.16
6.21
6.26
6.31
6.31
6.36
6.36
6.41
6.46
6.46
6.51
6.51
6.56
6.56
6.61
6.61
6.61
6.66
6.66
6.66
6.71
6.71
6.66
6.66
8.36
9.01
10.06
11.26
12.76
14.86
17.61
24.56
27.16
27.21
23.61
23.66
27.16
27.21
18.26
17.16
10.56
9.21
6.56
6.51
6.56
6.56
6.51
6.51
6.46
6.46
6.41
6.41
6.36
6.31
6.26
6.26
6.21
6.16
6.11
6.06
6.06
6.01
5.96
5.91
5.86
5.81
5.81
5.76
5.66
5.61
5.56
5.41
5.26
5.11
5.01
5.06
5.11
5.21
5.31
5.36
5.51
5.56
5.66
5.81
5.91
6.01
6.21
6.36
6.51
6.56
5.66
5.66
5.66
5.56
5.66
8.86
9.21
9.51
9.81
3.51
3.49
3.46
3.44
3.44
3.39
3.39
3.39
3.41
3.31
3.31
3.26
3.16
3.14
3.09
3.04
2.99
2.89
2.89
2.84
2.74
2.74
2.69
2.64
2.59
2.54
2.49
2.44
2.44
2.34
-22.638899 6.668100 -0.785681
