1 180
1.62
1.62
1.62
1.62
1.62
1.62
1.62
1.62
1.62
1.62
1.62
1.62
1.67
1.67
1.67
1.67
1.67
1.72
1.72
1.69
1.69
1.74
1.79
1.79
1.79
1.79
1.79
1.84
1.84
1.84
1.89
1.89
1.94
1.94
1.99
1.99
2.04
2.09
2.09
2.09
2.14
2.24
2.24
2.29
2.34
2.34
2.39
2.44
2.49
2.54
2.61
2.69
2.71
2.86
2.91
2.96
3.01
3.11
3.21
3.31
3.41
3.61
3.71
3.81
4.01
4.16
4.31
4.51
4.76
5.01
5.31
5.61
5.96
6.31
6.71
7.21
7.86
8.61
9.41
11.91
11.91
12.51
12.46
12.46
12.41
12.41
12.36
12.41
12.31
12.34
12.51
12.46
12.36
12.31
8.66
7.61
6.71
5.96
5.51
4.96
4.56
4.26
3.91
3.71
3.46
3.26
3.11
3.11
3.01
2.91
2.81
2.71
2.56
2.31
2.16
2.11
2.04
2.04
1.89
1.89
1.79
1.79
1.74
1.69
1.64
1.59
1.54
1.49
1.49
1.44
1.44
1.44
0.86
0.76
0.76
0.74
0.74
0.74
0.74
0.74
0.71
0.81
1.19
1.14
1.14
1.09
1.09
1.09
1.09
0.86
0.81
0.84
0.79
0.79
0.79
0.84
0.81
0.81
0.99
0.99
1.04
0.99
0.99
0.99
0.99
0.94
0.99
0.99
0.94
0.97
1.02
0.99
0.97
0.97
0.97
0.97
0.97
0.97
0.97
0.94
-26.878601 10.665799 2.280896
