1 180
1.16
1.11
1.16
1.16
1.16
1.16
1.16
1.21
1.21
1.21
1.21
1.26
1.31
1.31
1.31
1.26
1.31
1.31
3.56
3.46
3.31
3.26
3.16
3.11
3.06
2.91
2.86
2.81
2.74
2.74
2.64
2.59
2.59
2.54
2.49
2.44
2.39
2.34
2.34
2.29
2.34
2.44
2.49
2.51
2.76
2.76
2.91
3.01
3.06
3.16
3.21
3.36
3.31
3.41
3.56
3.66
3.86
4.01
4.26
4.41
4.66
4.91
5.26
5.56
9.46
9.36
9.36
9.31
9.26
9.21
10.06
11.36
13.16
16.71
4.91
4.81
4.41
4.46
14.71
14.66
10.36
9.11
5.41
4.51
4.51
4.56
2.66
2.36
2.11
1.91
1.79
1.79
1.79
1.84
1.84
1.89
1.84
1.89
1.89
1.89
1.94
1.89
1.94
1.94
1.99
1.99
1.99
2.04
2.04
2.09
2.06
2.01
1.91
1.86
1.86
1.91
1.91
1.96
2.01
2.01
2.11
2.39
2.49
2.49
2.59
2.59
2.69
2.64
2.79
2.81
2.86
2.86
2.96
3.06
3.16
3.21
3.31
3.41
3.46
3.61
3.71
3.81
3.96
4.11
4.31
4.41
4.61
1.41
1.31
1.31
1.36
1.31
1.31
1.31
1.31
1.31
1.26
1.26
1.26
1.26
1.31
1.26
1.26
1.26
1.21
1.21
1.29
1.24
1.24
1.27
1.27
1.27
1.24
1.24
1.24
1.29
1.26
1.21
1.26
1.21
-41.201401 -13.459700 1.986955
