1 180
0.62
0.62
0.62
0.67
0.62
0.65
0.65
0.67
0.67
0.72
0.72
0.72
0.72
0.77
0.77
0.77
0.82
0.77
0.77
0.72
0.77
0.77
0.82
0.77
0.82
0.77
0.80
0.82
0.87
0.87
0.92
0.97
0.97
0.97
0.97
1.02
0.97
1.07
1.07
1.02
1.02
1.02
1.12
1.12
1.12
1.22
1.22
1.27
1.22
1.27
4.12
4.27
4.17
4.12
3.92
3.97
3.77
3.67
3.57
3.62
7.07
7.42
3.62
8.27
8.37
8.32
8.27
8.27
8.22
3.87
5.17
3.87
3.87
3.77
3.62
3.67
3.37
3.52
3.47
3.42
3.52
3.57
3.67
3.67
3.52
3.67
3.72
3.72
3.82
3.72
3.87
3.57
3.77
3.77
3.47
3.42
3.42
3.52
3.52
3.57
3.67
2.92
3.77
2.97
2.62
2.42
2.37
2.32
2.22
2.17
2.12
2.02
1.97
2.02
1.87
1.87
1.82
1.87
1.77
1.77
1.72
1.72
1.57
1.57
1.57
1.32
1.32
1.32
1.35
1.35
1.32
1.32
1.32
1.32
1.27
1.32
1.37
1.37
1.37
1.32
1.27
1.27
1.27
1.32
1.32
1.27
1.27
1.27
1.22
1.22
1.22
1.27
1.22
1.22
1.17
1.17
1.17
1.22
1.17
1.17
1.12
1.12
1.12
1.07
1.06
1.08
1.13
1.08
1.08
1.11
1.11
0.96
0.96
1.01
0.98
0.98
0.95
0.95
0.95
0.95
-46.957001 10.415699 2.098464
