1 180
3.46
3.61
3.51
3.46
3.46
3.51
3.51
3.56
1.86
1.81
1.81
1.81
1.76
1.61
1.66
1.56
1.56
1.56
1.51
1.46
1.51
1.39
1.36
1.41
1.31
1.31
1.31
1.26
1.31
1.21
1.11
1.11
1.09
1.16
1.09
1.16
1.16
1.11
1.16
1.11
1.06
1.06
1.06
1.06
1.06
1.06
1.04
0.96
0.96
1.01
1.01
0.96
0.96
0.91
0.96
0.91
0.96
0.91
0.91
0.91
0.89
0.86
0.89
0.89
0.89
0.89
0.92
0.87
0.87
0.87
0.92
0.87
0.92
0.87
0.84
0.89
0.89
0.89
0.94
0.91
0.89
0.89
0.91
0.86
0.91
0.86
0.86
0.91
0.91
0.91
0.91
0.91
0.91
0.96
0.96
1.01
1.06
1.06
1.11
1.16
1.11
1.11
1.11
1.11
1.16
1.16
1.14
1.21
1.21
1.21
1.26
1.26
1.26
1.31
1.31
1.34
1.31
1.41
1.46
1.46
1.51
1.51
1.56
1.54
1.56
1.56
1.71
1.76
1.81
1.86
1.91
1.91
2.01
2.11
2.16
2.26
2.31
2.36
3.86
3.86
3.81
3.76
3.91
4.31
4.61
4.86
5.21
5.61
6.11
7.16
7.36
4.11
3.76
3.62
12.26
14.71
22.16
20.06
20.06
20.01
20.06
21.11
12.16
9.06
7.16
5.96
5.06
3.44
3.66
2.81
2.74
2.91
2.66
2.41
2.31
2.16
2.01
1.94
1.87
1.87
-4.681470 -12.976200 -0.355129
