1 180
2.06
2.16
2.29
2.41
2.46
2.66
2.81
2.96
3.16
3.41
3.66
4.01
4.41
4.91
5.36
6.11
7.06
8.36
10.16
13.01
14.16
14.31
23.26
50.00
50.00
41.51
50.00
50.00
23.36
23.46
15.41
14.11
13.76
13.96
13.21
12.21
11.31
10.56
9.91
9.31
8.91
8.46
8.06
7.61
7.31
7.06
6.76
6.51
6.26
6.06
5.86
5.66
5.51
5.31
5.16
5.06
4.86
4.81
4.66
4.56
4.46
4.36
4.21
4.16
4.06
3.96
3.91
3.86
3.81
3.71
3.66
3.61
3.51
3.46
3.46
3.44
3.36
3.34
3.29
3.24
3.24
3.19
3.14
3.09
3.09
3.04
2.99
2.99
2.94
2.94
2.94
2.94
2.89
2.89
2.89
2.84
2.84
2.79
2.84
2.74
2.79
2.74
2.79
2.77
2.72
2.96
3.41
4.01
4.76
6.11
8.21
10.21
15.26
21.51
23.81
23.81
14.86
13.16
10.01
8.36
8.31
8.36
8.36
8.41
10.21
6.51
6.06
5.76
5.76
50.00
50.00
6.36
6.36
4.06
3.86
3.66
3.51
3.36
3.31
3.16
3.06
3.04
3.14
3.14
3.19
3.19
3.29
3.26
3.31
3.36
3.06
3.06
3.11
3.56
2.91
2.91
2.96
3.76
3.66
3.56
3.51
3.46
3.61
3.66
3.76
4.46
4.56
4.66
4.76
4.86
5.01
5.16
6.51
9.26
6.06
9.46
6.66
8.96
6.16
8.76
-41.185898 -6.856490 1.338548
