1 180
1.59
1.49
1.49
1.44
1.39
1.16
1.14
1.14
1.09
1.09
1.04
1.04
1.09
1.04
0.94
0.94
0.97
0.95
0.95
0.95
0.92
1.00
1.00
0.99
0.99
1.04
1.09
1.14
1.14
1.19
1.24
1.29
1.34
1.39
1.44
1.54
1.59
1.61
1.71
1.81
1.91
2.06
2.16
2.31
2.51
2.76
2.62
2.62
3.16
3.34
3.41
6.16
12.61
14.56
14.56
20.56
22.96
22.96
20.71
20.66
20.71
12.41
50.00
7.46
3.49
3.56
4.16
4.06
5.61
5.71
5.66
6.71
6.61
6.76
3.41
3.41
3.41
3.36
3.46
3.56
3.41
3.41
3.41
3.46
3.46
3.46
3.56
1.81
1.76
1.76
1.71
1.66
1.61
1.61
1.54
1.51
1.46
1.51
1.51
1.41
1.46
1.34
1.31
1.36
1.31
1.31
1.31
1.26
1.26
1.26
1.16
1.11
1.06
1.06
1.06
1.09
1.11
1.11
1.11
1.06
1.06
1.11
1.11
1.06
1.06
1.06
1.06
1.01
0.96
0.96
0.96
0.96
0.96
0.96
0.96
0.91
0.91
0.91
0.94
0.94
0.89
0.89
0.89
0.97
0.89
0.92
0.92
0.92
0.92
0.97
0.89
0.89
0.89
0.94
0.94
0.94
0.91
0.91
0.96
0.96
0.96
0.94
0.94
0.91
0.91
0.91
0.91
0.96
0.96
0.96
0.96
1.01
0.96
1.01
1.01
1.06
1.11
1.16
1.11
1.16
-4.681350 -12.974800 -1.739184
