1 180
1.06
1.06
1.06
1.01
1.01
1.01
0.96
0.96
0.96
0.96
0.96
0.96
0.91
0.91
0.94
0.94
0.94
0.94
0.92
0.92
0.97
0.97
0.92
0.97
0.94
0.94
0.94
0.94
0.91
0.89
0.91
0.91
0.91
0.91
0.91
0.91
0.91
0.91
0.96
0.96
0.96
0.91
0.96
1.06
1.06
1.06
1.11
1.11
1.11
1.11
1.16
1.11
1.16
1.21
1.19
1.14
1.21
1.26
1.26
1.26
1.26
1.31
1.31
1.36
1.34
1.36
1.41
1.46
1.51
1.46
1.51
1.51
1.51
1.56
1.51
1.71
1.76
1.81
1.81
1.86
1.96
2.01
2.06
2.11
2.21
2.26
2.31
2.36
3.86
3.81
3.81
3.76
3.81
4.11
4.36
4.71
5.01
5.36
5.71
6.21
7.26
7.36
3.91
3.59
3.61
12.26
14.61
22.16
20.06
20.01
19.96
20.01
22.06
12.16
8.96
6.81
5.76
3.61
3.44
3.61
2.71
2.64
2.76
2.51
2.36
2.16
2.01
1.91
1.82
1.82
1.85
1.79
1.84
1.89
1.84
1.89
1.89
1.89
1.94
1.94
1.99
1.99
1.99
2.04
2.09
2.09
2.09
2.14
2.19
2.19
2.24
2.29
2.29
2.34
2.39
2.39
2.44
2.49
2.59
2.64
2.64
2.74
2.74
2.86
2.91
2.96
3.01
3.11
3.21
3.26
3.36
3.51
3.61
3.71
3.86
4.01
4.11
4.31
4.51
4.66
-4.687360 -12.975800 0.497164
