1 180
1.89
1.94
1.99
2.04
2.04
2.09
2.09
2.19
2.19
2.24
2.34
2.39
2.44
2.49
2.56
2.64
2.71
2.76
2.86
2.91
3.01
3.11
3.26
3.36
3.51
3.66
3.81
3.96
4.16
4.41
4.66
4.86
5.16
5.51
5.86
6.31
6.81
7.41
9.91
10.91
12.16
12.41
12.76
12.51
12.66
21.66
21.61
50.00
43.16
46.76
50.00
39.46
21.66
12.41
12.21
12.11
11.91
12.01
11.91
10.86
10.01
9.21
8.61
8.06
7.56
7.11
6.71
6.41
6.11
5.81
5.56
5.36
5.11
4.91
4.71
4.61
4.41
4.26
4.16
4.06
3.86
3.76
3.71
3.61
3.51
3.46
3.36
3.31
3.21
3.14
3.06
3.01
2.99
2.94
2.89
2.84
2.79
2.74
2.69
2.64
2.64
2.59
2.59
2.54
2.54
2.44
2.44
2.39
2.39
2.39
2.34
2.34
2.29
2.29
2.24
2.24
2.19
2.19
2.19
2.19
2.19
2.19
2.15
2.14
2.21
2.41
2.61
2.81
3.11
3.41
3.81
4.31
4.86
5.71
6.61
8.46
12.16
19.21
25.06
30.71
30.76
30.76
29.91
15.46
12.61
10.61
9.41
8.31
7.51
6.76
6.16
5.71
3.46
3.46
3.51
4.91
3.46
3.46
3.56
50.00
3.36
3.26
3.11
2.96
2.86
2.71
2.66
2.61
2.51
2.44
2.44
2.44
2.49
2.54
2.49
2.59
2.59
2.64
2.64
2.69
-5.420950 13.186100 -1.931905
