1 180
2.06
2.19
2.26
2.36
2.51
2.66
2.81
3.01
3.21
3.41
3.66
4.01
4.41
4.86
5.41
6.06
7.06
8.36
10.16
12.96
14.21
14.31
23.26
50.00
50.00
41.51
50.00
50.00
23.36
23.46
15.41
14.06
13.71
13.91
13.16
12.21
11.36
10.56
9.96
9.36
8.86
8.41
8.01
7.66
7.31
7.06
6.76
6.51
6.31
6.06
5.86
5.66
5.51
5.31
5.21
5.06
4.86
4.81
4.66
4.51
4.41
4.31
4.26
4.16
4.06
3.96
3.91
3.86
3.76
3.71
3.66
3.61
3.51
3.51
3.41
3.39
3.39
3.34
3.29
3.24
3.24
3.19
3.14
3.09
3.09
3.09
2.99
2.99
2.99
2.94
2.94
2.89
2.89
2.89
2.84
2.84
2.84
2.79
2.79
2.79
2.79
2.79
2.74
2.77
2.77
2.96
3.41
4.01
4.81
6.06
8.21
10.21
15.26
21.51
23.81
23.86
14.86
13.16
10.06
8.31
8.31
8.31
8.36
8.36
10.21
6.51
6.01
5.76
5.81
50.00
50.00
6.36
6.36
4.06
3.86
3.71
3.51
3.41
3.31
3.11
3.06
3.09
3.14
3.14
3.14
3.24
3.29
3.34
3.31
3.36
3.06
3.06
3.06
3.56
2.96
2.86
2.96
3.71
3.71
3.61
3.56
3.51
3.56
3.71
3.71
4.41
4.56
4.66
4.81
4.91
5.06
5.21
6.46
9.21
6.11
9.46
6.61
8.91
6.21
8.76
-41.185898 -6.856490 1.338548
