1 180
0.81
0.81
0.81
0.81
0.81
0.81
0.81
0.86
0.86
0.86
0.86
0.86
0.86
0.89
0.86
0.91
0.91
0.91
0.96
0.96
0.96
1.01
0.96
0.96
0.96
0.96
1.01
1.01
1.06
0.99
1.06
1.06
1.06
1.11
1.11
1.16
1.21
1.21
1.26
1.21
1.21
1.24
1.19
1.14
1.14
1.09
1.09
1.09
1.14
1.09
1.09
1.04
1.04
1.04
1.09
1.14
1.19
1.19
1.51
1.56
1.66
1.71
1.76
1.86
2.01
2.09
2.09
2.09
2.14
2.31
2.46
2.71
3.01
3.26
3.66
4.16
4.76
5.66
6.96
8.61
8.76
15.16
32.36
32.61
15.46
8.61
8.71
15.41
14.31
14.46
9.71
8.66
7.31
7.21
6.16
6.06
5.66
4.96
4.66
4.41
4.16
3.96
3.71
3.61
3.41
3.26
3.16
3.01
2.91
2.76
2.71
2.66
2.51
2.46
2.44
2.34
2.34
2.24
2.19
2.14
2.09
2.04
1.99
1.94
1.94
1.89
1.79
1.84
1.79
1.69
1.74
1.69
1.64
1.64
1.59
1.59
1.54
1.54
1.54
1.54
1.49
1.49
1.44
1.49
1.44
1.44
1.42
1.34
1.39
1.37
1.34
1.34
1.37
1.37
1.37
1.32
1.32
1.37
1.32
1.27
1.32
1.32
1.32
1.32
1.32
1.32
1.32
1.32
1.27
1.27
1.27
1.27
1.27
1.27
1.27
1.27
1.27
1.27
1.27
1.27
-40.949398 15.002300 0.507802
