1 180
1.47
1.47
1.42
1.47
1.47
1.47
1.47
1.47
1.47
1.47
1.52
1.47
1.52
1.52
1.57
1.57
1.57
1.57
1.57
1.62
1.59
1.62
1.62
1.59
1.59
1.64
1.64
1.69
1.74
1.74
1.74
1.74
1.79
1.84
1.89
1.89
1.94
1.94
1.99
2.04
2.04
2.09
2.14
2.19
2.19
2.29
2.34
2.34
2.44
2.54
2.51
2.61
2.66
2.76
2.81
2.91
3.06
3.16
3.21
3.36
3.51
3.66
3.76
5.41
5.36
5.31
5.56
5.96
6.21
6.61
7.21
8.16
8.16
8.46
8.41
8.71
8.71
8.31
8.51
8.61
10.36
17.56
17.86
50.00
42.76
42.81
34.76
42.76
35.46
17.61
6.26
6.36
6.41
8.11
8.11
8.21
7.91
7.91
8.06
8.16
7.61
7.16
6.81
6.51
6.16
5.91
5.61
5.41
5.16
5.01
4.76
4.66
4.46
4.31
4.21
4.06
3.91
3.81
3.71
3.61
3.56
3.41
3.41
3.26
3.21
3.16
3.06
3.01
2.99
2.91
2.89
2.84
2.79
2.79
2.69
2.69
2.64
2.59
2.54
2.54
2.49
2.49
2.44
2.39
2.39
2.39
2.34
2.29
2.29
2.29
2.24
2.24
2.24
2.24
2.24
2.19
2.19
2.14
2.14
2.14
2.09
2.09
2.09
2.09
2.09
2.09
2.09
2.07
2.04
2.12
2.04
2.04
2.12
2.04
2.07
2.07
2.07
2.07
2.07
2.07
-9.066820 11.327100 -2.564978
