1 180
1.17
1.17
1.17
1.17
1.17
1.17
1.17
1.22
1.17
1.17
1.17
1.22
1.19
1.19
1.19
1.27
1.22
1.24
1.27
1.22
1.24
1.27
1.24
1.29
1.32
1.29
1.34
1.37
1.34
1.29
1.34
1.39
1.39
1.44
1.44
1.44
1.49
1.49
1.49
1.54
1.54
1.54
1.59
1.64
1.64
1.74
1.74
1.79
1.79
1.84
1.84
1.94
1.99
1.99
2.09
2.14
2.21
2.26
2.31
2.36
2.46
2.56
2.61
2.71
2.86
2.96
3.11
3.21
3.39
3.56
3.76
3.96
4.21
4.46
4.76
5.21
5.61
6.01
6.56
7.31
8.16
9.26
10.56
12.61
17.21
19.91
19.91
19.91
19.81
19.91
19.96
19.91
19.96
50.00
14.26
11.61
10.21
9.96
10.01
10.11
10.16
6.36
5.96
5.56
5.26
4.91
4.66
4.41
4.21
4.01
3.81
3.66
3.51
3.36
3.26
3.11
3.01
2.96
2.81
2.81
2.69
2.61
2.51
2.46
2.44
2.31
2.34
2.29
2.24
2.14
2.09
2.09
2.04
1.99
1.96
1.94
1.94
1.84
1.84
1.84
1.79
1.79
1.74
1.74
1.69
1.69
1.64
1.64
1.59
1.64
1.59
1.59
1.59
1.54
1.54
1.49
1.54
1.52
1.49
1.49
1.49
1.47
1.47
1.47
1.47
1.47
1.47
1.42
1.47
1.47
1.42
1.42
1.42
1.42
1.42
1.42
1.42
1.42
1.42
1.42
-18.043200 0.831035 -0.805131
