1 180
13.56
21.01
41.91
49.76
49.76
50.00
21.01
14.51
12.41
9.91
9.66
9.41
7.21
6.26
6.06
5.91
5.11
5.21
6.31
6.31
4.21
6.36
6.41
6.41
6.51
6.56
6.61
2.71
2.61
2.56
2.46
2.49
2.51
2.36
2.41
2.46
2.36
2.31
2.26
2.16
2.11
2.11
2.06
1.91
1.71
1.71
1.74
1.81
2.06
3.31
2.16
3.46
3.56
3.56
3.71
3.76
3.86
3.96
1.91
1.86
1.86
1.86
1.71
1.76
1.76
1.66
1.61
1.61
1.66
1.71
1.61
1.61
1.56
1.61
1.51
1.61
1.56
1.61
1.61
1.46
1.41
1.41
1.41
1.36
1.36
1.36
1.41
1.36
1.36
1.19
1.26
1.26
1.29
1.20
1.19
1.26
1.26
1.31
1.36
1.26
1.21
1.31
1.46
1.51
1.46
1.56
1.56
1.56
1.66
1.66
1.66
1.71
2.71
2.76
1.71
1.76
1.61
1.61
1.56
1.46
1.41
1.46
1.46
1.46
1.46
1.51
1.51
1.51
1.51
1.56
1.56
1.61
1.66
1.66
1.66
1.66
1.61
1.56
1.56
1.59
1.64
1.69
1.74
1.79
1.76
1.81
1.81
1.96
5.71
8.36
8.26
8.21
8.11
3.96
3.96
3.31
3.16
3.11
2.96
2.96
3.01
3.01
3.06
3.16
3.11
3.16
3.21
3.61
3.56
3.46
3.46
3.41
3.56
3.61
3.71
3.81
6.96
6.96
6.96
6.91
-13.574000 30.405300 0.549208
