1 180
1.63
1.63
1.63
1.63
1.63
1.63
1.63
1.63
1.63
1.68
1.63
1.68
1.63
1.68
1.66
1.73
1.73
1.73
1.75
1.70
1.75
1.75
1.75
1.80
1.80
1.80
1.80
1.85
1.85
1.90
1.90
1.95
1.95
2.00
2.00
2.05
2.10
2.10
2.12
2.15
2.20
2.25
2.30
2.35
2.35
2.35
2.50
2.55
2.55
2.65
2.67
2.75
2.77
2.87
2.97
3.02
3.17
3.22
3.32
3.47
3.57
3.67
3.87
4.02
4.17
4.37
4.57
4.77
5.02
5.32
5.57
5.92
6.32
6.77
7.32
7.92
8.62
9.47
10.52
12.92
13.42
13.52
13.52
13.47
13.47
13.47
13.42
13.27
13.45
13.52
13.52
13.37
10.62
8.67
7.57
6.67
5.97
5.42
4.92
4.52
4.22
4.12
4.02
3.82
3.32
3.12
2.97
2.82
2.67
2.57
2.47
2.37
2.27
2.22
2.15
2.05
2.00
1.95
1.90
1.85
1.80
1.75
1.70
1.65
1.65
1.55
1.55
1.50
1.50
1.45
1.45
1.40
1.40
1.35
1.35
1.30
1.25
1.25
1.25
1.25
1.20
1.15
1.15
1.15
1.20
1.10
1.10
1.10
1.10
1.10
1.10
1.05
1.10
1.05
1.05
1.05
1.00
1.05
1.00
1.00
1.00
1.00
1.05
1.00
1.00
1.00
0.95
1.03
0.95
0.95
0.95
1.00
1.03
0.98
1.03
0.98
0.98
0.98
0.98
0.95
-26.183701 9.821060 2.293293
