1 180
1.79
1.79
1.79
1.74
1.69
1.74
1.69
1.69
1.69
1.69
1.64
1.64
1.59
1.59
1.59
1.59
1.59
1.59
1.54
1.54
1.54
1.54
1.54
1.59
1.54
1.54
1.49
1.59
1.57
1.62
1.62
1.57
1.57
1.57
1.59
5.61
5.86
5.91
5.91
5.96
3.96
3.51
3.26
2.91
2.91
6.06
6.11
6.11
6.16
6.16
14.81
14.06
14.06
12.81
12.31
11.91
11.46
11.11
10.71
10.31
10.06
9.76
9.56
9.66
7.91
7.66
7.51
7.56
7.66
7.81
8.16
8.91
6.46
6.31
6.16
6.06
6.11
6.21
6.31
6.41
5.46
5.36
5.26
5.21
5.16
5.06
4.96
4.86
4.81
4.76
4.66
7.46
7.41
7.36
7.11
7.01
7.01
4.46
4.36
4.36
4.36
4.31
4.26
4.21
4.21
4.16
4.16
4.16
4.11
4.11
4.11
4.06
4.11
4.16
4.61
5.26
5.21
5.11
5.06
5.01
5.16
5.31
4.16
4.19
4.19
4.16
4.21
3.61
3.56
3.61
3.51
3.41
3.46
4.31
4.31
4.36
4.41
3.31
3.31
3.21
3.16
3.26
3.11
3.01
2.86
2.76
2.66
2.56
2.51
2.36
2.36
2.21
2.21
2.11
2.06
2.06
1.96
1.96
1.91
1.86
1.76
1.76
1.71
1.71
1.66
1.66
1.66
1.61
1.56
1.46
1.46
1.41
1.46
1.41
1.41
1.39
1.46
1.41
1.36
1.41
-35.219398 -28.918798 2.855123
