1 180
0.82
0.87
0.87
0.82
0.87
0.87
0.87
0.87
0.89
0.89
0.89
0.84
0.89
0.84
0.89
0.89
0.89
0.89
0.89
0.89
0.94
0.89
0.94
0.94
0.89
0.94
0.94
0.94
0.99
0.94
0.94
1.04
0.99
1.04
1.09
0.99
1.04
1.04
1.09
1.14
1.14
1.14
1.14
1.19
1.19
1.19
1.16
1.19
1.16
1.16
1.16
1.24
1.29
1.29
1.34
1.34
1.44
1.44
1.49
1.49
1.59
1.59
1.64
1.74
1.79
1.89
1.94
2.01
2.11
2.16
2.31
2.36
2.56
2.66
2.81
3.01
3.16
3.46
3.71
4.11
4.46
4.96
5.61
6.41
7.36
8.36
8.71
14.76
15.81
32.81
32.86
8.41
8.41
17.91
9.96
10.06
10.11
8.26
7.21
6.46
5.81
5.81
4.91
4.66
4.56
4.26
3.66
3.46
3.31
3.11
2.96
2.81
2.76
2.61
2.51
2.41
2.31
2.21
2.16
2.14
2.04
1.99
1.94
1.89
1.84
1.79
1.74
1.69
1.64
1.64
1.54
1.54
1.54
1.49
1.44
1.44
1.39
1.34
1.34
1.29
1.29
1.29
1.29
1.24
1.24
1.19
1.24
1.19
1.19
1.19
1.19
1.14
1.14
1.14
1.14
1.09
1.09
1.09
1.09
1.04
1.04
1.04
1.04
1.04
1.04
1.04
1.04
1.07
1.02
0.99
0.99
1.04
1.02
1.02
1.02
1.02
1.02
0.97
1.02
1.02
-6.314090 -24.240400 -3.050062
