1 180
1.08
1.08
1.03
1.08
1.08
1.08
1.08
1.08
1.08
1.10
1.10
1.05
1.10
1.10
1.10
1.10
1.10
1.10
1.15
1.10
1.15
1.15
1.15
1.20
1.20
1.25
1.25
1.25
1.25
1.25
1.30
1.30
1.30
1.30
1.35
1.35
1.35
1.40
1.45
1.45
1.50
1.45
1.55
1.55
1.55
1.70
1.70
1.70
1.75
1.80
1.85
1.90
1.95
1.95
2.15
2.00
2.05
1.92
1.97
2.02
2.27
2.32
4.07
4.22
4.42
4.62
4.82
5.07
5.32
5.57
5.87
6.27
6.67
7.12
7.67
8.37
9.07
10.02
11.12
12.57
14.37
17.47
18.62
24.27
24.37
21.22
21.27
24.82
24.72
24.57
16.42
16.47
18.87
17.57
13.92
12.32
11.02
9.97
9.17
8.47
7.77
7.32
6.87
6.47
6.02
5.82
5.52
5.27
5.02
4.82
4.62
4.42
4.27
4.07
3.92
3.82
3.72
3.57
3.52
3.37
3.27
3.22
3.17
2.32
2.27
2.22
1.95
1.90
1.85
1.85
1.80
1.80
1.77
1.70
1.65
1.60
1.60
1.60
1.55
1.55
1.50
1.50
1.45
1.45
1.45
1.45
1.40
1.40
1.38
1.35
1.35
1.35
1.30
1.33
1.30
1.33
1.25
1.28
1.25
1.28
1.25
1.25
1.25
1.23
1.23
1.23
1.23
1.23
1.23
1.28
1.23
1.23
1.23
1.23
1.23
1.23
1.23
1.20
1.43
1.25
-24.383999 1.993370 -2.496672
