1 180
1.97
2.02
2.02
2.02
2.02
1.34
1.29
1.34
1.34
1.31
1.49
2.04
1.26
1.16
1.16
1.14
1.14
1.16
1.26
2.14
2.19
2.19
2.19
2.24
2.24
2.29
2.29
2.34
2.39
2.39
2.39
2.44
2.49
2.49
2.49
2.54
2.59
2.59
2.69
2.69
2.79
2.79
2.89
2.89
2.96
3.01
3.06
3.16
3.21
3.26
3.36
3.46
3.51
3.66
3.76
3.86
3.96
4.11
4.21
4.36
4.56
4.66
4.86
5.06
5.31
5.51
5.81
6.16
6.46
6.81
7.21
7.66
8.11
8.71
9.46
10.31
11.26
12.56
12.86
12.86
13.06
21.91
21.86
50.00
50.00
50.00
31.11
50.00
50.00
12.76
12.71
12.41
12.56
12.26
10.76
9.61
8.66
7.91
7.16
6.76
6.26
5.91
5.56
5.21
4.96
4.66
4.46
4.26
4.06
3.91
3.71
3.61
3.46
3.36
3.26
3.11
3.06
2.91
2.86
2.76
2.66
2.61
2.56
2.54
2.49
2.39
2.39
1.61
1.51
1.49
1.49
1.51
1.56
1.71
2.04
1.99
1.94
1.94
1.94
1.89
1.89
1.84
1.84
1.79
1.74
1.74
1.74
1.74
1.69
1.69
1.64
1.69
1.64
1.59
1.59
1.67
1.59
1.59
1.59
1.59
1.62
1.57
1.62
1.57
1.57
1.52
1.57
1.52
1.52
1.57
1.52
1.52
1.52
1.52
1.52
1.52
1.52
1.52
1.52
1.52
-36.725601 -6.355210 0.625909
