1 360
0.80
0.80
0.80
0.80
0.80
0.80
0.80
0.80
0.80
0.80
0.80
0.81
0.81
0.81
0.81
0.81
0.81
0.82
0.81
81.91
81.91
81.91
81.91
81.91
81.91
81.91
81.91
0.50
0.52
0.46
0.46
0.42
0.45
0.43
0.44
0.43
0.43
0.43
0.43
0.44
0.44
0.43
0.44
0.44
0.43
0.45
0.46
0.47
0.46
0.46
0.46
0.46
0.46
0.45
0.47
0.45
0.47
2.92
2.95
2.91
2.93
2.83
2.81
2.84
2.55
2.61
2.83
2.85
2.87
2.88
2.90
2.92
2.93
2.95
2.97
2.99
3.01
3.03
3.05
2.01
2.00
1.96
1.95
1.93
1.91
1.88
1.88
1.85
1.84
1.81
1.80
1.78
1.77
1.75
1.74
1.71
1.71
1.71
1.74
1.75
1.76
1.76
1.71
1.69
1.71
1.74
1.76
1.78
1.81
1.82
1.85
1.87
1.88
1.78
1.80
1.77
1.76
1.74
1.73
1.73
1.73
1.73
1.73
1.69
1.70
1.70
1.72
1.72
1.73
1.75
1.78
4.63
4.63
4.55
4.41
4.56
4.56
4.53
4.52
4.50
4.48
4.47
4.45
4.42
4.43
4.41
4.40
4.38
4.37
4.35
4.36
4.34
4.34
4.32
4.30
4.28
4.37
4.69
4.37
4.26
4.25
4.23
4.24
4.22
4.22
4.20
4.20
4.19
4.20
4.18
4.19
4.17
4.18
4.17
4.17
4.16
4.17
4.16
4.16
4.15
4.15
4.14
4.15
4.14
4.15
4.14
4.14
4.14
4.14
4.14
4.13
4.12
4.17
4.62
4.67
4.69
4.70
4.69
4.53
4.47
4.47
4.51
4.69
4.63
4.56
4.56
4.72
4.28
2.51
2.49
4.27
4.37
4.79
4.81
2.05
4.87
2.75
2.70
4.87
4.88
4.91
2.58
4.81
4.63
4.95
2.49
2.51
4.77
4.40
2.17
2.21
2.07
4.47
4.47
2.27
2.25
2.00
2.18
2.41
2.40
2.39
2.40
2.49
3.63
3.58
3.54
3.48
3.42
3.38
3.32
3.29
3.24
3.20
3.16
3.12
3.08
2.79
2.46
2.88
2.94
2.90
2.88
2.50
2.31
2.78
2.75
2.73
2.69
2.67
2.64
2.10
1.99
1.89
1.87
1.86
1.85
1.84
1.82
1.81
1.80
1.76
1.67
1.48
1.45
1.46
1.46
1.63
1.70
1.75
1.70
1.68
1.66
1.65
1.64
1.63
1.62
1.63
1.61
1.60
1.59
1.58
1.57
1.56
1.58
1.59
1.57
1.53
1.52
1.45
1.43
0.72
0.72
0.69
0.70
0.68
0.68
0.66
0.65
0.65
0.64
0.64
0.63
0.63
0.61
0.69
0.71
0.63
0.65
0.64
0.63
0.68
0.69
0.64
0.64
0.63
0.64
0.64
0.62
0.64
0.64
0.62
0.62
0.62
0.62
0.62
0.62
0.62
0.63
0.67
0.65
1.74
1.75
1.72
1.70
1.65
1.66
1.67
1.67
1.68
1.74
33.134816 -8.716683 2.645262
