1 360
1.45
1.44
1.45
1.44
1.44
1.44
1.44
1.43
1.41
1.39
1.39
1.39
1.39
1.45
1.43
1.42
1.45
1.45
1.48
6.89
6.90
6.40
5.32
6.95
5.62
4.52
4.34
4.29
4.03
1.65
1.65
1.64
1.63
1.63
1.64
1.63
1.63
1.64
3.47
3.05
3.49
3.50
3.50
3.53
3.54
3.56
2.00
1.94
1.95
1.91
1.89
1.82
1.77
1.69
1.69
1.69
1.69
1.69
1.70
1.70
1.71
1.71
1.71
1.72
1.72
1.73
1.74
1.75
1.75
1.76
1.77
1.78
1.79
1.79
1.80
1.81
1.80
1.74
1.74
1.80
1.83
1.83
1.84
1.84
1.86
1.87
1.89
1.89
1.90
1.91
1.93
2.00
2.02
1.93
1.90
1.87
1.86
1.84
1.87
1.89
1.91
1.91
1.93
1.94
1.97
1.99
1.99
2.02
2.07
2.21
2.23
2.25
2.28
2.29
2.32
2.35
2.37
2.40
2.43
2.46
2.49
2.51
2.54
2.58
2.60
2.64
2.68
2.71
2.76
2.79
2.83
2.88
2.91
2.96
3.04
4.29
3.15
3.08
3.08
3.07
3.09
3.08
4.11
4.09
4.07
4.02
4.00
3.98
3.97
3.97
3.99
3.96
3.96
4.00
4.38
4.35
4.35
4.41
4.41
4.39
4.39
4.40
4.49
4.58
6.37
6.06
6.03
6.03
6.56
6.86
7.20
7.36
7.49
8.33
8.35
8.74
8.79
8.81
8.92
11.78
11.88
12.84
13.26
13.40
14.69
15.95
16.33
23.87
25.27
16.31
35.79
32.81
34.99
35.00
35.21
32.85
16.24
16.19
25.28
23.76
16.34
15.70
9.11
9.06
9.09
8.55
8.42
8.82
8.76
8.65
8.31
8.18
7.34
7.30
6.90
6.56
5.99
5.98
5.99
4.57
4.48
4.34
4.33
4.34
4.35
4.34
4.31
4.30
4.03
3.92
3.93
3.84
3.20
3.04
2.96
2.89
2.82
2.77
2.68
2.60
2.55
2.49
2.44
2.39
2.35
2.31
2.27
2.23
2.19
2.16
2.12
2.08
2.06
2.02
1.99
1.96
1.93
1.91
1.89
1.86
1.83
1.84
1.82
1.79
1.77
1.74
1.73
1.71
1.69
1.66
1.64
1.63
1.62
1.60
1.59
1.57
1.55
1.53
1.52
1.51
1.50
1.48
1.46
1.45
1.44
1.43
1.41
1.40
1.39
1.37
1.36
1.36
1.35
1.34
1.31
1.29
1.27
1.27
1.26
1.25
1.24
1.23
1.22
1.21
1.20
1.20
1.19
1.19
1.19
1.18
1.17
1.17
1.16
1.16
1.14
1.13
1.13
1.13
1.13
1.12
1.12
1.11
1.11
1.10
1.09
1.09
1.09
1.08
1.08
1.08
1.07
1.07
1.07
1.07
1.06
1.06
1.06
1.05
1.05
1.05
1.04
1.04
1.04
1.03
1.03
1.03
1.03
1.02
1.02
1.02
1.02
1.02
1.01
1.01
1.01
1.01
1.01
1.01
1.01
1.00
14.689466 -6.409916 2.142543
