1 360
1.21
1.30
1.33
1.39
1.39
1.36
1.36
1.35
1.35
1.36
1.37
1.38
1.38
1.37
1.37
1.37
1.37
1.37
1.37
1.37
1.37
1.36
1.36
1.36
1.37
1.36
1.37
1.37
1.36
1.37
1.36
1.37
1.38
1.37
1.38
1.38
1.38
1.38
1.38
1.38
1.38
1.39
1.39
1.38
1.39
1.38
1.38
1.38
1.38
1.40
1.40
1.39
1.40
1.40
1.41
1.41
1.42
1.42
1.43
1.43
1.43
1.44
1.45
1.45
1.46
1.46
1.46
1.47
1.47
1.47
1.48
1.49
1.50
1.50
1.51
1.52
1.53
1.53
1.54
1.55
1.55
1.56
1.56
1.57
1.58
1.59
1.60
1.61
1.62
1.62
1.63
1.64
1.66
1.67
1.67
1.68
1.67
1.69
1.72
1.70
1.69
1.66
1.65
1.62
1.62
1.60
1.60
1.61
1.62
1.64
1.65
1.66
1.67
1.69
1.71
1.72
1.74
1.81
1.99
2.08
2.10
2.11
2.14
2.15
2.18
2.20
2.22
2.21
2.22
2.23
4.89
4.96
5.01
5.53
6.46
5.60
5.62
5.42
5.48
5.52
8.39
8.33
3.80
3.72
3.69
3.66
3.16
3.07
3.05
3.01
3.06
3.18
3.25
3.31
3.38
3.44
3.51
3.57
3.65
3.73
3.82
3.91
4.00
4.10
4.20
4.33
4.36
4.38
4.71
4.84
4.99
5.13
5.29
5.47
5.70
5.73
5.80
6.22
6.47
6.72
7.02
7.14
7.18
7.17
7.29
8.87
9.54
10.28
10.42
11.30
11.95
12.56
13.16
13.28
16.22
16.21
22.24
23.63
16.22
16.23
34.14
34.13
34.12
34.12
34.13
34.12
16.18
28.13
23.65
16.20
15.98
13.87
13.19
13.12
11.83
11.70
10.17
9.75
9.67
7.54
7.16
7.15
7.15
7.10
7.14
7.12
6.91
5.72
5.71
5.65
5.37
5.20
5.03
4.86
4.70
4.33
4.31
4.25
4.11
4.02
3.91
3.81
3.69
3.61
3.52
3.46
3.38
3.29
3.23
3.17
3.02
2.96
2.97
2.99
3.00
5.78
5.72
8.06
5.57
8.14
5.88
5.18
8.27
6.34
5.48
4.86
4.62
4.79
8.51
4.64
2.19
2.16
2.13
2.13
2.14
2.13
2.10
2.07
2.05
2.03
2.00
1.91
1.68
1.66
1.64
1.62
1.61
1.60
1.58
1.56
1.55
1.54
1.52
1.51
1.51
1.52
1.55
1.55
1.54
1.53
1.61
1.61
1.60
1.58
1.56
1.55
1.57
1.57
1.58
1.55
1.54
1.54
1.53
1.53
1.51
1.50
1.49
1.48
1.46
1.46
1.46
1.45
1.44
1.44
1.42
1.42
1.41
1.41
1.40
1.40
1.38
1.38
1.38
1.38
1.37
1.37
1.35
1.36
1.35
1.34
1.34
1.33
1.32
1.32
1.32
1.32
1.32
1.32
1.31
1.31
1.30
1.30
1.29
1.29
1.29
1.29
1.28
1.28
1.27
1.27
-12.566603 10.080255 -0.467145
