1 360
0.37
0.37
0.37
0.38
0.38
0.39
0.39
0.39
0.40
0.41
0.41
0.42
0.43
0.43
0.44
0.44
0.45
0.45
0.46
0.47
0.47
0.48
0.49
0.49
0.49
0.51
0.51
0.52
0.52
0.54
0.55
0.56
0.56
0.56
0.58
0.58
0.60
0.60
0.63
0.63
0.65
0.70
0.74
0.77
0.76
0.76
0.76
0.76
0.72
0.72
0.74
0.77
0.78
0.80
0.85
0.86
0.91
0.92
0.97
0.99
1.05
1.07
1.54
1.78
1.80
1.79
1.77
1.84
2.09
2.10
2.15
2.18
3.40
3.40
3.47
3.46
3.57
3.54
3.18
3.17
3.16
3.18
3.55
3.57
3.46
3.39
3.56
3.57
3.57
3.56
3.56
3.55
3.37
3.36
3.22
3.18
3.21
3.20
3.22
3.21
3.22
3.24
3.22
3.21
3.16
3.16
3.26
3.28
3.22
3.20
3.17
3.16
3.15
3.16
3.08
3.06
2.99
2.96
4.78
4.76
1.90
1.89
1.91
1.92
2.02
2.03
2.07
2.37
3.20
3.21
3.37
3.36
3.57
1.78
1.66
1.65
5.37
3.65
3.65
3.65
3.65
3.64
2.15
2.15
5.39
5.38
5.61
5.60
10.81
10.80
4.81
4.81
4.82
4.81
9.59
9.57
4.28
4.27
2.57
2.56
2.94
2.94
3.08
3.08
3.07
3.07
2.95
2.94
3.02
3.01
8.05
8.04
7.89
7.87
7.73
7.72
2.78
2.77
7.44
7.43
2.93
2.92
2.84
2.84
2.74
2.73
3.03
3.02
3.03
3.03
2.11
2.10
2.10
2.09
2.12
2.11
3.06
3.03
3.03
3.03
3.00
2.99
2.97
2.97
2.93
2.92
2.90
2.90
2.87
2.86
2.85
2.84
2.82
2.81
2.79
2.79
2.76
2.76
2.73
2.73
2.71
2.71
2.70
2.70
2.68
2.67
2.12
2.12
2.64
2.63
2.62
2.62
2.61
2.61
2.60
2.60
2.50
2.51
2.31
2.31
2.30
2.30
2.29
2.28
2.26
2.25
2.24
2.23
1.98
2.04
1.71
1.69
5.27
5.26
2.10
2.10
2.21
2.19
2.08
2.15
2.11
2.11
2.10
2.09
10.72
10.72
9.30
9.29
2.50
2.47
2.47
2.46
6.01
6.02
11.20
11.18
5.20
5.22
2.47
2.46
2.46
2.45
2.46
2.46
2.46
2.47
2.47
2.47
2.59
2.58
2.60
2.62
2.33
2.35
2.13
2.16
1.98
2.00
1.84
1.86
1.73
1.75
1.64
1.64
1.54
1.55
1.44
1.46
1.34
1.37
1.31
1.30
1.32
1.31
1.33
1.32
1.34
1.33
1.34
1.34
1.35
1.34
1.37
1.36
1.38
1.37
1.39
1.39
1.40
1.40
1.42
1.41
1.43
1.43
1.45
1.45
1.47
1.46
1.49
1.48
1.52
1.51
1.64
1.64
1.64
1.63
1.62
1.61
1.64
1.63
1.66
1.66
2.82
1.76
2.86
2.86
2.91
2.90
2.96
2.97
7.083931 -4.391413 -1.095510
