1 360
2.77
5.24
2.71
5.16
81.91
2.50
81.91
81.91
2.31
2.29
2.28
2.30
2.28
2.26
2.25
2.22
2.20
2.18
2.16
2.15
2.14
2.12
2.10
2.09
2.07
1.05
1.23
1.05
1.05
1.06
1.06
1.09
1.97
1.96
1.95
1.94
1.93
1.92
1.90
1.90
1.89
1.88
1.87
1.87
1.85
1.84
1.84
1.83
1.82
1.81
1.80
1.80
1.80
1.80
1.77
1.67
1.66
1.71
1.73
1.74
1.73
1.72
1.75
1.76
1.80
2.33
3.97
3.04
2.55
3.87
3.85
4.00
2.58
2.54
2.54
3.97
3.96
4.07
3.94
5.38
2.57
2.55
2.58
2.57
2.63
3.69
3.09
3.57
3.55
2.83
2.72
2.71
2.70
2.69
2.69
2.73
2.82
2.84
2.86
3.05
3.63
3.61
3.54
3.50
3.49
3.52
4.16
4.12
4.12
4.13
4.13
3.87
3.81
3.84
3.81
3.92
3.89
7.50
3.77
3.75
3.75
3.76
3.79
3.82
3.83
3.84
3.86
1.68
1.66
1.62
1.56
1.56
1.56
1.57
4.00
1.72
1.67
1.60
1.54
1.49
1.44
1.41
1.37
1.34
1.31
1.28
1.26
1.24
1.22
1.19
1.19
1.18
1.19
1.18
1.19
1.19
1.19
1.20
1.20
1.20
1.21
1.22
1.22
1.23
1.23
1.23
0.91
0.87
0.87
0.86
0.85
0.84
0.84
0.83
0.81
0.80
0.80
0.79
0.79
0.80
0.81
0.82
0.97
1.43
1.44
1.46
1.47
1.48
1.49
1.50
1.51
1.52
1.53
1.53
1.23
1.17
1.15
1.18
1.57
1.63
1.64
1.66
1.67
1.69
1.70
1.71
1.74
1.76
1.84
1.93
1.92
2.06
2.90
2.89
2.87
2.85
2.85
2.83
2.81
2.80
2.77
2.74
2.71
2.70
2.67
2.65
2.63
2.61
2.59
2.57
2.56
2.55
2.53
2.51
2.49
2.45
2.44
2.42
2.41
2.39
2.37
2.34
2.30
2.29
2.28
2.26
2.26
2.26
1.68
1.65
1.65
1.64
1.65
1.64
1.64
1.63
1.63
1.62
1.36
1.23
1.17
1.16
1.17
1.16
1.16
1.16
1.16
1.16
1.16
1.15
1.15
1.15
1.15
1.16
1.31
1.58
1.59
1.58
1.59
1.59
1.58
1.56
1.38
1.41
1.58
1.58
1.58
1.59
1.58
1.59
1.59
1.59
1.59
1.59
1.59
1.60
1.58
1.53
1.43
1.35
1.26
1.25
1.30
1.32
1.32
1.32
1.30
1.29
1.29
1.29
1.29
1.29
1.28
1.28
1.27
1.29
81.91
81.91
1.30
1.27
1.27
1.28
1.27
1.27
1.26
1.27
1.27
1.28
1.32
1.49
1.72
1.75
1.77
1.77
1.77
1.79
1.80
1.81
1.81
1.82
1.82
1.83
1.85
1.80
1.78
81.91
81.91
1.70
1.69
1.67
1.66
1.64
1.62
1.60
1.57
1.57
1.55
1.53
1.51
1.55
28.525745 -22.534763 1.410392
