1 360
2.08
2.07
1.94
1.76
1.74
1.71
1.70
1.66
1.65
1.61
1.60
1.58
1.56
1.52
1.50
1.50
1.48
1.46
1.44
1.45
1.47
1.48
1.48
1.50
1.50
1.52
1.52
1.55
1.56
1.57
1.58
1.59
1.59
1.62
1.62
1.66
1.66
1.68
1.68
1.70
1.71
1.75
1.76
1.77
1.79
1.82
1.82
1.85
1.87
1.90
1.91
1.95
1.96
1.99
1.39
1.30
1.28
1.27
1.27
1.27
1.26
1.25
1.25
1.24
1.23
1.22
1.22
1.21
1.20
1.20
1.20
1.20
1.22
1.25
1.26
1.30
1.31
1.35
1.36
1.38
1.34
1.32
1.33
81.91
81.91
81.91
81.91
1.32
1.30
1.32
1.40
1.87
1.86
1.87
1.85
1.82
1.82
1.87
1.87
1.87
1.86
1.86
1.86
1.86
1.85
1.80
1.71
1.78
1.83
1.84
1.83
1.83
1.83
1.83
1.82
1.83
1.82
1.82
1.82
1.82
1.82
1.80
1.79
0.93
0.81
0.81
0.80
0.80
0.80
0.80
0.79
0.79
0.79
0.79
0.79
0.79
0.79
0.79
0.78
0.79
0.78
0.78
0.78
0.79
0.78
0.79
0.79
0.79
0.78
0.79
0.79
0.80
0.79
0.80
0.80
0.80
0.80
0.81
0.81
0.81
0.81
0.82
0.82
0.82
0.82
0.83
0.83
0.83
0.83
0.84
0.84
0.85
0.86
0.87
0.87
0.87
0.88
0.90
0.90
0.91
0.98
1.44
1.44
1.41
1.42
2.02
2.09
2.12
2.12
2.14
2.14
2.17
2.17
2.20
2.20
2.22
2.22
2.25
2.25
2.28
2.28
2.31
2.31
2.34
2.35
2.37
2.38
2.41
2.42
2.45
2.45
2.50
2.51
2.54
2.55
2.58
2.59
2.62
2.64
2.67
2.67
2.72
2.73
2.77
2.78
2.84
2.84
2.89
2.91
2.96
2.97
3.03
3.04
3.10
3.11
3.17
3.19
3.25
3.27
2.84
2.81
2.72
2.70
2.68
2.68
2.72
2.73
2.74
2.85
3.89
3.93
3.69
3.62
3.68
3.58
3.52
3.52
3.58
3.55
3.53
3.53
3.12
2.89
2.84
2.82
2.95
6.56
3.61
3.60
3.70
6.39
6.35
6.34
6.32
6.33
6.44
6.43
7.62
6.96
7.29
7.28
6.60
6.37
6.44
6.48
7.70
7.71
7.88
9.22
10.00
10.26
11.39
11.63
11.84
11.83
3.60
3.55
3.56
3.56
3.48
3.37
3.32
3.32
3.32
3.31
3.32
3.31
3.30
3.31
3.45
3.55
3.58
3.44
3.12
3.12
3.12
3.12
3.13
3.13
3.14
3.13
3.14
3.14
3.15
3.15
3.16
3.16
3.17
3.17
3.18
3.19
3.20
3.20
3.20
3.20
3.22
3.22
3.23
3.24
3.25
3.26
3.26
3.26
3.28
3.29
3.30
3.31
3.33
3.33
3.34
3.35
3.35
3.35
3.37
3.39
3.41
3.42
3.45
3.45
3.48
24.082944 -17.234258 0.674151
