1 360
0.73
0.76
0.74
0.77
0.79
0.80
0.82
0.84
0.85
0.87
0.90
0.91
0.94
0.94
0.97
1.00
1.02
1.05
1.09
1.11
1.15
1.17
1.18
1.19
1.24
1.32
1.39
1.39
1.39
1.39
1.40
1.39
1.39
1.38
1.38
1.38
1.37
1.37
1.37
1.36
1.36
1.36
1.35
1.35
1.35
1.35
1.35
1.35
1.34
1.34
1.34
1.34
1.34
1.35
1.35
1.35
1.35
1.35
1.35
1.35
1.36
1.36
1.36
1.36
1.37
1.37
1.38
1.38
1.38
1.38
1.39
1.38
1.40
1.39
1.39
1.38
1.35
1.29
1.29
1.29
1.30
1.30
1.32
1.40
1.43
1.42
1.43
1.38
1.31
1.29
1.22
1.07
1.06
1.08
1.08
1.06
1.08
1.06
1.05
1.02
1.10
1.11
1.13
1.42
1.53
1.53
1.54
1.55
1.56
1.56
1.57
1.57
1.59
1.59
1.60
1.60
1.62
1.62
1.64
1.64
1.66
1.66
1.68
1.68
1.70
1.70
1.72
1.72
1.75
1.75
1.78
1.78
1.79
1.80
1.82
1.83
1.86
1.87
1.89
1.90
1.92
1.90
1.88
1.86
1.84
1.84
1.88
1.90
2.07
2.08
2.11
2.14
2.74
2.75
1.20
1.19
1.18
1.18
1.18
1.18
1.17
1.16
1.13
1.14
1.14
1.12
1.12
1.11
1.14
1.13
1.11
1.11
1.12
1.10
1.11
1.07
1.04
1.04
1.14
1.19
1.17
1.16
1.16
1.16
1.16
1.15
1.15
1.14
1.14
1.13
1.13
1.12
1.12
1.12
1.11
1.11
1.10
1.10
1.10
1.10
1.10
1.09
1.09
1.09
1.09
1.08
1.08
1.08
1.08
1.07
1.07
1.06
1.06
1.06
1.06
1.05
1.05
1.04
1.04
1.04
1.05
1.05
1.04
1.03
1.28
1.29
1.40
2.39
2.37
2.38
2.39
4.72
4.73
4.73
4.71
4.73
4.70
4.69
4.74
4.74
4.75
4.75
4.69
4.66
4.68
4.67
4.69
4.69
4.69
4.69
4.71
4.70
3.46
3.46
3.43
3.44
3.43
3.56
4.33
4.35
4.19
3.49
3.26
3.27
3.46
3.69
4.96
4.96
4.99
5.00
5.01
5.03
5.05
4.94
4.70
4.68
4.65
4.65
4.94
4.98
5.12
5.12
5.16
5.16
5.03
4.91
4.74
4.71
4.59
4.54
4.55
4.56
4.60
4.61
4.64
4.66
4.70
4.70
4.75
4.58
4.24
4.21
4.13
4.12
4.15
4.16
3.47
3.44
3.36
3.34
3.29
3.28
3.24
3.23
3.20
3.20
3.29
4.63
3.94
4.48
4.48
4.46
4.41
4.40
4.28
4.21
4.24
4.22
4.21
4.20
4.14
4.12
3.45
3.38
3.36
3.38
3.44
3.46
3.52
3.73
3.88
3.87
3.84
3.82
3.80
3.76
3.73
3.72
3.69
3.68
3.65
3.64
3.62
3.61
3.58
3.57
3.55
3.55
3.53
3.53
20.863627 -14.382651 -1.763602
