1 360
1.56
1.56
1.56
1.56
1.55
1.55
1.55
1.55
1.56
1.56
1.55
1.56
1.56
1.56
1.56
1.57
1.57
1.57
1.57
1.57
1.57
1.58
1.58
1.58
1.58
1.59
1.58
1.59
1.59
1.59
1.60
1.60
1.60
1.61
1.61
1.61
1.61
1.62
1.62
1.62
1.63
1.63
1.64
1.64
1.65
1.65
1.66
1.62
1.62
1.63
1.64
1.64
1.63
6.68
6.58
6.44
6.33
6.20
6.10
5.97
5.86
5.77
5.68
5.63
5.63
5.64
5.66
5.56
5.69
5.75
5.78
5.80
5.84
6.17
6.30
6.51
6.44
6.36
6.04
5.96
6.02
6.06
6.00
5.93
5.88
5.82
5.76
4.30
4.29
4.42
2.26
2.25
2.24
2.22
2.22
2.18
2.17
2.17
2.21
2.26
2.29
2.31
2.34
2.36
2.39
2.42
2.43
2.46
2.50
2.49
2.50
2.53
2.55
2.52
2.49
2.49
2.47
2.45
2.46
2.50
2.53
2.56
2.60
2.67
2.80
3.07
3.12
3.16
3.22
3.26
3.31
3.37
3.42
3.49
3.55
3.61
3.68
3.74
3.83
3.83
3.89
3.88
3.87
3.84
3.84
3.82
3.83
3.84
3.84
3.82
3.81
3.80
3.79
3.76
3.75
3.74
3.74
3.72
3.72
3.70
3.70
3.65
3.64
3.64
6.66
6.64
6.63
6.62
6.60
5.92
5.82
5.80
5.80
5.79
5.79
5.78
5.78
5.77
5.76
5.76
5.77
5.77
5.78
5.76
5.76
5.77
5.80
5.91
5.93
5.90
5.98
6.54
6.54
3.69
3.67
3.58
3.59
3.61
3.63
3.63
3.63
3.63
3.64
3.63
3.65
3.65
3.66
3.66
3.67
3.68
3.69
3.69
3.68
3.66
3.69
3.67
3.68
3.69
3.71
3.67
3.62
3.52
3.43
3.34
3.25
3.17
3.09
3.02
2.95
2.49
2.36
2.31
2.26
2.21
2.21
2.21
2.22
2.22
2.24
2.25
2.27
2.26
2.22
2.21
2.22
2.20
2.16
2.12
2.09
2.06
2.03
2.00
1.96
1.90
1.85
1.85
1.86
1.87
1.91
1.92
1.91
1.90
1.89
1.89
1.92
1.92
1.95
1.96
2.00
2.01
2.04
2.04
2.07
2.08
2.11
2.12
2.16
2.18
2.21
2.22
2.25
2.27
2.31
2.33
2.37
2.39
2.42
2.44
2.49
2.49
2.53
2.55
2.59
6.03
5.83
4.83
4.71
4.33
4.83
4.84
4.92
5.49
5.45
5.44
1.23
1.21
1.20
1.20
1.20
1.19
1.22
1.23
1.22
1.21
1.21
1.20
1.19
1.19
1.18
1.18
1.18
1.17
1.17
1.17
1.16
1.16
1.15
1.14
1.14
1.14
1.14
1.13
1.13
1.13
1.12
1.12
1.11
1.11
1.11
1.11
1.11
1.10
1.10
1.10
1.09
1.09
1.09
1.09
1.08
1.09
1.08
1.08
1.08
1.08
1.08
1.08
1.08
1.08
1.08
1.08
-9.445540 9.174771 2.912089
