1 360
1.63
1.63
1.63
1.64
1.62
1.63
1.63
1.62
1.62
1.63
1.62
1.63
1.62
1.62
1.62
1.62
1.63
1.63
1.63
1.64
1.64
1.64
1.64
1.65
1.64
1.65
1.65
1.65
1.66
1.66
1.67
1.67
1.67
1.63
1.63
1.63
1.64
1.64
1.65
1.68
1.68
1.69
1.70
1.70
1.71
1.72
1.72
1.73
1.74
1.74
1.74
1.75
1.76
1.76
1.76
1.78
1.79
1.80
1.80
1.81
1.82
1.83
1.84
1.85
1.85
1.86
1.88
1.89
1.90
1.91
1.92
1.93
1.94
1.95
1.97
1.98
1.99
2.00
2.02
2.04
2.04
2.06
2.08
2.10
2.11
2.12
2.14
2.16
2.18
2.18
2.20
2.23
2.25
2.26
2.28
2.30
2.32
2.33
2.37
2.40
2.42
2.43
2.43
2.42
2.45
5.26
5.42
5.62
5.59
5.57
5.62
5.67
5.83
6.06
5.88
4.13
4.03
3.74
3.56
3.28
3.28
3.27
3.26
3.22
3.23
3.27
3.37
3.44
3.50
3.57
3.60
3.60
3.65
3.62
3.61
3.61
3.60
3.65
3.72
3.87
4.41
4.51
4.61
4.73
4.85
4.98
5.04
5.12
5.12
5.09
5.09
5.06
5.06
5.06
5.06
5.05
5.04
5.02
5.01
5.00
4.99
4.99
4.99
4.93
4.93
7.91
7.90
7.87
7.18
7.09
7.09
7.07
7.09
7.08
7.08
7.05
7.05
7.04
7.07
7.03
7.04
7.05
7.10
7.23
7.18
7.25
7.83
4.98
4.89
4.87
4.91
4.91
4.92
4.92
4.92
4.93
4.93
4.93
4.94
4.94
4.96
4.92
4.93
4.93
4.94
4.94
4.92
4.82
4.61
3.80
3.56
3.43
3.41
3.41
3.42
3.43
3.45
3.40
3.39
3.34
3.23
3.05
3.00
2.99
3.01
3.03
3.00
2.99
3.00
3.00
3.03
3.05
3.07
3.08
3.11
3.11
3.14
3.14
2.25
2.11
2.12
2.12
2.10
2.07
2.03
2.01
1.97
1.95
1.91
1.90
1.87
1.84
1.82
1.80
1.77
1.75
1.74
1.72
1.70
1.68
1.66
1.63
1.62
1.61
1.60
1.58
1.56
1.55
1.53
1.52
1.51
1.48
1.46
1.45
1.43
1.43
1.42
1.41
1.40
1.38
1.37
1.36
1.35
1.35
1.34
1.32
1.31
1.30
1.29
1.28
1.28
1.28
1.27
1.26
1.25
1.24
1.23
1.23
1.22
1.21
1.20
1.20
1.20
1.19
1.19
1.19
1.18
1.17
1.17
1.16
1.12
1.10
1.08
1.09
1.09
1.08
1.13
1.13
1.13
1.13
1.12
1.13
1.12
1.12
1.12
1.12
1.12
1.12
1.11
1.11
1.11
1.11
1.10
1.10
1.10
1.09
1.09
1.08
1.09
1.08
1.08
1.08
1.08
1.07
1.07
1.07
1.07
1.07
1.07
1.07
1.07
1.07
1.07
1.07
1.06
1.06
1.06
1.06
1.06
1.06
-8.206032 8.922428 2.965547
