1 360
2.10
2.11
2.11
2.12
2.12
2.15
2.16
2.15
2.17
2.18
2.18
2.18
2.18
2.20
2.20
81.91
2.25
1.30
1.29
1.35
1.35
1.34
1.34
1.35
1.34
1.34
1.35
1.36
1.37
1.38
1.38
1.40
1.41
81.91
81.91
1.42
1.44
1.46
1.43
2.40
2.46
2.51
2.51
2.54
2.55
2.58
1.97
2.60
2.64
2.63
2.64
2.67
2.71
2.77
2.79
2.82
2.84
2.87
2.88
81.91
0.76
81.91
81.91
0.70
0.70
0.69
0.70
81.91
81.91
81.91
81.91
81.91
81.91
81.91
81.91
81.91
81.91
81.91
81.91
81.91
81.91
81.91
81.91
81.91
81.91
81.91
81.91
81.91
2.32
2.26
2.26
2.21
2.19
1.86
1.80
1.79
1.79
1.79
1.79
1.79
1.79
1.79
1.81
2.06
2.14
2.32
2.44
2.26
2.23
2.01
1.94
1.88
1.88
1.87
1.87
1.87
1.88
1.98
1.91
4.04
4.04
4.03
4.02
4.01
4.01
4.00
4.08
4.06
4.07
4.05
4.05
4.04
4.04
4.03
4.02
4.00
3.81
3.66
3.99
3.84
3.50
3.73
3.93
3.91
3.90
3.89
3.91
3.23
3.07
3.06
3.05
3.06
3.06
3.06
3.06
3.05
3.06
3.06
3.07
3.06
3.07
3.07
3.08
3.11
3.05
2.96
2.97
2.99
3.00
3.01
3.02
3.03
3.03
3.03
3.04
3.05
3.05
2.09
2.08
2.04
2.05
2.03
2.04
2.02
2.05
2.04
2.03
2.04
2.05
2.05
2.05
2.05
2.06
2.07
2.08
2.07
1.14
1.06
1.06
1.03
1.03
1.02
1.01
0.99
0.97
0.95
0.94
0.91
0.90
0.89
0.89
0.87
0.86
0.84
0.83
0.81
0.82
0.79
0.79
0.79
0.77
0.76
0.76
0.74
0.74
0.73
0.72
0.70
0.70
0.68
0.70
0.68
0.68
0.67
0.68
0.66
0.66
0.65
0.65
0.63
0.64
0.62
0.63
0.61
0.61
0.59
0.61
0.60
0.60
0.58
0.58
0.58
0.59
0.57
0.57
0.57
0.56
0.56
0.56
0.55
0.56
0.55
0.55
0.55
0.53
0.52
0.54
0.53
0.53
0.52
0.53
0.52
0.52
0.51
0.52
0.51
0.51
0.51
0.51
0.51
0.50
0.51
0.51
0.50
0.50
0.49
0.50
0.49
0.49
0.49
0.50
0.49
0.49
0.48
0.49
0.48
0.48
0.48
0.48
0.48
0.46
0.46
0.47
0.47
0.47
0.47
0.46
0.45
0.48
0.46
0.45
0.44
0.47
0.46
0.45
0.44
0.44
0.46
0.45
0.44
0.45
0.45
0.44
0.44
0.44
0.45
0.44
0.45
0.45
0.45
0.45
0.45
0.45
0.45
0.45
0.45
0.43
0.43
0.45
0.45
0.43
0.43
0.44
0.45
0.43
0.43
0.44
0.44
0.44
0.43
0.44
0.44
0.45
0.45
0.44
0.45
0.45
0.43
0.45
0.45
10.390728 -13.249604 -0.256433
