1 360
6.53
6.47
6.61
9.92
12.48
13.91
13.85
13.71
15.62
13.38
13.79
18.44
20.30
22.29
24.04
24.27
24.29
24.27
24.26
24.26
6.37
6.42
6.41
6.41
6.41
6.41
6.41
6.42
6.42
6.41
6.40
6.11
5.59
4.99
4.56
4.14
4.02
3.76
3.56
3.37
3.31
3.32
3.31
3.33
3.34
3.30
3.27
3.24
2.92
2.87
2.89
2.90
2.94
2.89
2.86
2.88
2.91
2.93
2.99
3.01
3.04
2.03
1.95
1.96
1.96
1.94
1.93
1.88
1.83
1.80
1.76
1.74
1.70
1.66
1.64
1.62
1.59
1.56
1.54
1.51
1.49
1.47
1.45
1.43
1.40
1.38
1.36
1.34
1.33
1.31
1.30
1.27
1.26
1.25
1.22
1.22
1.21
1.19
1.17
1.17
1.15
1.14
1.12
1.11
1.11
1.09
1.09
1.07
1.05
1.05
1.04
1.04
1.03
1.02
1.01
1.00
0.99
0.98
0.97
0.96
0.96
0.95
0.94
0.94
0.93
0.93
0.91
0.85
0.83
0.81
0.82
0.81
0.80
0.80
0.80
0.79
0.79
0.77
0.78
0.77
0.76
0.76
0.76
0.76
0.76
0.76
0.75
0.75
0.75
0.73
0.75
0.74
0.74
0.72
0.72
0.72
0.71
0.71
0.71
0.70
0.70
0.70
0.71
0.72
0.72
0.72
0.71
0.73
0.73
0.73
0.73
0.73
0.73
0.72
0.73
0.72
0.72
0.72
0.72
0.71
0.71
0.71
0.71
0.71
0.71
0.71
0.71
0.70
0.70
0.70
0.70
0.69
0.69
0.69
0.69
0.69
0.69
0.69
0.70
0.70
0.70
0.70
0.70
0.70
0.70
0.70
0.70
0.70
0.70
0.70
0.70
0.70
0.70
0.70
0.70
0.70
0.70
0.71
0.70
0.69
0.69
0.69
0.68
0.68
0.67
0.67
0.66
0.66
0.66
0.67
0.67
0.67
0.70
0.78
0.81
6.45
6.46
6.48
6.49
6.51
6.54
6.55
5.03
5.31
5.34
5.03
3.37
3.32
3.22
3.20
3.21
3.16
2.97
2.94
2.94
2.91
2.90
2.91
2.91
2.91
2.91
2.97
2.96
2.97
2.95
2.94
2.96
3.10
3.58
3.59
3.51
3.48
3.80
3.90
3.93
3.95
3.97
3.99
4.02
4.10
2.98
2.94
2.91
2.90
2.89
2.86
2.89
2.90
2.92
2.94
2.93
2.95
3.05
3.07
3.09
2.98
2.89
2.92
2.95
2.99
3.01
3.04
3.08
3.31
3.31
3.29
3.25
3.24
3.18
3.13
2.15
2.02
1.35
1.31
1.31
1.30
1.27
1.26
1.26
1.27
1.29
1.32
1.41
1.47
1.50
1.52
1.54
1.57
1.58
1.63
1.64
1.67
1.70
1.74
1.76
1.80
1.83
1.87
1.91
1.95
2.00
2.04
2.09
2.16
2.20
2.25
2.32
2.39
2.44
2.46
2.47
2.46
2.54
2.54
2.53
2.52
2.52
2.51
2.51
2.56
36.686145 -13.158305 1.818919
