1 360
1.22
1.23
1.23
1.23
1.23
1.22
1.24
1.24
1.22
1.23
1.22
1.23
1.22
1.23
1.23
1.22
1.23
1.23
1.23
1.23
1.24
1.23
1.24
1.24
1.24
1.23
1.19
1.19
1.20
1.20
1.20
1.21
1.28
1.31
1.31
1.32
1.32
1.32
1.33
1.35
1.35
1.34
1.34
1.34
1.35
1.35
1.36
1.36
1.37
1.37
1.37
1.38
1.39
1.40
1.39
1.41
1.41
1.41
1.42
1.42
1.42
1.43
1.43
1.44
1.45
1.46
1.47
1.48
1.49
1.50
1.50
1.50
1.52
1.52
1.54
1.54
1.55
1.56
1.57
1.58
1.59
1.60
1.61
1.62
1.63
1.64
1.66
1.67
1.69
1.70
1.71
1.72
1.73
1.75
1.76
1.78
1.80
1.81
1.82
1.84
1.76
1.62
1.84
1.92
1.94
1.96
1.97
1.99
2.02
2.02
2.00
1.99
1.98
1.97
1.99
2.02
2.03
2.02
2.01
1.96
1.37
1.95
1.97
1.97
2.00
2.02
2.06
2.08
2.12
2.21
2.65
2.66
2.64
2.64
2.72
3.49
1.77
1.73
3.61
3.60
3.57
3.57
3.53
2.50
2.47
2.72
3.52
3.53
3.77
3.92
4.02
4.14
4.25
4.37
4.52
4.66
4.81
4.85
4.84
6.07
6.31
6.34
6.29
6.20
6.24
6.27
6.26
6.36
7.71
7.76
7.75
7.92
8.27
9.10
9.77
10.75
11.79
11.84
12.12
12.08
12.07
12.07
12.07
12.07
12.07
12.07
12.07
12.07
12.07
12.07
12.07
12.07
12.08
12.08
12.09
12.10
12.22
12.22
12.17
11.78
10.93
10.74
9.48
9.25
9.25
8.93
7.95
6.49
6.37
6.30
6.31
6.30
6.26
6.30
6.21
6.05
6.02
6.05
4.98
4.92
4.89
4.75
4.62
4.51
4.40
4.29
4.19
4.09
4.01
3.93
3.74
3.60
3.59
3.62
3.62
6.38
6.42
6.43
6.48
6.49
6.61
6.79
6.70
6.86
6.75
2.82
2.75
2.74
2.75
2.77
2.80
2.36
2.26
2.21
2.18
2.15
2.12
2.10
2.08
2.08
2.09
2.10
2.12
2.13
2.16
2.17
2.17
2.12
2.12
2.13
2.13
2.17
2.22
2.24
2.21
2.19
2.17
2.16
2.14
2.11
2.09
2.08
2.06
2.04
2.02
2.01
1.99
1.98
1.96
1.95
1.94
1.92
1.90
1.89
1.88
1.87
1.85
1.84
1.83
1.82
1.81
1.80
1.79
1.78
1.77
1.76
1.75
1.74
1.73
1.72
1.72
1.71
1.70
1.69
1.68
1.67
1.66
1.66
1.65
1.64
1.64
1.63
1.62
1.62
1.61
1.61
1.61
1.61
1.60
1.59
1.59
1.59
1.59
1.58
1.58
1.57
1.58
1.57
1.56
1.57
1.56
1.55
1.55
1.50
1.43
1.41
1.41
1.41
1.40
1.44
1.45
1.45
1.45
1.45
1.44
1.44
1.44
1.44
1.44
1.44
22.597598 -12.259474 -3.119075
