1 360
0.78
0.78
0.78
0.78
0.78
0.78
0.78
0.77
0.77
0.77
0.78
0.77
0.77
0.77
0.77
0.76
0.76
0.76
0.76
0.77
0.77
0.77
0.77
0.76
0.77
0.76
0.77
0.76
0.76
0.76
0.76
0.76
0.76
0.76
0.76
0.77
0.77
0.76
0.76
0.77
0.77
0.77
0.77
0.77
0.77
0.75
0.74
0.64
0.65
0.62
0.62
0.61
0.62
0.50
0.50
0.46
0.47
0.42
0.43
0.38
0.39
0.37
0.39
0.37
0.38
0.37
0.37
0.39
0.37
0.39
0.39
0.40
0.40
0.40
0.40
0.39
0.41
0.40
0.41
0.41
0.41
0.41
0.41
0.41
0.41
0.41
0.41
0.41
0.41
0.41
0.42
0.42
0.43
0.42
0.43
0.43
0.43
0.44
0.43
0.44
0.44
0.45
0.43
0.45
0.45
0.46
0.45
0.47
0.46
0.47
0.47
0.49
0.48
0.48
0.49
0.48
0.49
0.51
0.50
0.50
0.51
0.52
0.53
0.53
0.54
0.54
0.56
0.55
0.56
0.57
0.58
0.58
0.58
0.58
0.60
0.59
0.60
0.61
0.62
0.63
0.65
0.65
0.66
0.68
0.70
0.70
0.70
0.71
0.73
0.74
0.77
0.79
0.79
0.78
0.78
0.79
0.80
0.81
0.84
0.85
0.86
0.89
0.90
0.92
0.95
0.97
0.99
1.03
1.05
1.07
1.12
1.14
1.18
1.22
1.27
1.28
2.65
2.68
2.69
2.68
2.68
2.67
2.67
2.65
2.66
2.64
2.55
2.53
2.54
2.52
2.54
2.51
2.54
2.50
2.55
2.49
2.55
2.49
2.54
2.49
2.53
2.49
1.85
1.73
1.70
1.67
1.70
1.71
1.71
1.70
1.75
1.88
2.32
2.53
2.47
2.53
2.49
2.51
2.50
2.50
2.50
2.50
2.50
2.51
2.55
2.39
2.03
1.99
2.11
2.61
2.62
2.61
2.65
1.76
1.71
1.96
1.68
1.49
1.50
1.50
1.51
1.51
1.34
1.32
1.16
1.14
1.28
1.36
1.40
1.39
1.38
1.34
1.34
1.34
1.35
1.35
1.36
1.36
1.37
1.37
1.38
1.37
1.39
1.39
1.40
1.41
1.42
1.43
1.43
1.44
1.45
1.45
1.47
1.46
1.49
1.49
1.50
1.50
1.51
1.51
1.53
1.53
0.51
0.52
0.50
0.50
0.50
0.49
0.49
0.48
0.47
0.47
0.46
0.47
0.45
0.44
0.44
0.44
0.43
0.43
0.42
0.43
0.42
0.41
0.42
0.41
0.41
0.40
0.40
0.40
0.40
0.39
0.38
0.38
0.38
0.37
0.38
0.37
0.36
0.37
0.36
0.36
0.36
0.36
0.35
0.36
0.35
0.35
0.35
0.35
0.34
0.34
0.34
0.33
0.34
0.34
0.34
0.34
0.33
0.34
0.34
0.34
0.33
0.34
0.34
0.33
0.33
0.33
0.33
0.33
0.33
0.33
0.32
0.32
0.33
0.32
0.32
0.32
0.32
0.32
33.225597 -7.566534 0.659682
