1 360
1.35
1.35
1.34
1.35
1.34
1.34
1.35
1.34
1.32
1.28
1.29
1.30
1.33
1.33
1.34
1.34
1.35
1.35
1.35
1.35
1.35
1.35
1.35
1.36
1.36
1.35
1.36
1.36
1.36
1.36
1.36
1.36
1.37
1.37
1.37
1.38
1.38
1.38
1.38
1.38
1.39
1.39
1.40
1.40
1.40
1.40
1.40
1.41
1.41
1.42
1.42
1.43
1.43
1.44
1.45
1.45
1.46
1.47
1.47
1.48
1.48
1.48
1.49
1.50
1.50
1.51
1.52
1.53
1.54
1.54
1.55
1.56
1.57
1.57
1.57
1.59
1.60
1.60
1.62
1.63
1.64
1.65
1.67
1.68
1.66
3.65
3.62
3.54
3.52
1.77
1.80
1.70
1.70
1.67
1.67
1.68
1.74
1.68
3.03
3.00
3.02
2.98
2.97
2.92
2.89
2.87
2.89
2.82
2.79
2.77
2.76
2.72
2.69
2.66
2.64
2.61
2.60
2.57
2.53
2.50
2.49
2.45
2.45
2.44
2.47
2.46
2.43
2.42
2.41
2.43
2.58
2.95
2.95
2.86
2.83
2.81
2.81
2.79
2.86
2.85
2.85
2.83
2.82
2.81
2.81
2.84
2.90
2.96
3.00
7.17
7.16
4.86
4.82
4.78
4.73
4.44
4.42
4.41
4.72
4.92
5.09
5.27
5.45
5.71
5.78
5.88
6.70
6.70
6.72
7.03
7.17
7.16
7.18
7.31
9.12
10.18
10.33
11.22
11.63
11.67
12.22
13.40
14.74
14.76
14.75
14.73
14.70
31.22
31.20
33.45
33.41
31.31
31.23
31.24
14.60
14.54
14.43
14.31
14.21
14.07
14.01
11.41
7.91
7.62
10.44
10.21
7.98
6.84
6.91
7.18
7.20
7.14
6.82
6.70
6.63
6.87
5.80
5.79
5.67
5.43
5.26
5.10
4.94
4.78
4.46
4.45
4.46
4.46
4.45
4.48
4.46
4.46
4.48
4.48
4.50
3.06
2.98
2.92
2.87
2.85
2.86
2.86
2.88
2.88
2.91
2.86
2.86
2.86
2.89
2.94
3.02
3.02
2.65
2.54
2.51
2.51
2.52
2.50
2.46
2.43
2.44
2.45
81.91
81.91
81.91
81.91
81.91
3.60
4.11
4.15
6.67
4.26
1.80
1.77
1.75
1.73
1.72
1.71
1.69
1.67
1.65
1.64
1.63
1.60
1.60
1.60
1.58
1.56
1.55
1.53
1.52
1.51
1.51
1.49
1.48
1.47
1.46
1.45
1.42
1.41
1.41
1.40
1.38
1.38
1.36
1.36
1.35
1.35
1.34
1.33
1.32
1.31
1.31
1.30
1.29
1.29
1.28
1.28
1.27
1.27
1.27
1.26
1.26
1.25
1.25
1.24
1.24
1.24
1.23
1.22
1.22
1.22
1.21
1.20
1.21
1.20
1.19
1.18
1.18
1.19
1.18
1.18
1.18
1.19
1.18
1.18
1.18
1.18
1.16
1.16
1.17
1.16
1.16
1.16
1.16
1.16
1.15
1.15
1.15
1.15
13.815348 -5.078106 2.149780
