1 360
1.37
1.37
1.37
1.37
1.36
1.37
1.36
1.37
1.36
1.36
1.37
1.37
1.37
1.37
1.38
1.37
1.37
1.38
1.38
1.38
1.38
1.38
1.38
1.38
1.38
1.39
1.39
1.39
1.38
1.34
1.34
1.33
1.35
1.35
1.35
7.09
5.26
5.26
5.26
5.29
5.30
2.11
2.08
2.09
2.06
4.36
4.36
4.39
4.43
4.07
3.30
3.11
3.19
3.11
3.10
3.64
3.69
4.31
4.26
2.98
3.10
2.95
2.99
5.39
5.42
5.44
4.85
4.65
4.60
4.59
4.63
2.90
2.84
2.68
2.70
2.72
2.74
2.76
2.79
2.80
2.81
2.83
2.84
4.53
4.56
4.62
4.94
5.04
4.95
4.84
4.87
4.82
4.79
2.12
2.11
2.09
81.91
2.21
81.91
81.91
81.91
2.31
2.33
2.29
2.31
2.17
2.14
2.11
2.10
2.10
2.13
2.16
2.16
2.14
2.13
2.11
2.11
2.09
2.09
2.11
2.15
2.17
2.20
2.23
2.29
2.58
2.76
2.74
2.75
2.86
3.12
3.64
3.64
3.61
3.60
3.57
3.37
3.33
3.38
3.42
3.41
3.48
3.49
3.47
3.46
3.44
3.44
3.49
3.60
3.68
3.80
3.89
3.93
4.07
4.21
4.35
4.48
4.63
4.83
4.93
5.21
5.42
5.51
5.75
6.06
6.37
6.64
7.18
7.45
7.41
7.51
7.74
7.67
7.64
7.66
7.63
7.66
7.64
7.64
7.63
7.64
7.63
7.63
7.62
7.63
7.62
7.63
7.62
7.63
7.62
7.63
7.63
7.66
7.64
7.66
7.64
7.67
7.64
7.68
7.72
7.82
7.82
7.78
7.76
7.74
7.41
7.24
7.19
6.44
6.33
6.33
7.83
7.84
7.84
5.10
4.89
4.86
4.87
4.87
4.72
4.58
4.45
4.34
4.23
4.13
3.78
3.62
3.62
3.65
3.71
3.86
3.87
3.89
3.89
3.92
3.93
3.96
3.96
3.98
2.88
2.74
2.75
2.77
2.40
2.24
2.20
2.17
2.13
2.10
2.07
2.05
2.05
2.08
2.07
2.11
2.11
2.12
2.13
2.11
2.09
2.08
2.09
2.11
2.14
2.16
2.15
2.13
2.11
2.09
2.06
2.05
2.03
2.00
1.99
1.97
1.95
1.97
1.98
2.00
2.03
2.06
2.06
2.10
2.12
2.14
2.15
2.19
2.20
2.23
2.24
2.28
2.29
2.33
2.36
2.39
2.41
2.45
2.46
2.52
2.54
2.15
1.99
1.93
2.00
2.74
2.76
2.82
2.84
2.89
2.91
2.99
3.03
3.08
3.13
3.35
3.61
3.58
3.58
4.03
3.66
3.54
3.48
3.42
3.43
3.51
3.57
3.33
5.64
5.82
5.90
4.27
4.26
4.22
4.19
4.21
1.31
1.29
1.29
1.29
1.29
1.28
1.29
1.34
1.34
1.34
1.34
1.33
1.33
1.33
1.33
1.32
1.32
1.32
1.33
1.31
1.32
1.31
1.31
1.31
1.31
10.365463 -2.165663 -0.758605
