1 360
1.57
1.56
1.57
1.56
1.56
1.55
1.55
1.55
1.54
1.54
1.54
1.55
1.53
1.54
1.55
81.91
1.03
1.51
1.53
1.54
1.39
1.48
1.45
1.07
1.06
1.06
1.05
1.05
1.06
1.06
1.07
1.07
1.07
1.06
1.06
1.07
1.07
1.06
1.07
1.07
1.08
1.08
1.07
1.07
1.08
1.10
1.09
1.09
1.10
1.09
1.10
1.10
1.10
1.10
1.10
1.10
1.10
1.10
1.10
1.11
1.12
1.12
1.15
1.14
1.13
1.14
1.15
1.15
1.15
1.16
1.16
1.17
1.17
1.17
1.17
1.18
1.18
1.20
1.21
1.20
1.21
1.21
1.22
1.22
1.23
1.23
1.24
1.24
1.25
1.26
1.27
1.29
1.29
1.29
1.31
1.31
1.32
1.32
1.33
1.35
1.36
1.37
1.38
1.39
1.40
1.40
1.42
1.42
1.44
1.45
1.46
1.47
1.50
1.50
1.52
1.53
1.53
1.54
1.56
1.57
1.59
1.57
1.59
1.60
1.62
1.64
1.67
1.69
1.70
1.72
1.75
1.77
1.79
1.81
1.83
1.85
1.88
1.90
1.93
1.96
1.98
2.01
2.04
2.06
2.10
2.13
2.17
2.20
2.24
2.27
2.32
2.34
2.40
2.43
2.51
2.51
2.57
2.61
2.68
2.74
2.82
2.87
2.95
3.00
3.08
3.14
3.23
3.31
3.41
3.48
3.61
3.64
3.76
3.92
4.08
4.19
4.34
4.46
4.67
4.70
4.34
4.29
4.22
4.21
4.19
4.16
4.20
4.24
4.29
4.27
4.26
4.27
4.51
4.87
4.91
4.89
4.90
4.91
5.02
5.02
5.02
5.01
5.02
5.01
4.94
4.64
4.59
4.59
4.60
4.59
4.60
4.60
4.60
4.59
4.61
4.60
4.62
4.61
4.62
4.62
4.65
4.64
4.66
4.66
4.67
4.67
4.68
4.69
4.70
4.70
4.71
4.72
4.73
4.74
4.71
4.64
4.64
4.39
4.17
4.15
4.16
4.18
4.17
4.11
4.03
3.99
3.93
3.93
4.11
4.14
3.54
3.48
3.44
3.40
3.36
3.36
4.83
4.83
4.87
4.89
4.91
4.93
4.98
4.99
5.04
2.76
2.71
2.69
2.65
2.61
2.57
2.56
2.55
2.56
5.41
5.40
5.42
5.44
5.47
5.41
5.43
5.44
5.49
5.53
5.56
5.58
5.62
5.64
5.74
5.77
5.80
5.81
2.01
2.00
1.98
1.96
1.91
1.90
1.88
1.87
1.86
1.86
1.90
1.92
5.09
5.08
5.02
4.99
4.95
4.92
4.89
4.86
4.83
4.81
4.77
4.74
4.71
4.69
4.66
4.63
1.64
1.63
1.61
1.60
1.59
1.59
1.56
1.56
1.57
1.56
1.54
1.54
1.44
1.40
1.37
1.37
1.34
1.34
1.35
1.37
1.32
1.31
1.36
1.35
1.30
1.29
1.34
1.33
1.28
1.28
1.33
1.32
1.26
1.26
1.32
1.32
1.25
1.26
1.33
1.31
34.506780 -23.507196 -3.084089
