1 360
2.20
2.21
2.26
2.29
2.26
2.22
2.21
2.18
2.16
2.14
2.12
2.09
2.07
2.06
2.04
2.02
2.00
1.99
1.97
1.95
1.95
1.95
1.96
1.98
2.00
2.01
2.04
2.06
2.08
2.10
2.13
2.15
2.18
2.20
2.26
2.29
1.75
1.71
1.70
1.70
1.69
1.69
1.69
1.67
1.66
1.78
2.07
2.28
2.45
2.43
2.36
2.44
2.54
2.60
2.60
2.70
2.75
2.78
2.74
3.53
3.51
3.50
3.46
3.45
3.43
3.41
3.38
3.37
3.33
3.28
3.25
3.23
3.22
3.29
2.63
2.64
2.63
2.62
2.62
2.61
2.20
2.14
2.14
2.14
2.13
2.13
2.13
2.13
2.12
2.24
2.54
2.55
2.54
2.30
2.27
2.31
2.55
2.55
2.55
2.55
2.55
2.55
2.55
2.27
2.22
2.27
2.24
2.23
2.22
2.21
2.19
2.19
2.17
2.18
2.17
2.17
2.16
2.16
2.15
2.14
2.14
2.19
2.23
2.46
2.59
2.59
2.60
2.60
2.60
2.61
2.62
2.62
2.39
2.35
2.62
2.65
2.62
2.54
2.46
2.13
2.08
1.89
1.85
1.86
1.81
1.79
1.18
0.89
0.84
0.82
0.80
0.78
0.76
0.75
0.74
0.72
0.70
0.69
0.68
0.67
0.66
0.64
0.65
0.64
0.62
0.62
0.61
0.58
0.59
0.58
0.55
0.55
0.56
0.56
0.54
0.53
0.52
0.50
0.50
0.51
0.51
0.51
0.52
0.52
0.53
0.53
0.54
0.55
0.55
0.56
0.56
0.57
0.57
0.58
0.63
0.66
0.64
0.65
0.64
0.64
0.62
0.62
0.62
0.62
0.63
0.64
0.70
0.87
0.93
0.93
0.92
0.92
0.91
0.91
0.89
0.89
0.89
0.89
0.84
0.76
0.75
0.74
0.75
0.77
0.79
0.80
0.80
0.81
0.84
0.85
0.87
0.89
0.90
0.91
0.95
0.97
1.00
1.01
1.04
1.05
1.06
1.06
1.04
1.04
1.04
1.04
1.04
1.04
1.04
1.04
1.04
1.03
1.03
1.03
1.02
1.02
1.02
1.02
1.01
1.01
1.01
1.01
1.00
1.00
1.00
0.99
0.99
0.99
0.99
0.98
0.98
0.98
0.97
0.97
0.97
0.97
0.98
0.98
0.98
0.98
0.97
0.98
0.97
0.98
0.97
0.98
0.98
0.97
0.97
0.97
0.97
0.98
0.98
0.98
0.99
0.98
0.99
0.99
0.99
0.99
1.00
1.00
1.00
0.97
0.85
0.66
0.57
0.51
0.47
0.46
0.44
0.44
0.44
0.45
0.46
0.50
0.54
0.50
0.42
0.38
0.36
0.37
0.38
0.38
0.43
0.42
0.42
0.40
0.40
0.41
0.44
0.46
0.51
0.66
0.78
0.76
0.75
0.74
0.72
0.70
0.68
0.64
0.63
0.62
0.63
0.61
0.58
0.53
0.51
0.51
0.52
0.51
0.49
0.46
0.44
0.44
0.45
0.44
0.44
0.45
29.122742 -23.626527 2.567028
