1 360
2.18
1.98
2.08
2.10
1.86
1.86
1.83
1.80
1.74
1.78
1.74
1.71
1.71
1.72
1.85
1.84
1.84
2.01
2.75
2.76
2.74
2.75
5.30
5.27
5.21
1.52
81.91
81.91
81.91
81.91
2.08
2.09
5.66
5.65
3.44
3.40
3.43
3.43
2.34
5.03
2.29
2.34
5.40
5.40
5.25
5.22
1.13
1.13
1.13
1.10
1.11
1.13
1.16
1.20
1.24
1.25
1.30
2.98
2.98
2.96
2.95
2.92
2.70
2.66
2.71
2.68
2.64
2.59
2.59
2.58
2.57
2.56
2.36
2.27
2.24
2.24
2.25
2.25
2.01
2.12
2.49
2.47
2.47
2.47
2.47
2.46
2.59
2.64
2.86
3.60
3.64
3.12
3.28
3.53
3.62
2.25
1.79
1.78
4.47
2.33
4.31
2.24
2.20
4.42
4.40
3.29
2.30
2.22
2.22
2.21
2.21
2.21
2.24
2.25
2.70
2.66
2.64
2.63
4.33
4.32
4.34
4.33
4.33
4.34
4.35
4.34
4.36
4.36
4.35
4.35
4.35
4.35
4.37
4.37
4.11
4.07
3.77
3.59
3.58
3.57
3.59
3.58
3.50
3.37
3.27
3.23
3.20
3.19
3.20
3.21
3.23
3.24
3.25
3.24
3.30
3.33
3.26
3.20
3.11
3.07
2.99
2.94
2.87
2.84
2.77
2.73
2.67
2.63
2.58
2.55
2.47
2.42
2.38
2.37
2.33
2.31
2.26
2.24
2.20
2.18
2.15
2.13
2.09
2.07
2.04
2.03
1.98
1.96
1.94
1.92
1.89
1.88
1.86
1.85
1.82
1.81
1.43
1.23
1.07
1.06
1.05
1.04
1.03
1.02
1.02
1.01
1.01
1.00
0.99
0.97
0.99
0.99
1.01
1.01
1.03
1.03
1.05
1.05
1.08
1.07
1.10
1.10
1.13
1.11
1.13
1.10
1.19
1.19
1.21
1.22
1.25
1.25
1.28
1.28
1.29
1.29
1.30
1.29
81.91
81.91
1.06
1.08
1.15
1.12
0.88
0.87
0.89
0.89
0.94
0.94
0.98
0.98
1.04
1.03
1.08
1.09
1.14
1.14
1.18
1.18
1.19
1.18
1.18
1.17
1.16
1.16
1.16
1.16
1.15
1.15
1.15
1.15
1.16
1.14
1.15
1.14
1.15
1.14
1.14
1.14
1.14
1.13
1.13
1.13
1.13
1.12
1.08
1.07
1.09
1.09
1.06
1.05
1.04
1.03
1.04
1.03
0.95
0.95
0.94
0.94
0.96
0.96
1.01
1.01
1.12
1.12
1.13
1.13
1.14
1.13
1.13
1.13
1.14
1.14
1.14
1.14
1.15
1.15
1.15
1.15
1.15
1.15
1.16
1.16
1.16
1.16
1.17
1.17
1.18
1.18
1.17
1.17
1.15
1.15
1.10
1.09
1.02
1.03
1.00
0.99
0.96
0.95
0.90
0.91
0.87
0.87
0.84
0.84
0.81
0.82
0.81
0.82
0.81
0.81
0.78
0.79
0.74
0.75
0.71
0.72
35.563406 -18.703164 -0.633187
