1 360
2.00
2.00
1.99
1.99
1.98
1.98
1.97
1.97
1.97
1.96
1.96
1.94
1.27
1.13
1.13
1.14
1.91
1.93
1.93
1.93
1.88
1.81
1.80
1.88
1.91
1.91
1.96
2.07
2.75
5.92
4.05
4.03
3.97
3.95
2.83
2.77
2.26
2.14
2.15
2.15
2.16
2.17
2.17
3.47
3.51
3.54
3.33
3.35
9.43
2.18
2.15
2.14
2.12
2.12
2.14
2.17
7.85
7.83
7.92
7.99
8.32
8.32
7.47
5.85
4.11
4.10
4.13
4.13
4.18
4.18
4.22
4.22
4.25
4.26
4.29
4.29
4.33
4.33
4.36
4.36
4.40
2.17
2.03
2.00
1.96
1.94
1.95
1.95
2.09
2.06
1.99
1.95
1.90
1.89
1.83
1.81
1.79
1.76
1.74
1.72
1.69
1.68
1.65
1.64
1.62
1.61
1.63
1.63
1.64
1.64
1.66
1.66
1.68
1.68
1.70
1.72
1.74
1.74
1.38
1.33
1.31
1.30
1.30
1.28
1.27
1.26
1.26
1.25
1.26
1.34
1.90
1.98
2.00
2.01
2.03
1.99
1.63
1.63
1.85
2.11
2.16
2.17
2.20
2.20
2.29
2.31
2.42
2.51
3.38
3.37
3.32
3.33
3.31
3.30
3.27
3.26
3.22
3.20
3.14
3.13
3.10
3.08
3.05
3.04
3.01
2.99
2.96
2.95
2.93
2.91
2.88
2.86
2.80
2.77
2.76
2.74
2.18
2.15
2.11
2.10
2.09
1.92
1.64
1.63
1.62
1.62
1.62
1.61
1.62
1.61
1.61
1.61
1.61
1.61
1.82
1.83
2.02
2.01
2.00
1.86
1.76
1.77
2.00
2.00
2.01
1.99
2.01
2.00
2.00
1.99
2.00
1.99
1.72
1.70
1.74
1.76
1.70
1.70
1.69
1.68
1.66
1.65
1.66
1.65
1.62
1.61
1.63
1.63
1.62
1.62
1.61
1.61
1.61
1.60
1.59
1.59
1.67
1.67
1.93
1.95
2.04
2.03
2.05
2.04
2.06
2.05
2.06
2.06
2.08
2.07
1.91
1.92
2.06
2.06
2.09
2.08
1.99
1.99
1.90
1.89
1.83
1.82
1.68
1.69
1.39
1.38
1.34
1.31
1.34
1.34
1.31
1.30
1.32
1.32
1.34
1.34
1.36
1.35
1.38
1.37
1.49
1.48
1.45
1.45
1.41
1.42
0.98
1.02
0.98
0.98
0.96
0.97
0.94
0.93
0.97
0.96
0.97
0.98
0.97
0.96
1.18
1.18
1.18
1.17
1.11
1.14
0.59
0.79
0.39
0.48
0.39
0.39
0.37
0.38
0.36
0.36
0.36
0.36
0.36
0.36
0.35
0.36
0.35
0.35
0.35
0.34
0.34
0.34
0.33
0.34
0.33
0.33
0.32
0.33
0.32
0.32
0.31
0.32
0.31
0.32
0.31
0.31
0.31
0.32
0.30
0.31
0.30
0.31
0.30
0.30
0.30
0.30
0.31
0.30
0.29
0.29
0.29
0.29
0.29
0.29
28.625970 -22.980734 1.966543
