1 360
0.56
0.57
0.57
0.58
0.59
0.60
0.60
0.62
0.61
0.63
0.63
0.64
0.64
0.65
0.66
0.68
0.68
0.69
0.69
0.70
0.72
0.74
0.74
0.76
0.76
0.78
0.78
0.82
0.81
0.84
0.84
0.87
0.86
0.90
0.90
0.93
0.94
0.96
0.97
1.01
1.03
1.04
1.07
1.11
1.12
1.17
1.17
1.21
1.20
1.24
1.28
1.40
1.41
1.40
1.42
1.42
1.42
1.41
1.41
1.41
1.41
1.40
1.41
1.41
1.40
1.40
1.40
1.39
1.39
1.39
1.39
1.38
1.38
1.38
1.38
1.39
1.38
1.38
1.38
1.36
1.38
1.38
1.38
1.38
1.38
1.38
1.38
1.39
1.39
1.39
1.39
1.40
1.40
1.40
1.39
1.40
1.40
1.41
1.41
1.41
1.41
1.35
1.33
1.30
1.30
1.31
1.31
1.38
1.41
1.43
1.44
1.38
1.34
1.31
1.28
1.06
1.07
1.08
1.08
1.08
1.08
1.04
1.04
1.10
1.12
1.10
1.11
1.52
1.52
1.54
1.54
1.55
1.55
1.57
1.57
1.58
1.58
1.58
1.59
1.60
1.60
1.62
1.62
1.64
1.64
1.65
1.66
1.67
1.68
1.69
1.70
1.71
1.71
1.73
1.73
1.75
1.76
1.78
1.79
1.81
1.81
1.83
1.83
1.86
1.87
1.90
1.90
1.90
1.89
1.84
1.84
1.84
1.84
1.91
2.01
2.06
2.07
2.08
2.06
1.18
1.18
1.17
1.17
1.16
1.15
1.15
1.15
1.13
1.13
1.13
1.15
1.12
1.14
1.13
1.15
81.91
1.14
81.91
81.91
1.08
1.04
1.03
1.02
1.17
1.15
1.16
1.16
1.15
1.15
1.14
1.13
1.13
1.12
1.11
1.11
1.10
1.10
1.10
1.10
1.09
1.08
1.08
1.07
1.07
1.07
1.06
1.06
1.05
1.05
1.05
1.05
1.04
1.04
1.04
1.04
1.03
1.03
1.03
1.02
1.03
1.03
1.03
1.03
1.03
1.02
1.02
1.02
1.02
1.02
81.91
81.91
81.91
81.91
4.58
4.59
2.44
2.35
2.36
4.69
4.69
4.68
4.67
4.65
4.69
4.69
4.69
4.69
4.69
4.69
4.70
4.70
4.64
4.64
4.63
4.64
4.64
4.63
4.66
4.65
3.45
3.44
3.43
3.41
3.40
3.41
3.63
4.30
4.38
4.29
3.37
3.33
3.25
3.28
4.25
4.32
4.93
4.93
4.96
4.96
4.99
4.99
4.86
4.73
4.64
4.64
4.62
4.64
4.95
4.98
5.05
5.09
5.12
5.13
4.84
4.80
4.66
4.63
4.49
4.49
4.53
4.53
4.58
4.58
4.62
4.63
4.67
4.69
4.72
4.30
4.18
4.15
4.08
4.08
4.12
4.13
3.41
3.39
3.32
3.30
3.25
3.23
3.19
3.18
3.17
3.16
3.36
3.49
3.74
3.90
4.44
4.43
4.36
4.35
4.24
4.20
4.19
4.18
4.15
4.16
4.10
20.915903 -14.130118 -2.062733
