1 360
6.38
6.35
6.59
7.19
7.29
7.30
7.30
7.02
7.05
7.00
7.08
7.04
6.85
6.99
6.96
7.29
7.26
7.17
7.26
7.27
7.35
7.38
7.38
4.24
4.15
4.06
3.95
3.78
3.77
3.71
3.73
3.73
3.73
3.76
3.75
3.74
3.74
3.74
3.86
4.41
4.46
4.38
4.28
4.38
4.56
4.59
4.61
4.63
3.99
1.91
1.88
1.87
1.88
1.88
1.92
1.96
1.97
1.98
1.99
2.00
2.01
2.02
2.04
2.05
2.06
2.08
2.09
2.10
2.11
2.12
2.14
2.16
2.18
2.20
2.20
2.22
2.24
2.26
2.27
2.28
2.30
2.32
2.34
2.37
2.39
2.40
2.42
2.44
2.46
2.50
2.53
2.54
2.57
2.60
2.64
2.65
2.68
2.71
2.74
2.74
2.73
2.75
2.79
2.77
2.77
2.74
2.73
2.71
2.73
2.76
2.81
2.84
2.90
2.99
3.49
3.55
3.60
3.65
3.72
3.78
3.86
3.91
3.99
4.05
4.11
7.35
10.83
4.33
4.31
4.31
4.38
4.60
4.72
4.81
4.94
5.08
5.19
5.31
5.46
5.63
5.65
5.76
6.07
6.24
6.45
6.66
6.92
7.04
7.98
8.04
7.96
8.32
8.43
8.40
8.56
9.91
9.95
9.95
9.96
9.96
9.96
9.93
9.93
9.91
9.88
12.12
12.08
12.06
12.05
12.04
12.04
12.04
12.03
12.09
12.17
9.97
9.87
9.86
9.88
9.93
9.95
9.95
9.93
9.86
8.48
8.38
8.32
8.27
7.90
7.81
6.91
6.60
6.19
5.68
5.51
5.47
5.18
4.95
4.72
4.54
4.10
4.08
3.97
3.87
3.71
3.60
3.48
3.39
2.72
2.60
2.49
2.43
2.40
2.39
2.41
2.41
2.43
2.42
2.44
2.42
2.37
2.37
2.37
2.31
2.26
2.22
2.19
2.15
2.11
2.08
2.04
2.01
1.98
1.94
1.92
1.89
1.86
1.84
1.80
1.78
1.76
1.74
1.72
1.70
1.67
1.66
1.63
1.62
1.60
1.58
1.56
1.55
1.54
1.51
1.49
1.48
1.46
1.46
1.43
1.42
1.40
1.39
1.38
1.37
1.36
1.34
1.33
1.32
1.31
1.31
1.29
1.26
1.22
1.21
1.21
1.20
1.21
1.21
1.23
1.23
1.23
1.21
1.21
1.20
1.20
1.20
1.18
1.18
1.17
1.16
1.16
1.15
1.15
1.15
1.13
1.13
1.13
1.13
1.12
1.11
1.11
1.10
1.09
1.08
1.08
1.08
1.08
1.08
1.07
1.07
1.07
1.06
1.06
1.07
1.05
1.05
1.04
1.04
1.04
1.04
1.03
1.03
1.03
1.03
1.02
1.01
1.01
1.01
1.01
1.01
1.01
1.01
1.01
1.01
1.00
1.00
1.00
1.00
1.00
0.99
1.00
1.00
0.99
0.99
0.99
0.99
0.99
0.99
0.98
0.99
0.98
0.99
0.98
0.99
0.99
0.96
0.98
0.98
0.99
0.99
-3.310402 8.290289 3.112409
