1 360
0.67
0.78
0.77
1.11
1.11
1.11
1.12
1.11
1.11
1.10
1.10
1.16
1.15
1.18
1.18
1.39
1.39
1.49
1.49
1.61
1.60
1.75
1.74
1.39
1.39
1.33
1.33
1.37
1.37
1.91
1.90
1.97
1.97
1.97
1.97
1.96
1.96
1.96
1.95
1.96
1.95
1.95
1.95
1.95
1.95
2.06
2.06
2.06
2.05
2.05
2.06
2.05
2.06
2.05
2.06
2.05
2.06
2.05
2.07
2.06
2.06
5.99
5.99
4.42
4.42
4.24
4.24
6.05
6.04
4.47
4.46
4.46
4.46
4.34
4.34
4.07
4.09
3.82
3.82
3.57
3.58
3.60
3.59
3.35
3.35
3.21
3.22
3.07
3.06
3.09
3.08
3.11
3.11
3.12
3.13
3.01
3.01
2.93
2.93
2.83
2.83
2.81
2.81
2.83
2.83
2.87
2.87
2.85
2.85
2.96
2.96
3.03
3.02
2.40
2.38
3.09
3.09
3.15
3.15
3.21
3.21
2.35
2.34
4.84
4.81
4.91
4.91
2.35
2.35
2.30
2.30
2.33
2.33
2.40
2.40
2.44
2.44
2.48
2.49
2.68
2.68
1.23
1.23
0.84
0.84
0.80
0.80
0.79
0.79
0.76
0.76
0.75
0.75
0.75
0.75
0.78
0.77
0.80
0.80
1.45
1.45
1.44
1.44
1.42
1.43
1.41
1.41
1.39
1.39
1.38
1.38
1.38
1.38
1.43
1.43
1.48
1.48
1.54
1.53
1.59
1.59
1.65
1.66
1.70
1.70
1.70
1.70
81.91
81.91
81.91
81.91
2.05
2.05
1.97
1.98
1.96
1.97
1.98
1.98
2.15
2.15
2.95
2.95
3.29
3.29
3.43
3.43
3.46
3.44
4.41
4.42
4.60
4.56
4.89
4.89
4.88
4.89
9.38
9.38
13.90
13.90
33.50
33.50
17.00
17.01
36.48
36.48
35.10
35.08
30.57
30.58
16.96
16.94
20.04
20.05
16.60
16.66
14.18
14.19
13.81
13.89
12.67
12.67
11.30
11.31
9.30
9.29
9.59
9.59
9.11
9.12
8.34
8.40
8.11
8.12
7.59
7.60
6.94
6.95
6.92
6.91
6.91
6.91
6.92
6.94
5.37
5.37
5.30
5.30
5.32
5.32
5.35
5.34
4.93
4.94
4.86
4.88
7.64
4.87
4.12
4.13
4.00
4.00
3.88
3.88
3.74
3.74
3.60
3.61
3.51
3.52
3.44
3.44
3.35
3.35
3.27
3.27
3.20
3.20
3.12
3.12
3.06
3.06
3.01
3.01
2.96
2.96
2.91
2.92
2.85
2.86
2.81
2.82
2.77
2.76
2.72
2.72
2.68
2.68
2.63
2.64
2.59
2.59
2.56
2.56
2.52
2.52
2.46
2.46
2.42
2.42
2.39
2.39
2.36
2.36
2.33
2.33
2.31
2.31
2.27
2.27
2.25
2.25
2.24
2.25
2.22
2.23
2.21
2.20
2.18
2.18
2.16
2.16
2.15
2.15
2.13
2.13
2.11
2.11
2.10
12.027876 -18.347204 0.440215
