1 360
1.96
1.97
1.96
1.96
1.98
1.98
1.99
1.99
2.00
2.00
2.01
2.02
2.03
2.04
2.03
2.04
2.05
2.05
2.07
2.07
2.08
2.09
2.09
2.10
2.12
2.13
2.14
2.15
2.15
2.16
2.18
2.18
2.17
2.15
2.17
2.17
2.20
2.20
2.21
2.21
2.23
2.26
2.26
2.26
2.28
2.33
2.35
2.36
2.39
2.41
2.43
2.43
2.46
2.49
2.50
2.51
2.56
2.54
2.54
2.55
5.98
5.17
4.88
4.87
4.84
4.87
4.94
4.92
5.05
5.08
4.92
4.88
4.98
5.02
5.29
5.34
5.30
5.28
4.11
4.10
3.32
3.28
3.27
3.29
3.46
3.48
3.56
3.58
3.65
3.67
3.74
3.80
3.88
3.91
4.01
4.03
4.13
4.18
4.29
4.33
4.41
4.41
4.46
4.46
4.44
4.42
4.46
4.50
4.66
5.45
5.66
5.72
5.86
12.44
6.08
6.07
6.25
6.47
6.78
6.87
7.20
7.34
7.44
7.54
8.15
8.28
8.81
8.84
9.79
9.79
10.25
10.25
10.48
10.45
11.79
11.78
11.79
11.79
11.77
11.76
11.72
11.70
13.88
13.87
13.87
13.86
13.85
13.84
13.90
14.05
11.70
11.67
11.70
11.69
11.71
11.70
11.67
10.21
10.12
10.09
8.81
8.74
7.25
7.25
5.97
5.85
4.21
4.13
4.13
4.12
4.15
4.11
4.06
4.01
3.70
3.63
3.42
3.36
3.17
3.13
2.97
2.91
2.68
2.68
2.67
2.64
2.51
2.49
2.39
2.36
2.27
2.25
2.18
2.15
2.08
2.06
2.00
1.98
1.92
1.90
1.85
1.83
1.77
1.77
1.71
1.70
1.66
1.65
1.61
1.61
1.56
1.54
1.43
1.41
1.36
1.35
1.35
1.35
1.37
1.37
1.40
1.40
4.57
4.57
4.63
4.63
1.95
1.92
1.91
1.89
1.86
1.88
1.90
1.89
1.87
1.87
1.97
1.97
1.92
1.92
5.29
5.27
5.84
5.81
5.83
5.85
6.25
6.26
6.38
6.39
6.50
6.52
6.56
6.55
6.65
6.62
6.58
6.58
6.70
6.70
4.36
4.35
4.32
4.32
4.33
4.34
4.43
4.44
4.55
4.56
3.75
3.75
3.70
3.69
3.64
3.63
3.62
3.62
3.60
3.60
3.59
3.59
4.21
4.29
4.07
4.08
4.25
4.41
4.51
4.51
4.47
4.47
4.53
4.54
0.80
0.82
0.76
0.76
0.76
0.75
0.75
0.75
0.76
0.75
0.79
0.78
0.85
0.80
3.16
3.15
0.78
0.78
0.77
0.77
0.77
0.77
0.76
0.76
0.76
0.76
0.76
0.76
0.76
0.76
0.76
0.75
0.76
0.76
0.76
0.75
0.76
0.75
0.76
0.75
0.75
0.75
0.76
0.76
0.76
0.75
0.76
0.75
0.76
0.76
0.76
0.75
0.76
0.76
0.76
0.76
0.76
0.76
0.77
0.76
0.79
0.81
0.82
0.82
0.77
0.78
30.804810 -10.723335 -0.654677
