1 360
6.97
1.33
1.33
1.33
1.33
1.33
1.35
1.38
1.38
1.37
1.38
1.38
1.38
1.37
1.37
1.38
1.38
1.38
1.38
1.38
1.38
1.38
1.38
1.39
1.39
1.39
1.40
1.39
1.39
1.39
1.40
1.40
1.40
1.40
1.40
1.41
1.41
1.41
1.42
1.43
1.43
1.43
1.44
1.44
1.44
1.44
1.44
1.46
1.46
1.47
1.48
1.48
1.48
1.48
1.48
1.48
1.49
1.50
1.50
1.51
1.52
1.53
1.54
1.55
1.56
1.56
1.56
1.57
1.57
1.58
1.59
1.59
1.60
1.61
1.62
1.64
1.65
1.65
1.66
1.67
1.67
1.68
1.70
1.71
1.72
1.73
1.74
1.75
1.77
1.78
1.79
1.79
1.81
1.83
1.84
1.85
1.87
1.90
1.90
1.87
1.87
1.88
1.90
1.97
1.98
2.00
2.02
2.05
2.07
2.08
2.10
2.12
2.15
2.17
2.20
2.22
2.25
2.27
2.30
2.33
2.36
2.39
2.42
2.46
2.49
2.53
2.57
2.61
2.64
2.68
2.72
2.76
2.80
2.85
2.90
2.93
2.98
3.05
3.06
3.13
3.09
4.56
4.44
4.31
4.22
4.07
3.99
3.98
3.98
3.96
3.95
3.98
4.20
4.34
4.34
4.40
4.39
4.38
4.37
4.41
4.54
5.44
5.64
5.83
5.88
5.90
5.89
5.89
5.88
5.90
5.90
5.88
5.88
5.86
5.86
5.85
5.85
5.84
5.81
5.77
8.15
7.97
7.96
7.95
7.95
7.94
7.95
7.93
7.95
7.95
7.94
7.93
7.95
8.06
8.08
8.05
8.19
8.71
5.91
5.84
5.80
5.83
5.84
5.84
5.85
5.85
5.86
5.87
5.88
5.88
5.88
5.85
5.87
5.88
5.89
5.79
5.58
4.81
4.48
4.36
4.35
4.36
4.37
4.37
4.32
4.29
4.11
3.93
3.93
3.93
3.95
3.91
3.94
3.94
3.98
3.99
4.02
4.03
3.15
3.02
3.02
2.99
2.93
2.87
2.82
2.78
2.72
2.69
2.64
2.60
2.56
2.52
2.47
2.44
2.40
2.38
2.33
2.31
2.27
2.24
2.22
2.19
2.16
2.15
2.12
2.09
2.06
2.05
2.03
2.00
1.97
1.97
1.95
1.93
1.85
1.82
1.82
1.82
1.84
1.84
1.82
1.81
1.78
1.78
1.77
1.76
1.74
1.72
1.71
1.70
1.68
1.67
1.67
1.66
1.64
1.64
1.62
1.61
1.60
1.60
1.58
1.57
1.56
1.55
1.55
1.54
1.54
1.52
1.52
1.51
1.50
1.48
1.47
1.47
1.46
1.46
1.45
1.43
1.44
1.43
1.42
1.42
1.41
1.41
1.40
1.40
1.39
1.39
1.39
1.38
1.38
1.38
1.37
1.37
1.37
1.37
1.35
1.35
1.35
1.35
1.35
1.34
1.33
1.33
1.33
1.31
1.32
1.32
1.31
1.32
1.32
1.32
1.31
1.31
1.31
1.31
1.30
1.30
1.30
1.30
33.410568 -16.217180 -1.180455
