1 360
0.98
0.97
0.97
0.96
0.96
0.95
0.95
0.96
0.95
0.95
0.96
0.95
0.95
0.95
0.94
0.94
0.94
0.95
0.94
1.01
0.96
0.94
0.92
0.92
0.92
0.93
0.93
0.95
0.96
1.06
1.01
1.00
0.99
1.00
1.10
1.16
1.17
1.24
1.36
1.44
1.48
1.50
1.52
1.53
1.53
1.53
1.54
1.54
1.51
1.54
1.54
1.54
1.55
1.54
1.54
1.55
1.55
1.55
1.56
1.56
1.57
1.57
1.56
1.56
1.51
1.25
1.26
1.29
1.27
1.21
1.23
1.22
1.22
1.22
1.22
1.23
1.23
1.24
1.25
1.25
1.26
1.28
5.18
5.19
1.62
1.59
1.58
0.80
0.78
0.79
0.78
0.76
0.74
0.76
0.77
0.73
0.73
0.76
0.76
0.75
0.77
0.76
0.77
0.77
0.77
1.00
1.02
1.01
1.01
0.97
0.98
0.95
0.95
0.93
0.93
0.92
0.92
0.91
0.90
0.89
0.89
0.87
0.87
0.86
0.86
0.84
0.85
0.83
0.83
0.82
0.82
0.81
0.81
0.80
0.80
0.77
0.79
0.81
0.81
0.81
0.82
0.84
0.86
0.88
0.91
0.92
0.93
0.93
0.96
0.97
0.99
1.01
1.02
1.03
1.05
1.07
1.07
1.09
1.12
1.13
1.16
1.18
1.20
1.23
1.25
1.28
1.30
1.32
1.36
1.39
1.42
1.45
1.50
1.52
1.57
1.62
1.66
1.70
1.77
1.77
1.83
1.86
1.97
2.05
2.15
2.22
2.33
2.42
2.52
2.29
2.26
2.24
2.31
2.36
2.62
2.70
2.87
2.94
3.02
3.03
3.12
11.36
5.86
5.88
5.90
5.96
5.96
5.94
8.01
8.00
6.21
5.90
5.93
6.23
6.02
5.88
5.89
5.85
5.82
5.71
5.70
5.69
5.71
5.71
5.72
5.72
5.72
5.72
5.74
5.72
3.28
3.31
3.21
3.29
5.79
5.79
3.29
3.34
3.12
3.02
2.92
2.83
2.84
2.84
2.84
2.86
2.88
2.88
2.89
2.90
2.90
2.91
2.91
81.91
81.91
81.91
81.91
81.91
81.91
81.91
81.91
81.91
81.91
81.91
0.95
0.97
0.94
0.95
3.14
3.14
3.16
3.17
3.19
3.20
3.22
3.24
3.25
3.26
3.29
3.30
3.33
3.33
3.44
3.40
3.37
3.33
3.33
3.27
1.61
3.19
3.14
3.12
3.07
3.06
3.03
3.00
2.97
2.88
1.42
1.41
2.78
2.76
2.72
1.60
1.59
1.57
1.56
1.55
1.53
1.52
1.51
1.50
1.49
1.46
1.47
1.46
1.45
1.45
1.43
1.41
1.44
5.91
5.77
5.74
5.81
2.50
5.79
5.63
5.03
2.28
2.26
2.26
1.69
1.69
2.22
2.22
2.21
2.20
2.20
2.21
2.19
2.19
2.18
2.17
2.16
2.15
2.15
2.14
2.13
2.13
2.12
2.12
2.11
2.10
2.09
2.09
2.08
2.08
1.48
1.24
12.413544 -13.635019 2.255336
