1 360
0.87
0.88
0.89
0.88
0.88
0.91
0.90
1.00
0.97
1.02
1.02
1.01
1.02
0.99
0.97
0.39
0.36
0.37
0.37
0.37
0.37
0.42
0.51
0.36
0.33
0.32
0.33
0.85
0.99
1.01
1.00
1.00
1.01
1.00
1.01
1.00
1.00
1.00
1.01
1.00
1.00
1.00
1.00
1.00
1.00
1.00
1.00
1.00
1.01
1.00
1.00
1.00
1.01
1.00
1.01
1.00
1.00
1.00
1.00
1.00
1.00
1.01
1.01
1.10
1.10
1.13
1.13
1.13
1.13
1.13
1.14
1.14
1.15
1.15
1.15
1.16
1.16
1.16
1.16
1.17
1.17
1.18
1.18
1.18
1.19
1.19
1.19
1.20
1.21
1.21
1.22
1.23
1.23
1.23
1.23
1.25
1.26
1.26
1.27
1.28
1.28
1.33
1.33
1.26
1.28
1.23
1.22
1.17
1.17
1.16
1.17
1.18
1.19
1.19
1.19
1.20
1.20
1.21
1.21
1.22
1.22
1.23
1.24
1.25
1.26
1.29
1.31
1.38
1.40
1.42
1.43
1.45
1.46
1.49
1.50
1.53
1.53
1.55
1.56
1.59
1.60
1.62
1.63
1.65
1.65
0.65
0.66
0.64
0.64
0.61
0.61
0.63
0.63
0.65
0.66
0.67
0.68
0.71
0.72
0.71
0.71
2.11
2.13
2.18
2.21
2.25
2.27
2.32
2.33
3.72
3.73
3.71
3.68
3.63
3.64
3.62
3.66
4.16
4.20
4.22
4.23
4.84
4.08
4.04
4.97
6.82
6.80
5.68
5.70
6.39
6.54
6.82
7.01
6.71
6.71
3.72
3.70
3.55
3.55
3.55
3.55
3.54
3.57
3.62
3.62
3.63
3.66
3.92
3.99
4.02
4.01
3.62
3.51
3.48
3.48
3.49
3.49
3.49
3.49
3.49
3.49
4.08
4.08
4.08
4.11
4.11
4.11
6.63
6.64
6.64
6.66
4.11
4.06
3.69
3.68
3.71
3.70
4.09
4.09
4.14
4.17
3.85
3.82
3.89
4.03
4.04
4.10
3.98
3.88
3.88
4.11
4.27
4.28
4.29
4.25
4.03
3.96
3.98
3.94
3.86
3.87
3.89
3.91
3.93
3.94
3.95
3.96
3.98
4.00
4.02
4.04
4.05
4.07
4.10
2.26
2.22
2.21
2.17
2.15
2.10
2.08
2.05
2.02
1.99
1.98
1.94
1.92
1.92
1.94
1.94
1.96
1.98
1.99
2.00
2.01
2.03
2.05
2.06
2.07
2.09
2.11
2.13
2.14
2.16
2.18
2.20
2.22
2.23
2.26
2.28
2.29
2.31
2.34
2.36
2.38
2.41
2.44
5.22
5.18
5.14
5.13
5.05
5.03
4.98
4.97
4.94
5.02
4.99
4.98
4.93
4.91
4.36
4.38
4.78
4.81
4.78
4.76
4.61
1.30
4.19
4.28
4.38
1.78
1.76
1.73
1.70
1.70
1.68
1.68
1.67
1.32
1.27
1.29
1.29
81.91
1.36
1.34
1.26
1.25
1.26
8.331914 -5.117963 1.005416
