1 360
0.60
0.59
0.59
0.59
0.59
0.59
0.59
0.59
0.59
0.59
0.59
0.60
0.60
0.61
0.62
0.63
0.62
0.64
0.63
0.63
0.63
0.64
0.63
1.96
1.97
1.94
1.94
1.92
1.93
1.91
1.90
1.88
1.88
1.80
1.80
1.84
1.83
1.83
1.83
1.75
1.76
1.80
1.80
1.78
1.78
1.77
1.77
1.75
1.75
1.73
1.74
1.73
1.73
1.27
1.27
1.23
1.24
81.91
81.91
81.91
81.91
1.25
1.25
1.32
1.31
1.57
1.56
1.55
1.55
1.60
1.60
1.55
1.54
1.64
1.65
1.53
1.53
1.59
1.59
1.59
1.57
1.53
1.53
1.63
1.63
1.53
1.53
1.61
1.61
1.54
1.54
1.54
1.56
1.61
1.60
1.52
1.52
1.63
1.62
1.53
1.53
1.58
1.58
1.59
1.58
1.53
1.53
1.63
1.63
1.54
1.54
1.59
1.59
1.59
1.59
1.56
1.56
1.65
1.65
1.58
1.57
1.71
1.70
1.72
1.72
1.72
1.72
1.72
1.72
1.74
1.74
1.75
1.75
1.76
1.76
1.77
1.77
1.79
1.79
1.80
1.80
1.82
1.83
1.84
1.84
1.73
1.72
1.67
1.66
1.61
1.61
1.56
1.56
1.51
1.50
1.47
1.47
1.56
1.55
1.58
1.58
1.53
1.53
1.49
1.49
1.45
1.45
1.96
1.93
1.99
1.98
2.02
2.01
2.04
2.04
2.08
2.08
2.12
2.12
2.16
2.16
2.19
2.19
2.23
2.23
2.27
2.27
2.33
2.32
2.37
2.36
2.41
2.41
2.63
2.60
2.71
2.71
2.66
2.65
2.63
2.63
2.45
2.45
2.43
2.43
2.40
2.40
2.38
2.37
2.34
2.33
2.31
2.30
3.02
3.03
3.02
3.02
81.91
81.91
3.55
3.54
3.67
3.66
81.91
81.91
81.91
81.91
81.91
81.91
1.85
1.86
1.87
1.86
81.91
81.91
3.12
3.11
3.25
3.25
81.91
81.91
0.98
0.98
0.98
0.98
4.73
4.71
2.18
2.18
2.18
2.18
2.24
2.24
6.79
5.80
6.73
6.73
2.35
2.37
2.12
2.12
2.55
2.55
2.15
2.14
2.28
4.48
2.23
2.22
2.22
2.21
2.20
2.20
2.22
2.22
2.25
5.85
5.66
5.66
5.65
5.65
2.25
2.28
2.25
2.25
2.23
2.20
81.91
81.91
1.63
1.63
1.64
1.64
1.66
1.66
1.66
1.67
1.67
1.67
1.68
1.68
1.77
1.75
1.87
1.87
1.77
1.77
1.71
1.72
1.64
1.64
1.58
1.58
1.51
1.52
1.47
1.48
1.47
1.47
1.48
1.49
1.49
1.50
1.51
1.51
1.53
1.52
1.55
1.55
1.56
1.57
1.59
1.58
1.61
1.61
1.62
1.62
1.64
1.63
1.65
1.66
2.35
2.29
2.39
2.39
2.33
2.34
2.28
2.29
2.24
2.24
2.25
2.25
2.28
2.27
2.36
2.36
2.71
2.71
2.10
19.835876 -17.833723 -0.236873
