1 360
1.03
1.07
1.16
1.16
1.18
1.19
1.14
1.13
1.19
1.24
1.26
1.28
1.30
1.31
1.32
1.35
1.37
1.39
1.41
1.43
1.46
1.43
1.33
1.35
1.35
1.33
1.35
1.37
1.40
1.41
1.45
1.49
1.51
1.54
1.56
1.61
1.64
1.69
1.71
1.76
1.79
1.85
1.88
1.95
1.98
2.06
2.11
2.24
2.40
2.39
2.41
2.40
2.38
2.38
1.66
1.54
1.54
1.54
1.53
1.53
1.52
1.53
1.52
1.52
1.52
1.53
1.52
1.52
1.57
1.94
2.35
2.37
2.36
2.37
2.36
2.37
2.38
2.38
2.37
2.38
2.37
2.36
2.34
2.37
2.35
2.37
2.36
2.34
2.36
2.37
2.37
2.38
2.38
2.38
2.35
2.37
2.39
1.72
1.63
1.63
1.61
1.61
1.61
1.62
1.62
1.63
1.64
1.68
1.69
1.16
1.15
1.15
1.14
1.16
1.40
1.47
1.47
1.47
1.47
1.47
1.46
1.46
1.47
1.50
1.64
2.60
2.61
2.62
2.63
2.65
2.65
2.66
2.64
2.47
2.44
2.39
2.35
2.29
1.91
2.22
2.39
2.38
2.80
2.83
2.83
2.81
2.81
2.83
2.88
2.93
2.80
2.79
2.80
2.87
2.87
2.89
2.91
2.94
2.96
3.14
3.15
3.19
3.20
3.24
3.25
2.94
2.88
2.86
2.85
2.83
2.82
2.85
2.88
3.15
3.49
3.47
3.38
3.28
3.22
3.19
3.18
3.27
3.28
3.31
3.30
3.35
3.36
3.55
3.55
3.53
3.52
2.19
2.14
2.12
2.11
2.11
2.10
2.09
2.09
2.09
2.09
2.11
2.10
2.14
2.13
5.30
5.32
5.19
5.18
1.83
1.79
0.88
0.87
81.91
81.91
1.79
1.79
1.84
1.84
81.91
81.91
7.73
7.69
4.21
4.20
3.20
3.15
3.04
3.02
2.98
2.97
2.96
3.01
8.92
9.04
4.45
4.46
4.68
4.77
4.82
4.80
3.06
3.04
4.85
4.85
4.87
4.86
4.85
4.84
4.84
4.83
4.79
4.33
4.00
3.98
1.15
1.15
4.83
4.83
1.13
1.20
1.05
1.07
1.05
1.06
1.04
1.09
1.14
1.17
1.27
1.28
1.30
1.31
1.32
1.31
1.32
1.30
1.31
1.31
1.32
1.32
1.33
1.31
1.33
1.32
1.34
1.33
1.35
1.34
1.35
1.34
1.35
1.34
1.36
1.37
1.48
1.46
1.37
1.37
1.35
1.35
1.36
1.35
1.37
1.37
1.38
1.38
1.38
1.39
1.41
1.40
1.41
1.41
1.42
1.42
1.44
1.43
1.45
1.46
1.46
1.46
1.47
1.47
1.49
1.49
1.49
1.49
1.51
1.52
5.58
5.62
5.46
5.46
3.46
3.40
3.33
3.33
3.39
4.90
2.49
2.47
2.44
2.43
2.40
2.40
2.35
2.35
2.31
2.31
2.28
2.28
2.24
2.23
2.21
2.21
2.17
2.17
2.13
2.13
2.09
4.323787 -4.827384 -0.809707
