1 360
81.91
81.91
81.91
81.91
81.91
1.69
81.91
1.64
1.66
1.69
1.69
1.72
1.72
1.76
1.75
1.79
1.78
1.07
81.91
1.00
1.02
1.03
1.02
1.87
1.92
1.12
1.41
1.12
1.11
1.78
1.38
1.83
1.83
1.79
1.80
1.77
1.77
1.78
1.78
1.76
1.77
1.74
1.74
1.72
1.73
1.70
1.71
1.69
1.71
1.68
1.69
1.67
1.68
1.66
1.67
1.65
1.66
1.64
1.65
1.63
1.63
1.62
1.62
1.60
1.62
1.59
1.60
1.57
1.57
1.55
1.56
1.54
1.54
1.51
1.51
1.48
1.50
1.49
1.50
1.50
1.50
1.52
1.53
1.53
1.54
1.54
1.54
1.55
1.55
1.55
1.56
1.55
1.56
1.56
1.56
1.55
1.56
1.55
1.55
1.55
1.55
1.55
1.56
1.56
1.56
1.54
1.55
1.53
1.53
1.53
1.54
1.56
1.57
1.57
1.57
1.57
1.58
1.58
1.59
1.58
1.58
1.57
1.59
1.56
1.57
1.54
1.54
1.23
1.24
1.21
1.20
1.60
1.60
1.63
1.65
1.50
1.52
1.66
1.66
1.67
1.67
1.69
1.69
1.41
1.65
1.74
81.91
1.72
1.72
1.74
1.74
1.75
1.76
1.76
1.77
1.79
1.79
1.80
1.81
1.82
1.83
1.84
1.85
1.86
1.87
1.89
1.89
1.91
1.91
1.92
1.93
1.83
1.82
1.91
1.93
2.20
2.21
2.17
2.16
2.78
2.79
2.73
2.73
2.68
2.69
2.66
2.66
2.60
2.61
2.55
2.56
2.56
2.56
2.58
2.58
2.66
2.67
2.67
2.68
2.72
2.73
2.92
2.93
2.95
2.95
2.73
2.74
2.71
2.72
2.85
2.87
4.00
4.01
7.16
7.17
3.60
3.60
7.00
7.01
6.93
6.93
2.86
2.87
2.80
2.80
2.84
2.85
3.66
3.66
3.66
3.66
3.63
3.63
3.76
12.52
6.48
6.49
6.45
6.45
11.57
11.59
3.40
3.43
3.36
3.37
3.42
3.44
6.07
6.08
6.03
6.04
6.00
6.00
6.04
6.06
6.22
6.22
8.29
8.29
8.96
8.97
9.04
9.04
9.01
9.01
9.00
9.01
6.13
6.14
5.97
5.96
5.88
5.88
5.87
5.88
3.37
3.37
3.41
3.41
3.41
3.42
3.41
3.42
3.41
3.42
3.39
3.42
3.42
3.43
3.44
3.44
3.44
3.45
3.45
3.46
3.46
3.46
3.47
3.48
3.49
3.49
2.85
2.84
3.51
3.51
3.52
3.52
3.48
3.47
3.30
3.28
3.11
3.11
2.96
2.95
2.82
2.81
2.68
2.68
2.56
2.56
2.44
2.43
2.34
2.32
2.24
2.24
2.18
2.17
2.11
2.10
2.04
2.03
1.97
1.96
1.92
1.90
1.86
1.85
1.80
1.80
1.76
1.76
1.71
1.71
1.66
1.66
1.63
1.62
1.59
1.58
1.56
1.55
1.53
1.52
1.49
1.48
1.46
1.45
1.43
26.564730 -6.798824 -2.317949
