1 360
1.47
1.47
1.47
1.46
1.46
1.46
1.46
1.45
1.46
1.45
1.45
1.45
1.45
1.45
1.45
1.45
1.44
1.44
1.44
1.43
1.45
1.44
1.44
1.44
1.44
1.45
1.45
1.45
1.45
1.45
1.45
1.44
1.44
1.44
1.44
1.44
1.44
1.43
1.45
1.45
1.45
1.46
1.46
1.47
1.47
1.47
1.47
1.47
1.47
1.47
1.47
1.48
1.48
1.49
1.49
1.49
1.51
1.50
1.51
1.51
1.52
1.52
1.53
1.53
1.54
1.54
1.54
1.54
1.55
1.55
1.56
1.57
1.57
1.58
1.59
1.60
1.60
1.61
1.62
1.62
1.63
1.64
1.64
1.65
1.65
1.67
1.68
1.68
1.68
1.68
1.68
1.69
1.70
1.71
1.72
1.73
1.74
1.76
1.77
1.77
1.78
1.80
1.81
1.82
1.83
1.85
1.86
1.87
1.89
1.91
1.92
1.93
1.95
1.97
1.99
2.00
2.02
2.04
2.06
2.08
2.10
2.12
2.13
2.16
2.18
2.20
2.23
2.26
2.28
2.36
2.38
2.42
2.43
2.46
2.50
2.54
2.55
2.60
2.63
2.67
2.70
2.75
2.77
2.83
2.85
2.89
2.94
2.99
3.03
3.09
3.13
3.19
3.20
3.20
3.17
3.17
3.16
3.17
3.30
3.55
3.55
3.53
3.38
3.35
3.35
3.32
3.34
3.29
3.30
3.28
3.28
3.27
3.26
3.25
3.25
3.24
3.23
3.22
3.22
3.20
3.20
3.19
3.21
3.18
3.19
3.18
3.18
3.18
3.16
3.16
3.16
3.15
3.17
3.15
3.16
3.14
3.15
3.16
3.14
3.14
3.14
3.14
3.15
3.14
3.15
3.14
3.14
3.15
3.14
3.14
3.14
3.14
3.15
3.14
3.16
3.14
3.15
3.16
3.14
3.17
3.16
3.15
3.17
3.16
3.19
3.17
3.18
3.21
3.33
3.32
3.34
3.34
3.35
3.34
3.28
3.28
3.30
3.30
3.32
3.30
3.25
3.25
3.25
3.32
2.94
2.84
2.85
2.83
2.76
2.75
2.87
3.40
3.32
3.32
3.44
3.44
3.45
3.47
3.48
3.50
3.50
2.21
2.03
1.96
1.96
1.97
1.97
2.00
2.07
3.13
3.16
3.18
3.21
3.22
3.24
3.26
3.29
3.30
3.32
3.35
3.37
3.39
3.42
3.45
3.59
4.13
1.81
1.80
1.81
1.83
1.83
1.83
1.85
1.85
1.82
1.72
1.55
1.55
1.55
1.57
1.55
1.55
1.53
1.53
1.51
1.49
1.49
1.46
1.46
1.44
1.45
1.42
1.43
1.42
81.91
81.91
81.91
81.91
81.91
81.91
81.91
81.91
81.91
81.91
81.91
81.91
81.91
81.91
81.91
81.91
81.91
81.91
1.09
1.07
1.06
1.05
1.06
1.04
1.05
1.05
1.04
1.03
1.02
1.02
1.02
1.02
1.02
1.01
1.01
1.01
1.02
1.02
1.01
1.01
1.00
1.00
1.00
0.99
0.99
0.99
8.047744 -12.368980 -2.480321
