1 360
2.30
2.25
2.26
2.21
2.25
2.17
2.17
2.09
2.09
2.06
2.07
2.05
2.04
2.01
2.02
1.98
1.99
1.94
1.95
2.11
1.91
2.78
2.77
2.87
2.84
2.95
2.93
3.04
3.03
3.15
3.12
81.91
81.91
1.08
1.07
1.05
1.06
81.91
81.91
1.03
1.03
1.02
1.04
1.02
1.03
1.03
1.03
1.02
1.02
81.91
1.02
81.91
81.91
81.91
81.91
81.91
81.91
81.91
81.91
81.91
81.91
1.70
1.70
1.72
1.70
1.74
1.75
1.74
1.75
1.74
1.74
1.73
1.74
1.73
1.73
1.71
1.70
1.71
1.70
1.70
1.71
1.67
1.67
1.69
1.69
1.69
1.70
1.70
1.70
1.72
1.71
1.72
1.72
1.72
1.72
1.72
1.73
1.73
1.73
1.72
1.74
1.69
1.71
81.91
81.91
0.94
0.95
0.90
0.91
0.91
0.91
0.92
0.91
1.74
0.97
1.78
1.78
1.79
1.79
1.78
1.78
1.79
1.80
1.81
1.81
1.81
1.83
1.83
1.83
1.79
1.79
1.80
1.81
1.87
1.87
1.87
1.88
1.90
1.90
1.92
1.92
1.93
1.94
1.95
1.95
1.96
1.97
1.86
1.92
1.77
1.79
1.74
1.75
1.69
1.70
1.65
1.66
1.61
1.62
1.69
1.70
1.66
1.67
1.70
1.71
1.66
1.66
1.63
1.63
1.59
1.60
1.56
1.56
1.54
1.54
1.50
1.51
1.46
1.47
1.44
1.45
1.41
1.42
1.38
1.39
1.38
1.38
1.37
1.38
1.41
1.41
1.44
1.45
1.48
1.48
1.51
1.51
1.54
1.54
1.58
1.58
1.62
1.62
1.65
1.65
1.72
1.73
2.66
2.66
2.63
2.64
2.61
2.63
2.00
1.98
1.90
1.92
1.89
1.90
1.89
1.90
1.89
1.91
1.75
1.74
1.60
1.61
1.55
1.55
1.53
1.54
1.53
1.54
1.54
1.55
1.57
1.57
1.60
1.61
1.69
1.70
1.91
1.93
1.97
1.96
3.98
3.99
3.97
3.98
3.96
3.97
3.95
3.96
3.94
3.95
3.94
3.94
3.94
3.94
3.90
3.90
6.60
6.59
4.87
4.87
4.78
4.80
4.81
4.82
4.73
4.73
4.76
4.77
6.61
6.62
6.63
6.63
6.63
6.64
6.65
6.65
6.66
6.67
6.67
6.68
3.85
3.86
3.58
3.57
3.30
3.29
3.04
3.04
3.15
3.19
2.60
2.60
2.44
2.43
2.30
2.29
2.19
2.18
2.07
2.06
1.98
1.96
1.88
1.87
1.80
1.79
1.75
1.75
1.74
1.75
1.93
1.93
1.94
1.94
1.74
1.71
1.71
1.69
1.68
1.69
1.70
1.71
1.75
1.74
1.74
1.75
1.76
1.77
1.78
1.79
1.80
1.80
1.83
1.83
1.84
1.85
1.87
1.85
1.60
1.90
1.89
1.89
1.85
1.85
1.81
1.81
1.79
1.78
1.75
1.74
1.71
1.71
1.69
1.67
1.49
27.326269 -16.144973 -0.057656
