1 360
3.84
81.91
3.68
3.58
3.57
3.60
3.67
3.33
3.32
3.31
3.31
3.30
3.30
3.30
3.30
3.31
3.31
3.32
3.33
3.35
3.35
1.09
1.09
1.00
1.05
5.64
5.60
1.04
1.04
0.99
0.99
0.99
0.99
0.99
0.99
1.02
1.02
1.05
1.05
1.05
1.05
1.05
1.05
1.06
1.06
1.06
1.06
1.06
1.07
1.07
1.07
1.08
1.09
1.09
1.10
1.09
1.09
1.10
1.10
1.10
1.11
1.11
1.11
1.11
1.11
1.12
1.12
1.12
1.13
1.13
1.13
1.14
1.15
1.16
1.16
1.17
1.17
1.17
1.18
1.19
1.20
1.20
1.21
1.21
1.22
1.23
1.23
1.24
1.24
1.24
1.26
1.26
1.26
1.27
1.29
1.30
1.31
1.32
1.33
1.33
1.34
1.34
1.35
1.36
1.38
1.39
1.40
1.40
1.41
1.42
1.43
1.45
1.47
1.47
1.49
1.50
1.52
1.54
1.55
1.56
1.57
1.59
1.60
1.62
1.64
1.66
1.68
1.69
1.71
1.73
1.75
1.75
1.76
1.73
1.73
1.74
1.86
3.02
3.02
3.00
2.98
2.96
2.95
2.93
2.92
2.91
2.90
2.87
2.67
2.62
2.62
2.60
2.61
2.59
2.63
2.61
2.60
2.60
2.59
2.61
2.70
3.02
3.01
2.98
2.98
3.01
3.05
3.03
3.03
3.01
3.01
3.00
3.05
3.14
3.27
4.56
4.67
4.65
4.65
4.65
5.18
5.43
5.74
6.00
6.06
6.09
6.96
7.02
7.41
7.41
7.42
7.61
8.05
8.88
9.82
10.51
10.56
10.54
10.55
10.54
10.54
10.50
27.01
29.27
29.29
29.27
27.08
27.06
27.10
27.05
25.32
22.62
10.46
10.40
10.35
10.27
10.19
10.11
10.05
9.98
9.90
9.85
9.83
9.25
7.47
7.44
7.33
7.46
7.48
7.12
7.08
7.08
7.08
6.23
6.14
6.02
5.80
3.85
3.84
5.32
5.18
4.85
3.58
3.40
4.08
4.70
4.28
4.49
4.39
4.30
4.22
3.59
3.48
3.38
3.32
3.27
3.23
3.22
2.81
2.80
3.28
3.26
3.23
3.23
3.26
3.28
3.25
3.21
3.08
2.90
2.87
2.88
2.88
2.84
2.81
2.80
2.93
3.17
3.21
3.22
3.25
3.26
3.30
3.32
3.35
3.36
3.40
3.42
3.46
3.47
3.51
3.53
2.90
2.73
2.28
2.25
2.22
2.16
2.13
2.12
2.16
2.15
2.14
2.14
2.12
2.11
2.09
2.08
2.06
2.05
2.03
2.03
2.01
2.00
1.98
1.97
1.96
1.95
1.94
1.93
1.93
1.92
1.90
1.89
1.88
1.87
1.86
1.85
1.84
1.83
1.83
1.82
1.81
1.81
1.80
1.79
1.79
1.78
1.77
1.76
1.76
1.75
1.74
1.74
1.73
1.73
1.72
1.72
1.71
1.71
1.70
1.70
1.69
1.69
1.69
1.69
1.68
1.68
1.67
1.67
16.887816 -13.995416 0.392993
