1 360
0.47
0.47
0.48
0.48
0.48
0.48
0.48
0.49
0.52
0.54
0.56
0.56
0.55
0.56
0.56
0.57
0.57
0.57
0.57
0.57
0.57
0.57
0.57
0.58
0.58
0.58
0.59
0.59
0.60
0.60
0.60
0.60
0.60
0.61
0.60
0.60
0.60
0.62
0.61
0.63
0.62
0.63
0.63
0.63
0.63
0.63
0.63
0.64
0.65
0.65
0.66
0.65
0.65
0.67
0.67
0.68
0.68
0.69
0.68
0.69
0.68
0.69
0.70
0.70
0.71
0.72
0.72
0.73
0.73
0.74
0.75
0.76
0.77
0.77
0.79
0.79
0.79
0.79
0.80
0.82
0.82
0.84
0.83
0.85
0.86
0.88
0.88
0.90
0.90
0.90
0.92
0.92
0.94
0.95
0.97
0.97
0.99
1.00
1.01
1.03
1.04
1.06
1.08
1.10
1.12
1.13
1.16
1.18
1.20
1.21
1.21
1.22
1.21
1.20
1.20
1.18
1.22
1.28
1.45
1.53
1.56
1.60
1.64
1.67
1.70
1.73
1.62
1.55
1.54
1.54
1.53
1.53
1.56
2.21
2.22
2.21
2.20
2.21
2.21
2.93
3.21
3.24
3.26
2.54
2.26
2.25
2.31
2.21
2.20
2.19
2.19
2.19
2.19
2.19
2.19
2.19
2.19
2.19
2.19
2.19
2.19
2.19
2.19
2.20
2.19
2.20
2.19
2.20
2.19
2.20
2.20
2.19
2.18
2.16
2.21
2.20
2.21
2.20
2.31
2.24
4.45
4.44
1.53
1.52
1.52
1.52
1.51
7.21
7.24
7.25
7.22
7.29
7.31
7.33
7.35
7.38
7.38
7.40
7.30
7.29
7.31
7.33
7.38
7.60
7.63
7.64
4.81
4.69
4.65
4.63
4.62
4.58
4.57
4.54
4.52
4.49
4.47
4.45
4.42
4.40
4.38
4.36
4.34
4.33
4.31
4.27
4.26
4.01
3.83
3.75
3.73
3.68
3.63
3.58
3.58
3.55
3.52
3.48
3.46
3.38
3.13
3.10
3.04
3.02
2.83
2.80
2.76
2.74
2.72
2.70
2.67
2.65
2.62
2.60
2.59
2.56
2.54
2.52
2.50
2.49
2.46
2.44
2.42
2.40
2.40
2.38
2.36
2.34
2.32
2.31
2.30
2.28
2.27
2.25
2.24
2.24
2.22
2.21
2.20
2.18
2.18
2.16
2.16
2.15
2.14
2.13
2.11
2.10
2.09
2.09
2.08
2.07
2.06
2.05
2.04
2.04
2.03
2.03
2.02
2.02
2.01
2.00
2.00
1.99
1.98
1.98
1.98
1.97
1.97
1.97
1.96
1.95
1.95
1.94
1.94
1.93
1.93
1.92
1.92
1.91
1.91
1.91
1.91
1.90
1.90
1.90
1.90
1.90
1.89
1.89
1.90
1.89
1.89
1.90
1.90
1.90
1.90
1.90
1.90
1.90
1.90
1.89
1.90
1.89
1.90
1.90
1.90
1.90
1.89
1.90
1.90
1.90
1.89
1.90
1.90
1.90
1.90
1.90
1.94
81.91
34.002850 -10.564593 -0.560719
