1 360
4.34
4.34
4.33
4.33
4.32
4.31
4.31
4.30
4.25
4.23
4.31
6.93
2.12
2.13
2.14
2.14
2.13
2.10
2.09
2.10
2.01
2.11
2.15
2.21
1.68
1.65
1.63
1.25
1.23
1.20
1.20
1.18
1.17
1.16
1.15
1.15
1.13
1.13
1.13
1.11
1.11
1.10
1.11
1.09
1.09
1.10
1.10
1.09
1.09
1.10
1.10
1.11
1.11
1.11
1.13
1.13
1.13
1.14
1.14
1.16
1.16
1.17
1.19
1.20
1.21
1.23
1.27
4.20
4.17
4.18
2.84
2.83
4.37
4.59
4.63
2.59
2.55
4.70
4.72
4.74
4.77
4.79
4.80
4.72
4.46
4.13
4.06
4.09
4.45
4.60
4.68
4.60
4.35
4.37
2.84
2.78
2.77
2.78
4.20
4.08
1.09
1.12
2.66
2.81
4.01
4.04
4.10
4.23
4.28
4.30
4.34
4.37
4.41
2.23
2.20
2.18
2.21
5.58
5.70
4.69
3.19
3.14
3.14
2.07
2.03
2.02
1.98
2.01
2.01
2.01
81.91
3.11
3.09
3.06
3.06
3.03
3.02
3.00
2.98
2.95
2.97
2.96
2.90
2.90
2.89
2.88
2.87
2.84
2.84
2.82
2.80
2.80
2.80
2.78
2.76
2.75
2.73
1.93
1.84
1.83
1.83
1.81
1.81
1.80
1.81
1.79
1.80
1.79
1.79
1.77
1.75
1.74
1.73
1.73
1.79
2.51
4.42
4.42
2.50
2.44
2.44
2.42
2.41
2.52
2.63
2.72
2.87
2.87
2.89
2.55
2.92
2.93
2.93
2.84
2.73
2.59
2.76
2.76
2.76
2.72
2.68
2.63
2.52
2.51
2.54
2.47
2.49
2.45
2.55
2.54
2.58
2.60
2.56
2.51
2.49
2.50
2.50
2.61
2.79
2.78
2.82
2.80
2.81
2.84
2.81
2.82
2.60
1.78
1.65
1.65
1.67
1.76
2.62
2.66
2.61
3.02
3.06
3.06
1.85
1.79
1.76
1.73
1.68
1.63
1.65
1.65
1.65
1.65
1.67
1.67
1.68
1.68
1.70
1.70
1.72
1.72
1.74
1.74
1.76
1.76
1.78
1.78
1.79
1.79
1.81
1.81
1.15
1.09
1.07
1.06
1.06
1.04
1.02
1.01
1.00
1.01
0.98
0.96
0.94
0.93
81.91
81.91
81.91
81.91
81.91
81.91
81.91
81.91
81.91
81.91
81.91
81.91
81.91
81.91
81.91
81.91
81.91
81.91
81.91
81.91
81.91
81.91
81.91
81.91
81.91
81.91
81.91
81.91
1.65
1.64
1.63
1.62
1.61
1.59
1.55
1.52
1.55
1.51
1.48
1.53
1.40
1.38
1.41
1.40
1.36
1.36
1.37
1.35
1.36
1.35
1.32
1.32
1.35
1.34
1.30
1.30
1.33
1.32
1.28
1.29
1.32
1.30
1.25
1.25
1.30
1.30
1.25
1.25
1.30
1.31
1.23
1.23
1.29
1.30
1.19
1.21
0.38
1.26
0.38
0.38
34.396823 -24.060536 -2.815410
