1 360
1.50
1.51
1.51
1.51
1.51
1.50
1.49
1.49
1.48
1.38
1.36
1.37
1.43
1.49
1.50
1.50
1.50
1.50
1.50
1.50
1.50
1.50
1.51
1.50
1.51
1.43
1.45
1.44
1.45
1.45
1.45
1.45
1.46
1.45
1.48
1.48
1.47
1.48
1.47
1.48
1.48
1.49
1.49
1.49
1.49
1.50
1.47
1.62
1.62
1.43
1.43
1.39
1.40
1.39
1.40
1.43
1.44
1.42
1.42
1.43
1.44
1.45
1.45
1.46
1.49
1.48
1.48
1.48
1.49
1.51
1.56
1.63
1.64
1.65
1.66
1.67
1.67
1.68
1.69
1.71
1.72
1.73
1.73
1.74
1.76
1.77
1.78
1.79
1.81
1.82
1.82
1.84
1.86
1.87
1.89
1.90
1.91
1.93
1.95
1.96
1.98
2.00
2.02
2.04
2.06
2.08
2.09
2.11
2.14
2.16
2.18
2.20
2.23
2.25
2.26
2.30
2.32
2.30
3.71
3.69
2.45
2.41
2.39
2.36
2.37
2.43
3.52
3.49
3.49
3.44
3.41
3.39
3.38
3.35
3.33
3.28
3.26
3.24
3.23
3.25
3.25
3.23
3.23
3.22
3.33
3.66
3.63
3.60
3.60
3.66
3.67
3.65
3.65
3.62
3.64
3.73
3.81
5.69
5.65
5.62
5.34
5.29
5.28
5.71
5.92
6.15
6.48
6.63
6.70
7.55
7.58
7.66
8.02
8.04
8.08
8.19
10.98
11.11
12.06
12.47
12.52
12.96
14.28
15.59
15.63
15.61
15.58
15.55
34.72
32.06
34.26
34.31
32.12
32.10
15.48
15.42
15.32
15.21
15.16
15.01
14.89
8.76
8.53
8.53
8.51
7.71
7.74
8.02
8.05
7.97
7.61
7.47
6.74
6.62
6.57
6.22
5.99
5.77
5.29
5.28
5.29
5.26
5.25
5.25
3.91
3.75
3.64
3.61
3.63
3.64
3.65
3.64
3.61
3.60
3.63
3.75
3.34
3.23
3.25
3.21
3.16
3.14
3.18
9.00
2.45
2.42
2.38
2.34
2.30
2.27
2.23
2.20
2.16
2.13
2.10
2.07
2.01
1.98
1.95
1.92
1.91
1.88
1.85
1.84
1.81
1.79
1.77
1.76
1.74
1.72
1.70
1.68
1.66
1.65
1.64
1.62
1.61
1.59
1.57
1.55
1.54
1.53
1.52
1.50
1.49
1.47
1.46
1.45
1.44
1.43
1.42
1.41
1.40
1.39
1.38
1.37
1.36
1.36
1.35
1.35
1.34
1.33
1.33
1.32
1.31
1.30
1.30
1.30
1.29
1.28
1.27
1.27
1.26
1.25
1.24
1.24
1.23
1.23
1.22
1.22
1.22
1.20
1.20
1.19
1.19
1.19
1.18
1.18
1.17
1.17
1.16
1.16
1.15
1.15
1.15
1.14
1.14
1.14
1.14
1.14
1.13
1.13
1.13
1.12
1.12
1.12
1.11
1.11
1.11
1.11
1.10
1.10
1.10
1.10
1.10
1.09
1.10
1.10
1.10
1.09
14.297457 -5.811457 2.151314
