1 360
0.50
0.51
0.52
0.52
0.51
0.53
0.52
2.95
3.20
3.21
3.22
2.84
2.81
2.77
2.77
2.77
2.78
2.80
2.82
2.86
2.87
3.05
3.07
4.03
4.01
3.95
3.94
3.88
3.86
3.80
3.79
3.72
3.70
2.65
2.56
3.55
3.56
3.54
1.27
1.26
1.26
1.29
1.26
1.25
1.25
81.91
81.91
81.91
81.91
81.91
81.91
81.91
81.91
81.91
81.91
81.91
81.91
1.11
1.11
1.09
1.08
1.17
1.18
1.19
3.04
1.43
1.42
1.40
1.40
1.39
1.39
1.39
1.39
1.38
1.39
1.40
1.38
1.39
1.39
1.39
1.41
1.43
1.45
2.69
2.70
2.70
2.69
2.68
2.68
2.67
2.67
2.65
2.62
2.60
2.61
2.34
2.33
2.30
2.28
2.33
2.33
2.69
2.71
2.70
2.70
2.46
2.45
2.70
2.70
2.70
2.70
2.70
2.70
2.69
2.69
2.52
2.44
2.39
2.34
2.35
2.34
2.37
2.38
2.33
2.32
2.30
2.29
2.29
2.30
2.34
2.34
2.30
2.30
2.34
2.37
2.38
2.39
2.35
2.34
2.28
2.27
2.23
2.24
2.32
2.31
2.22
2.21
4.21
2.26
2.16
81.91
3.79
3.81
4.27
4.27
4.29
4.30
4.32
4.33
1.13
1.11
4.36
1.12
2.17
2.16
1.27
1.24
2.43
2.43
2.47
4.51
2.40
2.41
2.42
2.44
2.73
2.72
2.83
2.90
2.88
2.86
2.80
2.78
2.72
2.71
10.06
10.11
4.10
0.87
0.87
0.86
0.84
1.23
1.34
1.34
1.34
1.33
3.50
3.47
3.42
3.42
3.30
3.29
3.24
3.23
3.14
3.12
3.44
2.31
2.12
2.13
1.93
1.86
1.95
2.19
2.22
2.21
2.23
2.21
2.25
2.24
2.26
2.26
9.12
9.18
9.37
9.42
9.60
9.66
9.76
9.88
5.98
5.96
2.13
2.13
2.27
2.26
2.28
2.28
2.38
2.37
2.41
2.40
2.06
2.03
2.12
2.55
2.56
2.55
2.56
2.56
2.53
2.53
2.52
2.51
2.49
2.47
2.45
2.47
2.45
2.45
2.40
1.85
1.56
1.54
1.54
1.53
1.53
1.54
1.57
1.76
2.37
2.37
2.36
2.36
2.35
2.35
2.34
2.33
2.33
2.33
2.32
2.32
2.31
2.32
2.31
2.31
2.31
2.31
2.31
2.32
2.31
2.31
2.32
2.31
2.31
2.31
2.32
2.32
2.30
2.30
2.31
2.31
2.31
2.31
2.31
2.24
1.87
1.94
2.30
2.24
2.14
2.08
2.08
2.09
2.11
2.09
2.06
2.05
2.02
2.03
2.06
2.05
2.05
2.03
2.02
2.01
2.00
1.99
1.94
1.96
1.95
1.95
2.06
2.06
2.03
2.12
1.94
1.77
1.93
2.05
2.06
2.08
5.27
5.42
5.54
5.55
5.58
5.59
2.53
2.52
2.55
2.55
2.57
2.58
2.57
2.61
5.79
5.82
5.85
6.795953 -7.031334 -1.266742
