1 360
1.09
1.07
1.07
1.07
1.06
1.16
1.10
1.99
2.00
1.45
1.98
1.29
1.29
1.27
1.30
1.25
1.29
1.25
1.25
1.24
1.24
1.23
1.23
1.21
1.23
1.21
1.18
81.91
81.91
81.91
81.91
81.91
81.91
81.91
81.91
1.80
1.79
1.81
1.84
1.81
1.80
1.78
1.82
1.89
81.91
1.88
1.87
1.71
1.62
1.86
1.86
1.85
1.86
1.85
1.85
1.85
1.85
1.84
1.85
1.84
1.85
1.84
1.84
1.84
1.84
1.84
1.84
1.84
1.84
1.84
1.84
1.84
1.84
1.84
1.84
1.84
1.82
1.85
1.85
1.85
1.86
1.74
1.77
1.82
1.83
1.77
1.75
1.75
1.77
1.86
1.84
1.86
1.86
1.78
1.78
1.83
1.84
81.91
81.91
1.81
1.80
1.81
1.82
1.85
1.88
1.84
1.85
1.86
1.86
1.88
1.90
1.92
1.92
1.92
1.90
1.90
1.91
1.92
1.92
1.95
1.97
1.99
2.00
2.01
2.00
2.01
2.00
1.91
1.94
1.86
1.87
1.98
1.98
2.21
2.21
2.24
2.24
2.26
2.26
2.28
2.29
2.32
2.32
2.31
2.32
2.38
2.38
2.42
2.41
2.46
2.46
2.51
2.50
2.54
2.54
2.45
2.46
2.47
2.49
1.33
1.35
1.31
1.32
1.31
1.34
2.70
2.70
2.74
2.75
2.80
2.80
2.86
2.86
2.92
2.93
2.99
2.99
2.51
2.69
3.14
3.15
3.13
3.14
3.38
3.37
3.63
3.63
3.74
3.74
3.65
3.65
2.52
2.53
2.20
2.13
2.08
2.09
2.45
2.44
2.50
2.50
2.64
2.64
2.80
2.81
2.10
2.11
4.21
4.22
4.17
4.18
4.14
4.15
4.13
4.13
4.14
4.15
4.12
4.12
1.96
1.97
4.57
4.58
2.47
2.47
1.83
1.83
1.91
1.93
1.05
1.06
1.04
1.06
1.01
1.02
1.03
1.03
1.02
1.03
1.73
1.74
1.72
1.78
2.21
2.21
2.13
2.14
2.14
2.15
2.15
2.16
2.17
2.18
2.16
2.16
2.20
2.22
2.84
2.84
2.40
2.40
2.40
2.40
2.40
2.40
2.49
2.51
4.48
4.48
2.06
2.05
2.04
2.05
2.03
2.03
4.54
4.55
2.26
2.25
4.58
2.81
4.61
4.61
4.62
4.63
1.91
1.91
1.94
1.95
1.96
1.94
4.53
4.53
4.33
4.34
4.33
4.34
4.36
4.36
4.83
4.84
4.70
4.69
1.98
1.59
1.38
1.38
1.31
1.31
1.16
1.16
1.31
1.31
1.31
1.32
1.34
1.33
2.23
2.05
1.97
1.97
1.90
1.90
1.87
1.86
1.83
1.84
81.91
81.91
1.44
1.45
1.43
1.44
1.43
1.44
1.45
1.44
1.52
0.91
0.77
0.75
0.75
0.75
0.76
0.77
0.77
0.78
0.78
0.79
0.80
0.79
0.80
0.80
0.81
0.81
0.81
0.81
0.82
0.81
0.82
33.678164 -22.732905 -0.110794
