1 360
2.65
2.71
2.68
2.76
2.74
2.86
2.85
2.93
2.91
2.99
2.98
3.06
3.05
3.15
3.14
3.16
3.20
3.32
3.30
3.37
3.37
3.34
3.35
3.65
3.63
3.74
3.74
3.81
3.81
3.75
3.76
3.82
3.79
3.95
3.95
4.67
4.66
4.88
4.87
5.14
5.11
5.34
5.34
6.28
6.28
6.25
6.24
6.24
6.24
6.65
6.64
6.69
6.69
6.67
6.66
6.67
6.68
6.66
6.67
6.63
6.63
6.60
6.61
6.69
6.65
13.92
13.93
13.58
13.59
13.92
13.89
22.26
22.10
24.40
24.40
24.39
24.40
24.38
24.40
24.38
24.38
6.51
6.51
6.55
6.55
6.55
6.55
6.56
6.56
6.57
6.57
6.42
6.45
5.66
5.71
4.86
4.92
4.27
4.33
4.00
4.06
3.66
3.68
3.49
3.49
3.49
3.49
3.52
3.53
3.46
3.46
3.14
3.21
3.06
3.08
3.11
3.11
3.06
3.06
3.12
3.12
3.20
3.20
3.27
3.27
2.42
3.34
2.15
2.16
2.16
2.17
2.10
2.12
2.02
2.04
1.96
1.97
1.90
1.91
1.83
1.84
1.79
1.80
1.73
1.75
1.69
1.70
1.65
1.66
1.61
1.61
1.57
1.58
1.53
1.54
1.50
1.50
1.46
1.48
1.43
1.44
1.41
1.41
1.38
1.39
1.35
1.36
1.34
1.34
1.31
1.32
1.28
1.29
1.26
1.26
1.25
1.25
1.23
1.23
1.20
1.21
1.18
1.19
1.17
1.18
1.16
1.17
1.07
1.07
1.06
1.06
1.05
1.07
1.05
1.05
1.01
1.02
1.00
1.00
0.99
1.00
0.98
0.98
0.99
1.00
0.99
0.99
0.95
0.96
0.94
0.95
0.94
0.94
0.97
0.97
0.96
0.97
0.96
0.96
0.95
0.96
0.95
0.95
0.94
0.95
0.94
0.94
0.93
0.94
0.93
0.94
0.92
0.93
0.92
0.92
0.91
0.92
0.91
0.92
0.91
0.92
0.91
0.92
0.91
0.91
0.91
0.91
0.91
0.91
0.90
0.91
0.90
0.91
0.90
0.91
0.90
0.90
0.88
0.88
0.87
0.86
0.86
0.87
0.87
0.88
0.96
0.99
0.97
0.97
0.99
0.98
6.52
6.53
6.41
6.37
6.23
6.24
6.23
6.22
6.27
6.29
6.11
6.10
6.51
6.52
6.21
6.20
6.22
6.21
6.61
6.63
6.66
6.66
6.66
6.67
5.48
5.48
3.43
3.40
3.34
3.35
3.08
3.09
3.06
3.05
3.04
3.04
3.04
3.05
3.08
3.10
3.09
3.08
3.05
3.07
3.19
3.25
3.89
3.89
3.87
3.89
3.96
3.96
4.00
4.01
4.04
4.04
4.07
4.06
3.01
3.01
2.96
2.96
2.95
2.95
2.99
3.00
2.96
2.98
3.11
3.10
3.15
3.15
2.93
2.93
3.00
3.00
1.39
1.39
1.34
1.33
1.29
1.28
1.28
1.28
1.31
1.31
1.42
1.43
1.46
36.667900 -13.367192 1.433844
