1 360
1.04
1.03
1.04
1.03
1.03
1.03
1.03
1.03
1.02
1.02
1.03
1.03
1.03
1.02
1.03
1.03
1.02
1.03
1.03
1.03
1.03
1.03
1.03
1.03
1.03
1.03
1.03
1.04
1.03
1.03
1.03
1.03
1.02
1.03
1.03
1.03
1.03
1.04
1.03
1.03
1.03
1.04
1.04
1.03
1.03
1.03
1.03
1.04
1.04
1.05
1.05
1.06
1.06
1.06
1.06
1.06
1.06
1.06
1.06
1.06
1.06
1.08
1.08
1.10
1.10
1.10
1.10
1.11
1.11
1.12
1.12
1.12
1.11
1.12
1.12
1.17
1.15
1.52
1.53
1.49
1.49
1.44
1.44
1.39
1.41
1.37
1.37
1.33
1.33
1.37
1.34
1.75
1.74
1.78
1.77
1.77
1.79
1.50
1.58
1.42
1.41
1.77
1.76
1.54
1.50
1.44
1.45
1.40
1.44
1.40
1.40
1.48
1.46
1.09
1.10
1.93
1.94
1.90
1.91
1.89
1.89
1.87
1.87
1.87
1.87
1.84
1.84
1.83
1.83
1.80
1.81
1.80
1.79
2.45
2.40
2.69
2.68
2.90
2.89
2.98
2.97
3.07
3.06
2.19
2.03
2.00
1.99
1.96
1.97
1.93
1.93
1.91
1.92
1.92
1.90
1.52
1.50
1.45
1.46
1.42
1.42
1.40
1.41
1.38
1.38
1.36
1.36
1.36
1.36
1.34
1.34
1.33
1.33
1.32
1.32
1.31
1.31
1.30
1.30
1.29
1.29
1.29
1.29
1.28
1.29
1.28
1.28
1.35
1.33
1.80
1.80
1.86
1.86
3.13
3.13
1.55
1.55
1.52
1.52
1.49
1.50
4.54
4.54
3.59
3.63
3.54
3.54
3.56
3.56
2.04
2.06
2.15
2.15
2.08
2.10
2.05
2.04
1.70
1.70
1.68
1.68
1.69
1.69
1.71
1.71
1.71
1.71
1.72
1.71
1.71
1.72
1.72
1.72
1.73
1.73
1.73
1.73
1.73
1.73
1.75
1.74
1.74
1.76
1.73
1.75
4.43
4.45
4.87
4.87
2.37
2.39
2.21
2.21
2.15
2.15
5.04
5.04
5.10
5.10
3.62
3.60
5.21
5.21
5.35
5.34
5.45
5.45
5.19
5.19
4.96
4.97
4.37
4.38
4.43
4.43
4.50
4.50
5.61
5.62
5.75
5.75
5.92
5.91
4.44
4.44
3.18
3.18
3.13
3.13
3.08
3.09
3.04
3.04
2.99
2.99
2.94
2.94
2.96
2.95
3.03
3.02
3.09
3.09
3.17
3.17
3.26
3.26
3.35
3.34
3.44
3.44
3.53
3.52
3.85
3.85
2.76
6.03
2.65
2.66
2.60
2.60
2.59
2.58
2.84
2.84
2.90
2.89
3.00
2.99
3.11
3.11
3.20
3.20
3.17
3.17
2.93
3.03
2.82
2.82
2.96
2.95
3.09
3.09
3.08
3.08
3.07
3.06
3.05
3.05
3.03
3.03
3.02
3.02
3.01
3.01
2.99
2.99
2.97
2.98
2.97
17.862641 -15.593711 -1.159087
