1 360
1.63
1.64
1.64
1.60
1.60
1.61
1.61
1.62
1.62
1.64
1.62
1.56
1.56
1.48
1.49
1.48
1.48
1.50
1.50
1.51
1.51
1.52
1.51
1.54
1.54
1.55
1.55
1.57
1.57
1.59
1.59
1.60
1.60
1.61
1.61
1.63
1.63
1.64
1.65
1.66
1.67
1.69
1.69
1.71
1.71
1.71
1.72
1.72
1.72
1.74
1.75
1.77
1.78
1.81
1.81
1.84
1.84
1.86
1.87
1.90
1.90
1.94
1.95
1.97
1.98
2.01
2.03
2.05
2.07
2.10
2.11
2.15
2.16
2.19
2.21
2.25
2.26
2.31
2.32
2.39
2.40
2.46
2.49
2.53
2.55
2.60
2.63
2.67
2.70
2.75
2.78
2.84
2.87
2.93
2.97
2.98
3.02
3.09
3.13
3.21
3.24
3.35
3.37
3.48
3.53
3.64
3.69
3.89
3.96
4.11
4.17
4.33
4.39
4.55
4.64
4.82
4.86
4.84
4.85
4.92
5.03
5.20
5.10
5.04
5.04
5.03
5.01
5.01
5.01
4.99
4.99
4.98
4.99
4.96
4.98
4.96
4.98
4.96
4.97
4.96
4.96
4.96
4.95
4.96
4.95
4.96
4.95
4.95
4.95
4.94
4.96
4.94
4.97
4.94
4.97
4.95
4.97
4.97
4.97
4.97
4.97
4.98
4.96
4.98
5.01
5.13
5.14
5.15
5.15
5.06
5.09
5.11
5.06
5.01
4.71
4.61
4.56
4.53
4.69
5.17
5.06
3.67
3.67
3.67
3.80
5.24
5.21
5.03
4.95
4.81
4.80
3.50
3.44
3.37
3.36
3.17
3.08
2.51
2.49
2.42
2.39
2.33
2.32
2.28
2.29
2.28
2.31
2.31
2.31
2.26
2.23
2.19
2.18
2.13
2.12
2.07
2.06
2.02
2.01
1.98
1.96
1.93
1.92
1.88
1.87
1.84
1.83
1.80
1.79
1.77
1.76
1.74
1.73
1.70
1.69
1.68
1.67
1.65
1.64
1.62
1.61
1.59
1.58
1.57
1.57
1.55
1.55
1.53
1.52
1.51
1.50
1.48
1.48
1.47
1.46
1.32
1.30
1.29
1.28
1.27
1.29
1.32
1.37
1.49
1.69
1.71
1.74
1.76
1.80
1.85
1.96
4.49
4.53
4.45
4.47
4.81
4.82
4.97
5.13
5.26
5.37
5.50
5.45
3.43
3.43
3.34
81.91
3.85
3.90
6.60
6.06
4.20
4.19
5.78
5.42
5.74
5.77
4.82
4.77
4.73
4.72
3.01
4.73
4.74
4.75
3.28
3.29
3.21
3.26
3.12
3.04
3.00
3.01
3.02
3.02
3.07
3.26
3.26
3.29
6.65
6.60
6.42
6.57
6.55
6.56
5.73
5.74
5.73
5.73
5.74
5.74
5.74
5.75
5.74
5.63
5.63
5.63
5.63
4.67
3.57
2.00
1.54
1.18
1.17
1.17
1.17
1.15
1.12
1.07
1.06
1.06
1.07
1.07
1.08
1.11
1.48
1.37
1.35
1.34
1.34
8.172593 -11.245009 -1.800832
