1 360
0.43
0.43
0.44
0.44
0.43
0.44
0.44
0.44
0.42
0.43
0.43
0.43
0.43
0.43
0.44
0.44
0.42
0.43
0.44
0.43
0.43
0.42
0.42
0.42
0.42
0.42
0.42
0.43
0.43
0.42
0.43
0.44
0.44
0.44
0.44
0.44
0.44
0.43
0.43
0.44
0.43
0.44
0.44
0.45
0.45
0.45
0.44
0.45
0.45
0.46
0.46
0.45
0.46
0.46
0.47
0.47
0.47
0.48
0.47
0.48
0.47
0.48
0.48
0.49
0.49
0.49
0.50
0.49
0.49
0.51
0.51
0.52
0.53
0.52
0.52
0.52
0.53
0.54
0.54
0.55
0.55
0.55
0.56
0.56
0.57
0.57
0.58
0.59
0.60
0.60
0.60
0.61
0.62
0.62
0.79
0.94
1.14
1.14
1.13
1.13
1.11
1.11
1.10
1.10
1.08
1.08
1.08
1.08
1.09
1.10
1.12
1.14
1.16
1.18
1.19
1.22
1.24
1.34
1.35
1.35
1.34
1.34
1.33
1.33
1.32
1.32
1.31
1.32
1.30
1.30
1.29
1.29
1.28
1.28
1.30
1.32
1.34
1.39
1.40
1.46
1.48
1.53
1.56
1.62
1.66
1.72
1.76
1.82
3.42
3.44
3.43
3.42
3.40
3.40
3.21
3.14
3.13
3.15
3.18
3.37
3.35
3.36
3.35
3.35
3.35
3.35
3.34
3.34
3.33
3.34
3.32
3.33
3.32
3.32
3.32
3.32
3.30
3.19
3.18
1.58
1.55
1.52
1.52
1.52
1.51
3.20
3.19
3.19
3.19
3.01
2.71
2.79
3.15
3.22
3.18
1.65
1.62
1.62
1.63
1.72
3.23
3.25
1.68
1.67
1.65
1.66
1.66
3.23
3.07
1.46
1.34
1.25
1.11
1.08
1.08
1.03
1.03
81.91
81.91
81.91
81.91
0.87
0.87
0.85
0.85
0.81
0.81
0.79
0.78
0.76
0.74
0.75
0.74
0.75
0.75
0.79
0.79
0.78
0.81
0.81
0.81
0.81
0.83
0.84
0.84
81.91
81.91
81.91
81.91
81.91
81.91
81.91
81.91
81.91
81.91
81.91
81.91
81.91
81.91
81.91
81.91
81.91
81.91
81.91
81.91
81.91
81.91
81.91
81.91
81.91
81.91
81.91
81.91
81.91
81.91
81.91
81.91
81.91
81.91
81.91
81.91
81.91
81.91
81.91
81.91
81.91
81.91
81.91
81.91
81.91
81.91
81.91
81.91
81.91
81.91
81.91
81.91
81.91
81.91
81.91
81.91
81.91
81.91
81.91
81.91
81.91
81.91
81.91
81.91
81.91
81.91
81.91
81.91
81.91
81.91
81.91
81.91
0.42
81.91
0.41
0.42
0.48
0.46
0.50
0.52
0.53
0.53
0.58
0.56
0.61
0.61
0.66
0.65
0.71
0.70
0.77
0.78
0.84
0.84
0.93
0.92
1.03
1.03
1.13
1.14
1.18
1.19
0.82
1.08
0.53
0.53
0.52
0.52
0.52
0.52
0.51
0.51
0.52
0.51
0.52
9.709361 -16.788388 -0.866607
