1 360
81.91
81.91
81.91
0.77
0.78
0.79
0.80
0.82
0.82
0.83
0.84
0.84
0.85
0.66
0.66
81.91
81.91
2.22
2.20
2.21
2.21
2.19
2.19
2.18
2.18
2.15
2.14
2.13
2.13
2.13
2.11
2.13
2.16
3.55
3.54
1.41
1.42
1.40
1.40
1.39
1.39
1.38
1.39
1.39
1.39
1.39
1.40
1.40
1.41
3.46
3.46
3.44
3.45
3.44
3.44
3.41
3.26
3.24
3.24
3.25
3.33
1.28
1.28
1.26
1.26
1.27
1.29
3.43
3.43
3.44
3.44
3.44
3.40
3.39
3.39
7.46
7.47
7.46
7.48
8.05
8.07
8.08
7.88
7.92
8.07
7.92
7.82
7.61
5.75
5.56
5.55
8.23
6.04
5.94
6.20
5.50
5.53
8.30
5.57
5.60
5.61
5.65
5.55
3.75
3.72
3.66
3.63
3.64
3.85
4.73
4.60
4.68
4.92
4.81
4.74
4.65
4.56
4.48
3.30
3.26
3.28
3.29
3.31
3.33
3.35
3.36
3.38
3.39
3.41
3.42
3.44
3.45
3.49
3.49
3.52
3.53
3.54
3.56
3.58
3.59
3.62
3.65
3.67
3.69
3.73
3.81
3.83
7.39
7.36
7.28
7.22
7.15
7.10
7.04
6.97
6.93
6.94
6.99
6.97
2.56
2.57
2.50
2.44
2.44
2.39
2.37
2.44
2.46
2.49
2.76
3.08
3.04
3.00
2.98
3.01
2.98
2.97
2.90
2.56
2.56
2.58
2.88
2.80
2.58
2.58
2.56
2.46
2.34
2.12
2.03
2.03
2.00
2.01
1.98
1.97
1.95
1.97
1.98
1.97
1.99
2.02
2.07
2.18
2.22
2.21
2.21
2.20
2.19
2.19
2.18
2.17
2.17
2.16
2.21
2.28
2.29
2.42
2.49
2.52
2.50
2.50
2.51
2.55
2.54
2.23
2.11
2.13
2.16
1.97
1.85
2.16
2.10
2.16
2.19
2.18
2.17
2.17
2.16
2.15
2.14
2.14
2.14
2.15
2.15
2.15
2.11
2.10
2.12
2.12
2.14
2.14
2.13
2.13
2.14
2.14
2.15
2.21
2.15
2.11
2.14
2.00
2.45
2.13
2.09
2.11
2.10
2.15
2.10
2.06
2.06
2.06
2.01
2.03
2.03
2.14
2.10
2.03
2.03
1.96
1.93
1.84
1.82
1.83
1.83
1.89
1.89
1.90
1.89
1.77
1.71
1.79
1.66
1.61
1.61
1.63
1.62
1.62
1.62
1.62
1.60
1.60
1.59
1.59
1.59
1.70
1.69
81.91
81.91
81.91
1.65
1.59
1.59
1.58
1.57
1.54
1.52
1.50
81.91
1.43
1.38
0.95
0.94
0.92
0.92
0.90
0.89
0.88
0.87
0.88
0.88
0.87
0.88
0.84
0.84
0.83
0.82
0.81
0.81
0.81
0.80
0.80
0.79
0.77
0.77
0.76
0.76
0.76
0.76
0.75
0.75
0.73
0.73
0.72
0.72
0.71
0.71
0.70
0.70
0.71
0.70
36.390340 -9.456939 -2.512583
