1 360
1.24
1.24
1.25
1.25
1.25
1.25
1.25
1.25
1.25
1.26
1.26
1.27
1.27
1.28
1.28
1.29
1.28
1.30
1.30
1.31
1.31
1.30
1.31
1.26
1.25
1.28
1.27
81.91
81.91
1.37
81.91
1.36
1.37
1.37
1.37
1.13
1.36
1.02
1.04
1.00
1.00
0.98
0.98
0.95
0.97
0.93
0.95
0.90
0.92
0.88
0.88
0.88
0.88
0.85
0.86
0.83
0.85
0.82
0.82
0.79
0.80
0.77
0.78
0.76
0.76
0.76
0.76
0.74
0.75
0.73
0.73
0.72
0.73
0.68
81.91
0.65
0.67
0.67
0.67
0.67
0.68
0.63
0.65
0.64
0.64
0.64
0.65
0.64
0.65
0.63
0.64
0.64
0.65
0.64
0.64
0.64
0.64
0.67
0.66
0.69
0.69
0.71
0.70
0.71
0.72
0.74
0.74
0.78
0.78
0.79
0.80
0.82
0.84
0.85
0.85
0.88
0.88
0.91
0.92
0.95
0.95
1.00
1.00
1.03
1.03
1.09
1.09
1.14
1.15
1.21
1.22
1.29
1.29
1.39
1.40
1.47
1.49
1.63
1.64
1.76
1.77
1.90
1.92
2.09
2.11
2.31
2.33
2.70
2.71
2.69
2.70
2.69
2.70
2.70
2.70
2.69
2.70
2.70
2.71
2.68
2.69
2.69
2.69
2.70
2.70
2.69
2.69
2.69
2.70
2.69
2.69
2.66
2.66
5.40
5.40
5.41
5.42
5.43
5.43
5.42
5.41
5.45
5.46
5.42
5.40
5.49
5.50
5.50
5.51
5.53
5.54
5.57
5.58
5.59
5.60
5.46
5.47
5.48
5.49
5.53
5.56
5.77
5.79
5.82
5.83
5.86
3.05
2.87
2.87
2.82
2.83
2.79
2.80
2.78
2.78
2.75
2.75
2.72
2.72
2.70
2.70
2.68
2.68
2.66
2.66
2.63
2.64
2.61
2.61
2.59
2.60
2.57
2.57
2.55
2.56
2.54
2.55
2.51
2.52
2.50
2.50
2.49
2.49
2.53
2.57
2.56
2.41
2.10
2.03
2.02
2.01
2.02
2.01
1.99
1.98
1.93
1.93
1.96
1.96
1.93
1.94
1.92
1.91
1.89
1.89
1.88
1.88
1.86
1.86
1.84
1.84
1.82
1.82
1.81
1.81
1.79
1.79
1.77
1.77
1.77
1.77
1.75
1.73
1.51
1.49
1.58
1.58
1.51
1.45
1.44
1.45
1.43
1.44
1.42
1.42
1.41
1.41
1.41
1.41
1.40
1.40
1.31
1.25
1.25
1.25
1.24
1.24
1.23
1.24
1.23
1.23
1.22
1.22
1.22
1.22
1.21
1.21
1.20
1.20
1.19
1.20
1.19
1.19
1.19
1.19
1.18
1.18
1.18
1.18
1.19
1.19
1.18
1.18
1.19
1.18
1.18
1.18
1.18
1.19
1.18
1.18
1.18
1.18
1.18
1.18
1.18
1.19
1.18
1.18
1.19
1.19
1.18
1.19
1.18
1.18
1.18
1.19
1.21
1.22
1.20
35.768889 -11.215505 -0.491541
