1 360
1.17
1.20
1.19
1.23
1.22
1.26
1.26
1.20
1.20
1.25
1.21
81.91
81.91
1.18
1.21
1.19
1.19
1.22
1.20
81.91
81.91
81.91
81.91
81.91
81.91
1.58
1.60
1.69
1.69
1.73
1.73
1.72
1.72
1.71
1.70
1.70
1.69
1.57
1.68
1.65
1.64
1.66
1.66
0.72
0.85
0.62
0.63
0.62
0.61
0.61
0.60
0.60
0.60
0.59
0.60
0.59
0.59
0.59
0.60
0.60
0.60
0.60
0.60
0.60
0.60
0.59
0.59
0.59
0.59
0.59
0.59
0.59
0.59
0.59
0.58
0.58
0.59
0.58
0.58
0.59
0.59
0.59
0.59
0.59
0.59
0.59
0.59
0.59
0.60
0.60
0.60
0.60
0.60
0.60
0.60
0.60
0.60
0.60
0.60
0.60
0.60
0.60
0.60
0.61
0.60
0.61
0.62
0.62
0.62
0.63
0.63
0.63
0.64
0.64
0.65
0.65
0.66
0.67
0.67
0.72
0.72
81.91
81.91
1.23
1.23
1.17
1.20
1.18
1.18
1.85
1.85
1.87
1.87
1.90
1.89
1.92
1.92
1.95
1.95
1.96
1.96
1.99
1.99
2.01
2.01
2.04
2.04
2.07
2.07
2.10
2.09
2.13
2.13
2.16
2.16
2.20
2.20
2.23
2.23
2.27
2.27
2.31
2.30
2.35
2.35
2.39
2.39
2.45
2.44
2.50
2.50
2.56
2.56
2.61
2.61
2.68
2.67
2.73
2.73
2.80
2.78
2.86
2.86
2.94
2.93
3.03
3.02
3.11
3.10
2.54
2.53
2.46
2.49
2.44
2.45
2.51
2.50
2.57
2.54
3.75
3.75
3.34
3.34
3.47
3.48
3.45
3.46
3.42
3.42
6.53
3.44
12.34
6.55
2.64
2.63
2.63
2.63
3.41
3.43
6.15
3.50
6.14
6.14
6.27
6.26
6.85
7.42
7.09
7.10
6.54
7.05
6.25
6.23
7.53
7.52
9.07
9.05
10.26
10.18
11.69
11.69
11.52
11.59
11.66
11.65
11.64
11.64
3.42
3.42
3.43
3.43
3.33
3.38
3.18
3.19
3.18
3.18
3.18
3.18
3.19
3.20
3.26
3.24
3.44
3.45
3.02
3.02
3.00
3.00
3.03
3.03
3.04
3.04
3.04
3.03
3.04
3.04
3.05
3.05
3.07
3.07
3.09
3.09
3.10
3.10
3.11
3.11
3.13
3.13
3.15
3.14
3.17
3.17
3.19
3.19
3.21
3.21
3.23
3.23
3.26
3.26
3.28
3.28
3.31
3.31
3.33
3.32
3.36
3.36
3.40
3.40
3.44
3.44
3.47
3.47
3.51
3.51
3.54
3.54
3.58
3.57
3.62
3.62
3.66
3.65
3.72
3.71
3.76
3.75
3.83
3.83
3.88
3.87
3.93
3.93
4.00
4.00
4.06
4.06
4.15
4.16
2.28
2.28
2.25
2.25
2.21
2.22
2.17
2.17
2.13
2.14
2.10
2.11
2.06
2.06
2.03
2.03
2.02
2.02
2.04
24.294770 -17.034905 1.275741
