1 360
81.91
81.91
81.91
81.91
81.91
81.91
81.91
81.91
81.91
81.91
81.91
81.91
81.91
81.91
81.91
81.91
81.91
81.91
81.91
81.91
81.91
81.91
81.91
81.91
81.91
0.71
0.72
0.72
0.72
0.74
0.74
0.75
0.77
0.77
0.77
0.78
0.79
0.81
0.82
0.81
0.80
0.78
0.80
0.78
0.77
0.77
0.77
0.76
0.76
0.75
0.74
0.74
0.74
0.72
0.71
0.73
0.72
81.91
81.91
81.91
81.91
81.91
81.91
81.91
81.91
81.91
81.91
81.91
81.91
81.91
81.91
81.91
81.91
81.91
81.91
81.91
81.91
1.18
1.18
1.21
1.22
1.20
1.20
1.19
1.19
1.18
1.18
1.17
1.17
1.17
1.17
1.17
1.16
1.16
1.15
1.15
1.14
1.14
1.14
1.14
1.14
1.11
1.11
1.11
1.11
1.11
1.10
1.13
1.13
1.13
1.12
1.12
1.12
1.12
1.12
1.12
1.11
1.12
1.11
1.11
1.11
1.11
1.11
1.11
1.11
1.11
1.11
1.11
1.11
1.11
1.11
1.11
1.11
1.12
1.11
1.12
1.11
1.12
1.11
1.12
1.12
1.12
1.12
1.13
1.12
1.13
1.13
1.13
1.13
1.14
1.14
1.15
1.14
1.15
1.14
1.16
1.15
1.16
1.16
1.17
1.16
1.18
1.18
1.18
1.18
1.19
1.18
1.20
1.18
1.20
1.19
1.21
1.20
1.22
1.21
1.20
1.19
1.13
1.13
1.01
1.00
0.96
0.95
0.94
0.92
0.90
0.90
0.87
0.88
81.91
81.91
0.90
0.89
0.86
0.86
0.91
0.90
0.87
0.87
0.90
0.89
1.36
1.35
2.79
2.80
2.80
2.79
10.27
10.28
1.87
10.10
1.85
1.85
1.87
1.87
1.89
1.85
1.91
1.90
1.94
1.94
2.18
2.18
2.15
2.15
2.11
2.11
2.09
2.09
1.86
1.88
1.82
1.82
1.80
1.81
1.60
1.61
1.53
1.53
1.54
1.54
1.51
1.52
1.58
1.57
1.74
1.73
1.72
1.72
1.70
1.71
1.69
1.69
1.67
1.67
1.66
1.66
1.65
1.65
1.70
1.69
1.80
1.79
1.89
1.87
1.98
1.97
2.08
2.06
2.19
2.18
2.32
2.30
2.47
2.44
2.65
2.61
2.76
2.74
3.03
3.00
3.30
3.27
3.18
3.20
3.24
3.22
3.62
3.55
3.95
3.91
4.01
3.97
11.29
11.25
6.78
6.77
6.80
6.79
8.93
8.92
8.25
8.90
6.87
8.03
6.78
6.81
6.73
6.74
6.58
6.58
6.58
6.58
6.59
6.59
4.14
4.14
4.08
4.16
81.91
81.91
1.75
1.76
3.68
1.85
3.67
3.66
3.69
3.67
3.71
3.71
3.73
3.72
3.73
3.73
3.75
3.75
3.79
3.73
3.82
3.81
3.84
3.83
3.86
3.86
3.81
3.80
2.47
2.36
81.91
3.87
3.96
3.96
0.78
0.77
0.75
0.76
0.74
0.75
0.73
13.108767 -14.794299 1.551582
