1 360
0.66
0.66
0.67
0.67
0.68
0.68
0.68
0.69
0.69
0.70
0.70
0.70
0.71
0.71
0.71
0.72
0.72
0.73
0.75
0.78
0.79
0.77
0.75
0.73
0.72
0.70
0.70
0.69
0.68
0.67
0.66
0.66
0.65
0.64
0.63
0.63
0.62
0.61
0.61
0.60
0.60
0.59
0.59
0.58
0.58
0.57
0.57
0.57
0.56
0.54
0.54
0.54
0.53
0.53
0.53
0.51
0.49
0.48
0.50
0.48
0.49
0.48
0.49
0.48
0.46
0.47
0.47
0.51
0.51
0.50
0.51
0.51
0.50
0.51
0.52
0.53
0.53
0.53
0.55
3.47
3.45
3.45
3.42
3.41
3.40
3.39
3.37
3.36
3.36
3.34
3.32
3.32
3.31
3.30
3.28
3.28
3.26
3.26
3.24
3.23
3.22
3.22
3.21
3.20
3.20
3.19
3.18
3.19
3.18
3.17
3.16
3.15
3.14
3.14
3.14
3.15
3.14
3.13
3.13
3.11
3.09
3.07
3.06
3.06
8.57
8.56
8.62
8.62
8.64
8.64
8.41
8.38
8.62
8.62
8.55
8.54
6.33
6.31
6.39
6.38
6.49
6.49
6.67
6.67
4.10
4.08
3.97
3.97
6.04
6.04
6.10
6.10
3.31
3.32
3.20
3.20
3.12
3.12
3.19
3.19
5.25
5.25
3.57
3.57
4.63
4.63
3.84
3.84
4.12
4.11
3.27
3.27
3.24
3.24
3.17
3.18
3.12
3.11
3.13
3.13
3.16
3.15
3.17
3.17
3.19
3.18
3.21
3.21
3.24
3.23
3.27
3.26
3.32
3.31
6.61
6.59
6.67
6.67
6.75
6.74
6.83
6.82
6.96
6.95
6.86
6.86
3.92
3.92
3.95
3.94
3.98
3.97
3.93
3.93
3.86
3.85
3.86
3.85
3.92
3.91
3.98
3.97
4.07
4.06
4.14
4.14
4.21
4.21
4.28
4.28
0.96
4.35
0.90
0.90
0.90
0.90
0.91
0.90
0.90
0.90
0.88
0.89
0.81
0.81
0.80
0.80
0.80
0.80
0.80
0.80
0.79
0.78
0.74
0.72
0.72
0.72
0.72
0.71
0.71
0.71
0.70
0.70
0.70
0.70
0.70
0.69
0.70
0.69
0.69
0.69
0.69
0.68
0.72
0.69
1.17
0.83
1.23
1.23
1.29
1.24
1.31
1.30
1.29
1.28
1.28
1.28
1.36
1.29
1.89
1.88
1.93
1.92
3.87
3.87
0.70
0.71
0.71
0.70
0.70
0.69
1.00
1.01
3.85
3.88
3.82
3.82
3.83
3.83
3.82
3.82
1.29
1.32
1.38
1.38
1.29
1.28
3.82
3.83
3.69
3.79
3.83
3.81
3.83
3.83
3.84
3.84
3.86
3.85
3.87
3.87
3.88
3.88
3.88
3.88
3.90
3.89
3.90
3.90
3.90
3.89
3.92
3.93
3.95
3.95
3.97
3.97
3.98
3.98
4.00
3.99
1.05
1.06
1.03
1.04
1.00
1.01
0.98
0.99
0.97
0.97
10.199176 -2.860422 -0.052152
