1 360
1.28
1.30
1.30
1.31
1.30
1.33
1.32
1.35
1.35
1.37
1.37
1.39
1.38
1.41
1.41
1.33
1.36
1.31
1.32
1.34
1.33
1.35
1.34
1.37
1.37
1.42
1.41
1.45
1.43
1.47
1.44
1.51
1.47
1.52
1.51
1.56
1.54
1.59
1.58
1.62
1.62
1.65
1.64
1.71
1.69
1.75
1.74
1.79
1.78
1.84
1.84
1.91
1.88
1.40
1.45
1.37
1.38
1.36
1.37
1.35
1.36
1.34
1.35
1.33
1.34
1.32
1.33
1.34
1.33
1.41
1.39
1.49
1.47
1.58
1.56
1.68
1.66
2.16
2.13
2.17
2.17
2.15
2.16
2.14
2.15
2.12
2.14
2.12
2.13
2.11
2.12
2.10
2.09
2.10
2.10
2.07
2.07
2.09
2.09
2.06
2.08
2.07
2.08
2.07
2.05
0.81
0.85
0.80
0.81
0.80
0.79
1.25
1.19
1.30
1.30
1.33
1.33
1.47
1.43
2.03
2.04
1.14
1.16
1.11
1.11
1.09
1.10
1.08
1.09
1.09
1.09
1.11
1.11
1.13
1.13
1.34
1.29
2.15
2.15
2.16
2.16
2.14
2.16
2.18
2.18
2.18
2.19
2.20
2.20
2.21
2.22
2.22
2.22
2.22
2.23
1.47
2.06
1.95
1.95
1.86
1.87
1.81
1.82
1.93
1.95
2.34
2.35
2.37
2.38
2.40
2.41
2.36
2.36
2.39
2.40
2.46
2.49
2.33
2.33
2.40
2.40
2.43
2.44
2.46
2.46
2.49
2.49
2.62
2.62
2.71
2.72
2.74
2.75
2.79
2.79
2.41
2.42
2.39
2.40
2.37
2.38
2.40
2.40
2.52
2.52
3.04
3.05
2.91
2.94
2.80
2.82
2.73
2.75
2.84
2.88
2.85
2.87
2.85
2.86
2.90
2.91
3.10
3.10
3.02
3.03
3.06
3.06
1.69
1.68
1.65
1.66
1.64
1.65
1.63
1.64
1.64
1.63
1.64
1.64
1.65
1.66
1.66
1.67
1.70
1.71
4.68
4.69
4.63
4.63
7.61
7.61
1.39
1.39
1.39
1.40
81.91
81.91
81.91
1.56
1.38
1.37
1.40
1.42
81.91
81.91
2.72
2.71
2.62
2.64
2.59
2.58
2.55
2.53
81.91
81.91
0.50
81.91
81.91
4.53
4.21
4.21
4.49
4.49
4.49
4.48
2.68
2.68
4.47
4.47
4.47
4.46
4.47
4.47
3.64
3.64
3.64
3.66
4.47
4.48
4.48
4.49
4.50
4.49
4.49
4.51
4.50
4.51
4.52
4.52
4.53
4.53
1.66
1.64
1.53
1.50
1.40
1.38
1.30
1.28
1.21
1.19
1.13
1.11
1.05
1.03
0.88
0.84
0.84
0.85
81.91
81.91
81.91
81.91
81.91
81.91
81.91
81.91
81.91
81.91
81.91
81.91
81.91
81.91
81.91
81.91
81.91
81.91
81.91
81.91
81.91
81.91
81.91
81.91
81.91
81.91
81.91
81.91
1.18
81.91
81.91
3.887449 -4.266803 -1.026371
