1 360
0.87
0.87
0.87
0.87
0.87
0.87
0.87
0.86
0.87
0.87
0.87
0.87
0.87
0.87
0.87
0.87
0.87
0.87
0.87
0.87
0.87
0.87
0.88
0.88
0.88
0.88
0.88
0.88
0.88
0.88
0.88
0.88
0.88
0.88
0.88
0.88
0.88
0.88
0.88
0.89
0.88
0.89
0.89
0.89
0.89
0.89
0.89
0.89
0.89
0.90
0.90
0.91
0.91
0.91
0.91
0.91
0.92
0.92
0.92
0.93
0.93
0.93
0.93
0.93
0.94
0.95
0.94
0.95
0.96
0.96
0.96
0.97
0.97
0.97
0.97
0.98
0.98
0.99
0.99
1.01
1.01
1.02
1.02
1.03
1.03
1.04
1.04
1.05
1.05
1.06
1.06
1.08
1.08
1.10
1.10
1.10
1.10
1.13
1.13
1.15
1.15
1.17
1.17
1.18
1.19
1.21
1.22
1.22
1.23
1.22
1.24
1.22
1.21
1.18
1.17
1.16
1.15
1.16
1.17
1.16
1.14
1.16
1.16
1.18
1.20
1.47
1.49
1.54
1.55
1.55
1.53
1.52
1.51
1.50
1.50
1.49
1.48
1.34
1.29
1.31
1.31
1.27
1.26
1.29
1.29
1.25
1.24
1.28
1.27
1.22
1.22
1.27
1.27
1.21
1.20
1.24
1.26
1.20
1.19
1.23
1.24
1.19
1.18
1.21
1.22
1.18
1.17
1.18
1.19
1.19
1.17
1.15
1.16
1.23
1.20
1.13
1.14
1.26
1.26
1.13
1.13
1.19
1.24
1.17
1.13
1.14
1.18
1.23
1.18
1.12
1.11
1.28
1.26
1.13
1.13
1.24
1.27
1.16
1.13
1.19
1.21
1.20
1.17
1.13
1.15
1.25
1.22
1.12
1.12
1.25
1.25
1.14
1.14
1.20
1.21
1.16
1.15
1.14
1.16
1.19
1.17
1.14
1.14
1.22
1.20
1.17
1.16
1.21
1.23
1.18
1.17
1.23
1.23
1.20
1.19
1.24
1.24
1.22
1.21
1.25
1.25
1.24
1.23
1.26
1.27
1.25
1.25
1.29
1.29
1.26
1.26
1.33
1.32
1.28
1.29
1.34
1.33
1.34
1.34
1.35
1.35
1.39
1.38
1.36
1.36
1.40
1.40
1.42
1.42
1.43
1.43
1.45
1.45
1.48
1.48
1.48
1.48
1.50
1.50
1.55
1.54
1.57
1.56
1.58
1.58
1.60
1.60
1.64
1.64
1.88
1.88
1.90
1.90
1.87
1.86
1.85
1.86
1.89
1.90
1.95
1.95
1.98
1.97
1.93
1.93
1.94
1.95
2.04
2.08
2.31
2.27
2.23
2.23
2.20
2.20
2.25
2.26
2.31
2.33
2.40
2.39
2.04
2.07
1.96
1.85
1.72
1.72
1.71
1.70
1.80
1.80
1.82
1.80
1.79
1.79
1.86
1.88
2.32
2.32
2.31
2.30
2.29
2.30
2.51
2.53
2.66
2.69
2.62
2.56
2.52
2.53
2.79
3.38
3.16
3.15
3.15
3.15
3.14
3.13
3.13
6.058824 -13.576121 -2.344700
