1 360
1.21
1.21
1.22
1.22
1.21
1.21
1.21
1.21
1.20
1.20
1.21
1.20
1.21
1.21
1.21
1.23
1.23
1.24
1.24
1.24
1.24
1.25
1.25
1.25
1.25
1.25
1.26
1.26
1.26
1.26
1.26
1.26
1.26
1.26
1.27
1.28
1.28
1.28
1.28
1.29
1.30
1.29
1.30
1.30
1.31
1.31
1.32
1.32
1.33
1.33
1.34
1.35
1.35
1.35
1.35
1.38
1.38
1.39
1.40
1.40
1.41
1.42
1.42
1.43
1.44
1.44
1.45
1.46
1.47
1.48
1.50
1.71
1.75
1.76
1.77
1.78
1.79
1.81
1.82
1.83
1.84
1.85
1.87
1.89
1.89
1.93
1.92
1.90
1.91
1.95
1.93
4.05
4.03
3.98
3.96
3.90
3.89
3.85
3.84
3.76
3.74
3.71
3.70
3.65
3.63
3.60
3.58
3.54
3.53
3.51
3.49
3.46
3.44
3.40
3.09
2.74
2.69
2.66
2.65
2.70
2.83
2.88
2.92
2.97
3.03
3.06
3.12
3.16
3.22
3.27
3.34
3.39
3.44
3.51
3.58
3.65
3.71
3.82
3.91
3.91
3.93
4.04
4.13
4.34
4.46
4.49
4.52
9.35
10.81
5.51
5.46
5.42
5.49
5.91
6.23
6.44
6.65
6.69
6.74
6.72
6.74
6.90
8.42
9.16
9.82
9.84
10.81
11.30
12.26
12.69
12.84
14.26
14.27
14.26
14.27
14.25
14.22
16.41
16.42
16.38
16.41
16.38
16.47
16.50
14.26
14.22
14.36
14.25
14.27
14.23
12.73
12.69
12.30
11.36
10.92
9.83
9.80
8.41
6.83
6.70
6.71
6.70
6.64
6.39
6.10
5.86
5.64
5.28
5.26
5.14
4.92
4.77
4.63
4.49
4.33
4.22
3.94
3.87
3.88
3.90
4.20
4.80
4.93
4.87
4.34
4.26
4.24
3.29
2.98
2.96
2.95
2.87
2.82
2.78
2.69
2.60
2.58
2.53
2.49
2.45
2.40
2.40
2.38
2.32
2.30
2.26
2.24
2.21
2.17
2.15
2.05
1.98
1.98
1.97
1.98
1.96
1.85
1.79
1.75
1.74
1.75
1.75
1.80
1.82
1.82
1.80
1.78
1.75
1.73
1.72
1.70
1.69
1.68
1.66
1.65
1.63
1.62
1.61
1.60
1.59
1.58
1.57
1.37
1.33
1.32
1.31
1.30
1.29
1.28
1.26
1.25
1.24
1.24
1.23
1.23
1.21
1.21
1.21
1.20
1.19
1.20
1.21
1.24
1.25
1.28
1.30
1.34
1.34
1.33
1.32
1.31
1.30
1.29
1.29
1.34
1.34
1.34
1.33
1.33
1.33
1.33
1.32
1.32
1.31
1.31
1.31
1.30
1.30
1.29
1.29
1.29
1.29
1.28
1.28
1.28
1.27
1.27
1.27
1.27
1.26
1.26
1.26
1.25
1.26
1.25
1.25
1.25
1.24
1.25
1.24
1.25
1.24
1.24
1.24
1.24
1.24
1.24
1.24
1.24
1.23
29.973566 -11.888530 -0.170176
