1 360
1.62
1.65
1.73
1.76
1.89
1.90
4.65
4.66
4.64
4.64
4.63
4.63
4.63
4.62
4.62
4.62
4.62
4.62
4.62
4.61
4.61
4.61
4.61
4.61
4.61
4.61
4.62
4.61
4.62
4.62
4.62
4.62
4.63
4.63
4.60
4.60
4.61
4.61
4.61
4.61
4.61
4.61
4.67
4.68
4.68
4.69
4.69
4.69
4.72
4.73
4.71
4.72
10.49
10.49
2.03
2.02
1.99
1.99
2.01
2.02
2.05
2.04
2.06
2.06
2.07
2.07
2.08
2.08
2.10
2.10
2.12
2.12
2.14
2.14
2.16
2.16
2.18
2.08
1.84
1.76
1.71
1.70
1.66
1.66
1.66
1.66
1.69
1.67
1.63
1.62
1.63
1.62
1.65
1.64
1.64
1.63
1.72
1.71
2.19
2.24
2.22
2.22
2.19
2.18
2.13
2.12
2.13
2.13
2.16
2.16
2.19
2.19
2.22
2.21
2.27
2.26
2.28
2.26
2.13
2.10
2.08
2.05
2.08
2.08
2.06
2.06
2.11
2.12
2.12
2.11
2.15
2.14
2.85
2.79
2.91
2.89
2.88
2.86
3.04
3.03
3.13
3.12
3.21
3.22
3.23
3.21
3.26
3.29
3.38
3.39
3.34
3.34
3.43
3.43
3.39
3.38
3.41
3.40
3.37
3.37
3.41
3.41
3.73
3.74
3.75
3.74
3.48
3.48
3.36
3.35
3.57
3.55
3.58
3.56
3.54
3.54
3.57
3.56
3.56
3.55
3.51
3.51
3.48
3.48
3.49
3.47
3.56
3.57
3.51
3.51
3.47
3.48
3.27
3.29
3.16
3.15
3.16
3.16
3.17
3.16
3.17
3.17
3.17
3.17
3.16
3.15
3.19
3.18
3.30
3.30
3.26
3.25
3.33
3.31
3.59
3.59
3.60
3.60
3.61
3.60
3.62
3.61
3.63
3.62
3.57
3.57
3.62
3.60
3.58
3.58
3.70
3.69
3.58
3.59
3.39
3.40
3.48
3.42
3.87
3.87
3.85
3.84
3.93
3.92
1.39
3.93
1.40
1.42
1.30
1.31
1.34
1.32
1.33
1.31
1.35
1.32
1.17
1.44
2.10
2.09
2.12
2.10
2.11
2.12
1.39
1.39
1.40
1.39
1.40
1.38
1.43
1.42
1.46
1.45
1.46
1.46
2.31
2.28
4.17
4.18
2.33
2.33
4.22
4.21
4.29
4.27
2.17
2.17
2.13
2.11
2.08
2.09
2.07
2.07
2.03
2.02
1.98
1.99
4.65
4.66
1.91
4.58
1.90
1.90
1.87
1.87
1.85
1.86
1.82
1.83
1.81
1.80
1.78
1.78
1.76
1.77
1.84
1.81
1.83
1.82
1.81
1.80
1.80
1.79
1.77
1.77
1.76
1.76
1.71
1.74
1.26
1.27
81.91
1.26
81.91
81.91
81.91
81.91
81.91
81.91
1.62
81.91
1.66
1.66
1.70
1.69
3.64
1.75
3.62
3.64
3.22
3.34
3.23
3.29
3.47
3.26
3.69
3.68
3.62
3.62
40.108524 -16.459628 -2.782309
