1 360
0.18
0.17
0.16
0.16
0.16
0.15
0.16
0.15
0.15
0.15
0.15
0.15
0.15
0.15
0.16
0.16
0.15
0.15
0.16
0.15
0.15
0.15
0.15
0.15
0.16
0.16
0.16
0.16
0.16
0.16
0.16
0.16
0.16
0.17
0.16
0.16
0.16
0.16
0.16
0.16
0.17
0.16
0.17
0.16
0.17
0.17
0.17
0.17
0.18
0.17
0.18
0.18
0.18
0.18
0.18
0.18
0.18
0.19
0.20
0.25
0.33
0.36
0.36
0.36
0.35
0.34
0.33
0.31
0.27
0.25
0.24
0.24
0.24
0.24
0.25
0.24
0.25
0.25
0.24
0.24
0.23
0.24
0.24
0.24
0.25
0.26
0.27
0.26
0.28
0.28
0.29
0.30
0.30
0.30
0.31
0.31
0.31
0.32
0.34
0.34
0.34
0.36
0.37
0.37
0.38
0.40
0.41
0.41
0.43
0.43
0.45
0.46
0.48
0.49
0.51
0.53
0.54
0.54
0.57
0.59
0.62
0.63
0.66
0.69
2.07
2.10
2.16
2.20
2.20
2.19
2.19
2.18
2.18
2.17
2.16
2.16
2.16
2.16
2.11
2.02
2.08
2.04
2.03
2.09
2.03
2.06
2.05
2.01
2.09
2.03
2.04
2.06
2.00
2.07
2.03
2.02
2.09
2.01
2.04
2.04
2.01
1.58
1.30
1.27
1.27
1.23
1.20
1.16
1.16
1.26
1.25
1.24
1.22
1.23
2.04
2.03
2.04
2.08
2.02
2.08
2.05
2.05
2.10
2.04
2.09
2.07
2.02
1.74
1.72
1.67
1.54
1.48
1.58
1.64
2.18
2.21
2.23
2.24
2.24
2.25
2.26
2.27
2.27
2.29
1.53
1.54
1.34
1.40
2.32
2.33
1.09
1.03
1.12
0.97
1.03
1.01
1.09
1.09
1.08
1.08
1.06
1.05
81.91
1.04
0.99
0.90
0.90
0.94
0.94
0.92
1.04
1.05
1.04
1.01
0.92
0.88
0.91
0.97
0.97
0.98
0.98
1.00
81.91
0.61
0.61
81.91
0.65
0.70
81.91
1.08
1.09
1.08
1.08
1.11
1.13
1.12
1.14
1.16
1.16
1.16
1.16
1.20
1.20
1.20
1.22
1.24
3.40
3.41
3.45
3.49
3.42
3.32
3.23
3.22
3.19
3.17
3.17
3.16
3.22
3.24
4.23
1.74
1.72
1.70
1.69
1.68
1.68
1.67
1.68
1.68
1.55
1.52
1.49
1.48
1.46
1.46
1.46
1.46
1.48
1.49
1.54
1.43
3.46
3.37
3.30
3.20
3.21
3.46
3.48
3.47
3.46
3.46
3.45
3.44
3.43
3.42
3.48
3.84
3.83
3.83
1.84
1.87
1.90
1.85
3.37
3.38
3.29
2.91
3.35
3.36
3.35
3.36
3.36
3.36
2.90
2.91
3.35
3.02
3.36
3.36
3.35
3.32
3.37
3.36
3.32
3.32
3.32
3.30
0.37
0.34
0.34
0.36
0.35
0.35
0.35
0.35
0.35
0.35
0.34
0.35
33.883128 -6.949663 1.065033
