1 360
0.73
0.72
0.70
0.71
0.73
0.73
0.73
0.71
0.68
0.68
0.69
0.70
0.72
0.72
0.69
0.66
0.66
0.68
0.69
0.71
0.74
0.70
0.66
0.65
0.65
0.67
0.68
0.72
0.74
0.68
0.65
0.64
0.65
0.66
0.68
0.72
0.75
0.67
0.64
0.62
0.63
0.64
0.67
0.71
0.73
0.68
0.64
0.61
0.61
0.62
0.65
0.70
0.72
0.72
0.65
0.62
0.60
0.61
0.64
0.69
0.72
0.73
0.70
0.64
0.61
0.60
0.61
0.68
0.71
0.73
0.73
0.66
0.63
0.60
0.61
0.62
0.69
0.71
0.73
0.69
0.64
0.62
0.60
0.62
0.64
0.66
0.66
0.65
0.65
0.64
0.62
0.61
0.64
0.70
0.73
0.70
0.66
0.65
0.63
0.63
0.64
0.74
0.75
0.76
0.75
0.76
0.76
0.77
0.77
0.77
0.78
0.78
0.78
0.79
0.79
0.79
0.80
0.80
0.81
0.81
0.81
0.82
0.82
0.84
0.84
0.84
0.84
0.85
0.82
0.79
0.79
0.84
0.87
0.88
0.89
0.88
0.88
0.87
0.86
0.84
0.83
0.82
0.81
0.80
0.79
0.78
0.78
0.76
0.76
0.75
0.75
0.75
0.74
0.73
0.74
0.75
0.75
0.75
0.76
0.77
0.77
0.79
0.81
0.96
1.12
1.06
1.04
1.06
1.06
1.03
1.01
0.99
0.91
0.72
0.68
0.68
0.67
0.67
0.66
0.66
0.65
0.65
0.64
0.64
0.64
0.64
0.64
0.63
0.63
0.63
0.62
0.62
0.62
0.62
0.61
0.61
0.60
0.60
0.60
0.59
0.59
0.59
0.58
0.58
0.58
0.58
0.57
0.57
0.58
0.58
0.58
0.57
0.57
0.57
0.57
0.57
0.57
0.57
0.57
0.57
0.57
0.57
0.56
0.56
0.57
0.56
0.56
0.56
0.56
0.56
0.56
0.55
0.55
0.55
0.55
0.55
0.55
0.55
0.55
0.54
0.54
0.54
0.54
0.54
0.54
0.54
0.54
0.55
0.55
0.54
0.55
0.55
0.55
0.55
0.55
0.55
0.56
0.56
0.56
0.56
0.56
0.56
0.56
0.56
0.56
0.57
0.56
0.57
0.57
0.57
0.57
0.57
0.57
0.58
0.58
0.58
0.58
0.58
0.58
0.59
0.59
0.59
0.59
0.59
0.60
0.61
0.61
0.61
0.62
0.62
0.62
0.62
0.62
0.62
0.63
0.63
0.64
0.64
0.64
0.63
0.63
0.64
0.65
0.65
0.65
0.66
0.66
0.66
0.66
0.67
0.67
0.68
0.68
0.68
0.68
0.64
0.60
0.59
0.59
0.59
0.58
0.57
0.55
0.54
0.54
0.54
0.56
0.57
0.68
0.71
0.74
0.73
0.72
0.73
0.74
0.74
0.74
0.75
0.78
0.85
0.86
0.87
0.89
0.89
0.90
0.91
0.91
0.92
0.94
0.95
0.96
0.96
0.98
0.99
1.00
1.02
1.02
1.04
1.06
1.06
33.768283 -10.230524 -2.877059
