1 360
1.00
1.00
0.99
0.99
0.99
0.98
0.98
0.98
0.97
0.97
0.97
0.97
0.96
0.96
0.96
0.95
0.95
0.95
0.95
0.95
0.95
0.95
0.95
0.95
0.95
0.95
0.94
0.94
0.94
0.93
0.93
0.93
0.92
0.93
0.92
0.92
0.92
0.91
0.93
0.94
0.94
0.94
0.94
0.94
0.94
0.94
0.94
0.94
0.94
0.94
0.95
0.94
0.94
0.94
0.94
0.94
0.94
0.94
0.94
0.94
0.94
0.94
0.94
0.94
0.94
0.94
0.94
0.94
0.94
0.94
0.94
0.95
0.95
0.95
0.95
0.95
0.95
0.95
0.96
0.96
0.96
0.96
0.97
0.96
0.97
0.98
0.97
0.98
0.98
0.98
0.99
1.00
1.01
1.01
1.01
1.02
1.02
1.02
1.03
1.03
1.03
1.04
1.04
1.04
1.04
1.05
1.06
1.06
1.06
1.07
1.07
1.08
1.08
1.09
1.09
1.10
1.10
1.11
1.11
1.13
1.13
1.14
1.15
1.16
1.16
1.16
1.17
1.18
1.19
1.21
1.22
1.23
1.23
1.24
1.25
1.26
1.27
1.28
1.29
1.30
1.32
1.33
1.33
1.31
1.33
1.36
1.31
1.29
1.28
1.27
1.26
1.27
1.27
1.25
1.26
1.26
1.28
1.30
1.43
1.59
1.61
1.64
1.65
1.64
1.63
1.62
1.61
1.60
1.59
1.58
1.42
1.38
1.41
1.39
1.36
1.39
1.39
1.35
1.34
1.37
1.33
1.32
1.35
1.34
1.33
1.29
1.33
1.33
1.29
1.29
1.31
1.31
1.26
1.27
1.30
1.28
1.24
1.25
1.30
1.28
1.24
1.24
1.28
1.27
1.23
1.22
1.27
1.30
1.24
1.21
1.24
1.32
1.25
1.20
1.22
1.32
1.27
1.20
1.20
1.29
1.32
1.21
1.19
1.25
1.33
1.23
1.19
1.24
1.33
1.26
1.19
1.20
1.29
1.31
1.21
1.19
1.24
1.33
1.24
1.20
1.21
1.32
1.27
1.20
1.20
1.28
1.30
1.22
1.20
1.27
1.31
1.23
1.21
1.23
1.30
1.25
1.22
1.23
1.29
1.27
1.24
1.24
1.30
1.28
1.26
1.26
1.32
1.29
1.26
1.27
1.31
1.30
1.27
1.30
1.32
1.31
1.30
1.34
1.34
1.32
1.32
1.37
1.35
1.33
1.35
1.39
1.36
1.35
1.40
1.39
1.37
1.41
1.42
1.39
1.41
1.45
1.42
1.43
1.48
1.45
1.45
1.50
1.48
1.48
1.53
1.50
1.53
1.55
1.53
1.56
1.57
1.57
1.60
1.59
1.61
1.62
1.65
1.83
1.85
1.87
1.88
1.87
1.86
1.84
1.83
1.85
1.87
1.88
1.90
1.93
1.95
1.94
1.92
1.89
1.89
1.92
1.94
2.03
2.25
2.29
2.24
2.21
2.19
2.19
2.17
2.20
2.22
2.25
2.28
2.31
2.35
2.07
2.05
1.71
1.68
1.66
1.66
1.68
1.69
1.69
6.458369 -13.413457 -2.757136
