1 360
1.25
1.25
1.25
1.25
1.25
1.25
1.25
1.25
1.26
1.26
1.26
1.26
1.26
1.26
1.27
1.27
1.27
1.27
1.27
1.28
1.28
1.25
1.25
1.26
1.26
1.27
1.28
1.31
1.31
1.32
1.32
1.32
1.32
1.32
1.33
1.35
1.33
6.29
6.15
5.86
4.63
4.50
4.51
4.56
4.57
4.57
4.59
4.77
4.72
4.61
4.53
4.44
4.37
4.29
4.22
4.12
4.05
3.93
3.87
3.88
3.91
4.51
4.31
4.26
3.82
3.74
81.91
81.91
81.91
81.91
81.91
3.89
8.20
3.39
3.37
2.97
2.95
2.96
2.99
1.68
1.67
1.63
1.63
1.64
1.65
1.67
1.68
1.70
1.70
1.67
1.67
1.68
1.69
1.70
2.94
2.97
2.99
3.01
3.08
3.13
5.69
5.72
7.32
7.27
2.09
2.02
2.02
1.97
1.97
1.97
2.01
2.03
2.03
1.99
1.99
1.97
1.97
1.94
1.94
1.96
1.99
2.01
2.04
2.07
2.10
2.19
2.45
2.65
2.63
2.62
2.63
2.65
9.02
9.17
4.03
4.02
4.01
3.98
3.97
3.95
3.95
3.91
3.58
3.50
3.50
3.51
3.75
3.87
3.96
4.06
4.17
4.28
4.41
4.53
4.70
4.81
4.82
4.91
5.56
5.76
5.99
6.15
6.17
5.95
5.83
5.82
5.79
5.75
5.74
5.79
5.76
5.69
10.62
10.68
10.79
12.19
12.45
14.05
16.07
16.41
16.59
16.57
16.57
16.56
16.56
16.55
16.57
16.56
16.57
16.56
16.56
16.56
16.60
16.70
16.65
16.17
15.21
13.68
10.74
10.70
10.67
10.65
9.36
9.24
8.80
7.93
7.90
6.38
6.25
6.26
6.27
6.21
6.22
6.31
6.19
5.94
5.63
5.02
4.86
4.85
4.76
4.62
4.50
4.38
4.26
4.16
4.06
3.97
3.89
3.72
3.55
3.54
3.57
3.57
3.74
3.77
3.80
3.92
4.20
4.21
7.10
7.12
7.16
7.18
2.77
2.70
2.69
2.70
2.71
2.75
2.32
2.22
2.15
2.12
2.09
2.07
2.03
2.01
1.97
1.95
1.91
1.89
1.87
1.85
1.82
1.80
1.79
1.79
1.82
1.82
1.83
1.83
1.86
1.87
1.90
1.90
1.91
1.91
1.94
1.93
1.91
1.89
1.88
1.87
1.85
1.85
1.98
2.34
2.38
2.40
2.43
2.44
2.49
2.51
2.56
2.57
2.62
2.64
2.68
2.71
2.76
2.78
2.83
2.86
2.92
2.94
3.00
3.04
3.10
3.14
3.20
3.28
3.55
3.58
3.84
1.56
1.54
1.54
1.52
1.50
1.28
1.26
1.26
1.25
1.25
1.25
1.24
1.24
1.24
1.23
1.23
1.22
1.21
1.19
1.21
1.21
1.21
1.21
1.20
1.20
1.19
1.19
1.19
1.19
1.19
1.19
1.19
1.19
1.19
1.19
1.18
1.18
1.18
1.18
1.18
1.17
1.17
1.17
1.17
1.17
3.197263 2.986011 -0.602489
