1 360
1.16
1.18
1.18
1.18
1.18
1.19
1.19
1.21
1.21
1.22
1.24
1.23
1.24
1.25
1.26
1.26
1.27
1.28
1.29
1.31
1.31
1.32
1.33
1.33
1.35
1.35
1.36
1.39
1.39
1.42
1.41
81.91
81.91
81.91
81.91
81.91
81.91
81.91
81.91
81.91
81.91
81.91
81.91
81.91
81.91
81.91
81.91
0.31
0.32
0.32
81.91
81.91
81.91
81.91
81.91
1.87
1.87
1.89
1.92
1.94
1.97
2.01
2.03
2.07
2.10
2.14
2.17
2.21
2.24
2.28
2.32
2.36
2.41
2.46
2.52
2.56
2.61
2.68
2.69
2.76
3.93
3.93
3.94
3.43
3.60
3.94
3.93
3.95
3.71
3.67
3.67
3.72
3.86
3.89
3.88
3.88
3.87
3.86
3.85
3.73
3.73
3.72
3.70
3.04
3.07
3.68
3.69
3.70
3.68
3.67
3.68
3.67
3.66
3.68
3.67
3.66
3.66
3.67
3.66
3.65
3.67
3.66
3.66
3.67
3.65
3.64
3.67
3.67
3.76
3.76
3.76
3.79
3.79
3.79
3.79
3.80
3.80
3.80
3.81
3.81
3.81
3.82
3.82
3.83
3.84
3.74
3.73
3.74
3.75
3.76
3.76
3.79
3.81
3.81
3.81
2.79
2.65
2.86
3.85
3.87
3.90
3.87
3.90
2.49
3.92
3.94
2.01
1.98
1.95
1.96
1.96
4.06
4.15
2.08
1.96
1.94
1.96
1.97
1.98
2.24
2.92
4.32
4.34
2.68
2.66
4.34
1.27
1.25
1.25
1.60
4.42
2.74
2.73
4.48
4.52
4.55
4.56
4.59
4.63
4.66
4.68
3.25
3.21
4.78
4.86
4.99
1.76
1.76
2.36
2.37
5.21
1.33
1.30
1.28
1.27
5.29
5.34
5.38
5.44
5.49
3.44
5.60
4.01
4.02
3.00
2.97
2.94
2.98
1.56
3.94
3.87
4.43
6.43
4.47
4.73
4.74
6.65
3.58
6.43
6.41
3.60
3.58
3.62
6.26
6.23
4.23
6.17
6.16
81.91
81.91
4.27
4.27
6.02
3.88
5.97
5.96
5.94
5.91
5.88
5.88
5.86
1.31
1.28
5.79
5.77
5.75
5.74
3.81
3.91
4.09
3.92
5.72
0.86
0.78
0.70
0.70
0.71
0.71
0.72
0.71
0.71
0.71
0.70
0.69
0.67
0.68
0.67
1.59
1.58
1.59
1.76
2.26
2.25
2.25
2.34
3.83
2.31
2.21
2.21
2.21
2.19
6.03
5.99
6.01
5.71
5.66
6.51
3.54
3.13
3.01
2.60
2.57
3.92
6.53
3.65
6.47
3.64
3.85
2.24
2.21
1.82
1.74
1.50
1.54
2.67
6.56
2.35
2.33
2.33
1.04
5.03
5.01
4.98
2.31
2.29
2.30
2.29
4.84
4.82
1.80
4.76
4.75
4.71
4.69
4.68
4.69
4.70
4.72
4.71
9.99
9.79
9.63
9.44
9.28
9.11
8.97
3.86
3.83
3.84
81.91
32.932722 -16.125014 -2.942359
