1 360
1.66
1.63
1.63
1.59
1.59
1.54
1.55
1.51
1.52
1.49
1.49
1.46
1.46
1.47
1.46
1.51
1.50
1.54
1.55
1.51
1.51
1.44
1.49
0.64
0.66
0.64
0.64
0.63
0.63
81.91
81.91
81.91
81.91
81.91
81.91
0.59
81.91
0.60
0.58
0.59
0.60
81.91
81.91
0.62
0.62
81.91
81.91
81.91
81.91
81.91
1.09
1.04
1.04
1.05
1.05
1.02
1.03
1.05
1.06
81.91
1.04
1.09
1.10
1.03
1.03
1.06
1.06
1.01
1.02
1.04
1.04
1.03
1.04
1.01
1.01
1.09
1.09
0.97
0.98
1.03
1.03
1.03
1.04
0.97
0.97
1.07
1.07
0.96
0.98
0.99
0.99
1.04
1.06
0.94
0.96
1.04
1.03
1.01
1.02
0.95
0.95
1.06
1.06
0.97
0.97
0.96
0.96
1.05
1.07
0.95
0.95
1.00
1.00
1.04
1.05
0.94
0.95
1.04
1.05
0.99
0.99
0.94
0.95
1.07
1.06
0.95
0.96
0.98
0.99
1.05
1.05
0.96
0.97
1.05
1.07
1.01
1.01
0.95
0.97
1.06
1.06
0.97
0.99
1.04
1.05
1.03
1.03
0.99
0.99
1.05
1.05
1.02
1.02
1.06
1.07
1.05
1.04
1.04
1.09
1.17
1.17
1.17
1.19
1.19
1.19
1.21
1.22
1.22
1.23
1.23
1.24
1.24
1.24
1.25
1.24
1.23
1.26
1.28
1.29
1.30
1.31
1.31
1.32
1.33
1.34
1.35
1.36
1.36
1.38
1.39
1.40
1.41
1.41
1.43
1.44
1.45
1.46
1.47
1.48
1.49
1.48
1.41
1.42
1.39
1.39
1.42
1.42
1.45
1.47
1.48
1.49
1.50
1.52
1.52
1.56
1.56
1.58
1.58
1.55
1.39
1.36
1.37
1.36
1.34
1.36
1.34
1.33
1.32
1.32
1.31
1.30
1.30
1.30
1.28
1.28
1.30
1.30
1.30
1.27
1.29
1.62
2.37
2.37
2.38
2.38
2.34
2.34
2.07
1.83
1.71
1.70
1.69
1.69
1.68
1.70
1.74
1.77
1.81
1.82
1.81
1.80
1.79
1.79
1.78
1.78
1.79
1.78
1.79
1.79
1.78
1.78
1.76
1.78
1.76
1.76
1.76
1.76
1.76
1.76
1.76
1.76
1.76
1.75
1.75
1.76
1.75
1.75
1.74
1.76
1.75
1.74
1.67
1.65
1.66
1.69
1.62
1.57
1.50
1.45
1.46
1.47
1.47
1.51
1.66
1.76
1.77
1.77
1.77
1.78
1.77
1.77
1.76
1.77
1.78
1.85
2.20
2.21
2.20
2.16
2.06
2.02
1.94
1.90
1.83
1.81
1.83
1.83
1.83
1.83
1.84
1.85
1.87
1.87
1.87
1.88
1.89
1.89
1.90
1.92
1.92
1.93
1.94
1.95
1.95
1.96
1.98
1.93
2.00
2.01
2.00
2.01
81.91
2.04
2.06
2.06
2.07
2.09
2.08
2.11
2.14
32.972912 -4.938184 1.619672
