1 360
1.03
1.03
1.03
1.02
1.02
1.02
1.02
1.01
1.01
1.00
1.00
1.00
1.01
1.00
1.00
0.99
1.00
0.99
1.00
1.00
1.00
1.04
1.04
1.16
1.17
1.14
1.14
1.14
1.14
1.14
1.14
1.18
1.19
1.19
1.20
1.24
1.25
1.25
1.25
1.25
1.25
1.25
1.26
1.26
1.26
1.27
1.26
1.26
1.27
1.27
1.27
1.28
1.29
1.28
1.29
1.29
1.29
1.29
1.30
1.30
1.31
1.31
1.32
1.31
1.31
1.32
1.32
1.32
1.32
1.33
1.33
1.34
1.34
1.34
1.35
1.35
1.36
1.36
1.37
1.37
1.38
1.39
1.39
1.40
1.40
1.40
1.41
1.42
1.43
1.43
1.44
1.45
1.46
1.46
1.47
1.48
1.48
1.49
1.50
1.51
1.52
1.53
1.54
1.55
1.56
1.56
1.58
1.59
1.60
1.61
1.62
1.63
1.64
1.65
1.66
1.73
1.89
9.03
3.71
3.76
4.45
4.34
4.33
8.78
8.70
8.65
8.59
1.84
1.83
1.78
1.78
1.76
1.77
1.79
1.82
1.92
1.95
1.96
1.98
2.02
2.04
2.06
2.09
2.12
2.14
2.17
2.20
2.23
2.25
2.30
2.33
2.36
2.38
2.43
2.47
2.51
2.55
2.60
2.64
2.69
2.73
2.78
2.83
2.88
2.93
3.00
3.02
2.99
3.03
3.21
3.27
3.36
3.43
3.52
3.60
3.70
3.80
3.93
4.02
4.15
4.27
4.37
4.43
5.34
5.32
5.32
5.32
5.32
5.70
5.75
5.77
5.77
5.78
6.12
7.27
7.28
7.28
7.27
7.30
7.28
7.28
7.26
7.27
7.26
7.26
7.23
7.33
9.42
9.42
9.40
9.41
9.39
9.40
9.42
9.43
9.40
9.43
9.54
9.58
9.60
10.21
7.36
7.29
7.26
7.28
7.29
7.30
7.30
7.32
7.32
7.33
7.31
7.32
7.33
7.33
7.14
6.10
5.84
5.81
5.82
5.83
5.78
5.61
5.37
5.40
5.38
5.37
5.38
5.41
4.56
4.46
4.39
4.28
4.18
4.09
4.00
3.91
3.81
3.73
3.64
3.57
3.50
3.45
3.38
3.32
3.18
3.13
3.12
3.14
3.08
3.04
2.98
2.94
2.90
2.86
2.81
2.78
2.74
2.70
2.67
2.64
2.60
2.58
2.54
2.51
2.47
2.43
2.41
2.39
2.36
2.33
2.30
2.29
2.25
2.24
2.22
2.20
2.16
2.15
2.13
2.11
2.09
1.98
1.97
1.96
1.96
1.97
1.94
1.92
1.90
1.89
1.89
1.88
1.86
1.84
1.84
1.82
1.81
1.80
1.79
1.78
1.77
1.75
1.75
1.73
1.72
1.71
1.70
1.69
1.69
1.68
1.67
1.66
1.65
1.64
1.64
1.63
1.62
1.61
1.60
1.60
1.59
1.58
1.58
1.58
1.57
1.56
1.56
1.55
1.55
1.54
1.52
1.52
1.52
1.52
1.51
1.51
1.51
1.51
1.50
34.977749 -15.655636 -2.880424
