1 360
0.43
0.44
0.44
0.44
0.43
0.43
0.42
0.42
0.42
0.42
0.42
0.43
0.42
0.42
0.43
0.43
0.43
0.44
0.43
0.43
0.43
0.43
0.43
0.43
0.43
0.43
0.43
0.43
0.44
0.43
0.44
0.44
0.44
0.44
0.43
0.44
0.43
0.44
0.43
0.44
0.44
0.44
0.44
0.43
0.43
0.45
0.45
0.45
0.45
0.44
0.46
0.45
0.46
0.45
0.46
0.46
0.46
0.46
0.46
0.47
0.47
0.47
0.46
0.47
0.47
0.47
0.48
0.47
0.47
0.65
0.60
1.20
1.18
1.17
1.18
1.14
1.14
1.12
1.12
1.09
1.10
1.08
1.08
1.05
1.05
1.03
1.02
1.02
1.02
0.98
0.99
0.97
0.97
0.96
0.96
0.95
0.95
0.92
0.92
0.91
0.91
0.89
0.88
0.89
0.90
0.92
0.93
0.94
0.95
0.95
0.96
0.97
0.99
1.00
1.01
1.03
1.04
1.08
1.16
1.17
1.18
1.16
1.16
1.14
1.15
1.13
1.13
1.12
1.13
1.10
1.11
1.09
1.09
1.08
1.10
1.08
1.08
1.07
1.08
1.08
1.11
1.13
1.14
1.17
1.20
1.23
1.24
1.26
1.31
1.33
1.36
1.38
1.43
1.46
1.51
1.55
1.58
2.77
2.99
3.18
3.22
3.20
3.20
3.19
3.19
3.17
2.99
2.91
2.90
2.91
2.92
3.07
3.13
3.12
3.13
3.11
3.12
3.11
3.11
3.11
3.11
3.10
3.10
3.09
3.10
3.09
3.09
3.08
3.09
3.08
3.08
2.94
2.96
2.95
2.97
2.94
2.98
2.95
2.96
2.95
2.96
2.95
2.95
2.98
2.90
2.47
2.45
2.87
2.97
2.97
2.99
2.96
1.42
1.40
1.40
1.40
1.69
2.17
2.22
2.20
2.19
2.06
2.04
2.08
2.14
2.20
2.19
2.21
2.38
2.87
1.20
1.12
1.09
1.06
0.96
0.90
0.88
0.87
0.91
81.91
0.81
0.80
81.91
81.91
81.91
81.91
81.91
81.91
81.91
81.91
81.91
81.91
81.91
0.65
0.63
0.63
0.62
0.62
0.60
0.60
0.59
0.58
0.58
0.57
0.55
0.54
0.56
0.56
0.54
0.54
0.56
0.54
81.91
81.91
81.91
81.91
81.91
81.91
81.91
81.91
81.91
81.91
81.91
81.91
81.91
81.91
81.91
81.91
81.91
81.91
81.91
81.91
81.91
81.91
81.91
81.91
81.91
81.91
81.91
81.91
81.91
81.91
81.91
81.91
81.91
81.91
81.91
81.91
81.91
81.91
81.91
81.91
81.91
81.91
81.91
81.91
81.91
81.91
81.91
81.91
81.91
81.91
81.91
81.91
81.91
81.91
81.91
81.91
81.91
81.91
81.91
81.91
81.91
81.91
81.91
81.91
81.91
81.91
81.91
81.91
81.91
81.91
81.91
81.91
81.91
81.91
81.91
81.91
81.91
81.91
81.91
81.91
81.91
81.91
81.91
81.91
81.91
81.91
81.91
81.91
9.499205 -16.494332 -1.010181
