1 360
2.77
5.25
2.72
5.19
81.91
2.50
81.91
81.91
2.31
2.29
2.28
2.29
2.28
2.25
2.24
2.22
2.20
2.18
2.17
2.15
2.14
2.11
2.10
2.09
2.08
1.05
1.24
1.04
1.04
1.05
1.06
1.08
1.97
1.97
1.96
1.94
1.93
1.92
1.90
1.90
1.89
1.88
1.87
1.86
1.85
1.85
1.84
1.83
1.82
1.81
1.81
1.81
1.80
1.79
1.77
1.67
1.66
1.70
1.74
1.74
1.73
1.73
1.75
1.77
1.80
2.18
2.42
3.06
2.55
3.89
3.86
3.99
2.59
2.54
2.54
3.97
3.95
4.06
3.95
5.38
2.58
2.55
2.59
2.57
2.61
3.69
3.11
3.38
3.53
2.97
2.74
2.72
2.71
2.70
2.71
2.72
2.81
2.85
2.87
2.90
5.91
2.20
2.07
2.09
2.00
2.05
2.00
2.06
2.03
2.11
2.23
2.21
2.20
2.20
2.19
2.20
2.21
2.23
2.27
2.29
3.75
3.76
3.79
3.81
3.83
3.84
3.85
1.71
1.66
1.62
1.56
1.56
1.56
1.57
1.95
1.76
1.71
1.61
1.54
1.49
1.44
1.40
1.37
1.34
1.31
1.29
1.27
1.25
1.22
1.19
1.19
1.18
1.18
1.18
1.19
1.19
1.19
1.19
1.19
1.20
1.20
1.22
1.22
1.23
1.23
1.24
0.92
0.87
0.87
0.86
0.85
0.85
0.84
0.82
0.81
0.80
0.80
0.79
0.79
0.80
0.81
0.82
0.97
1.43
1.44
1.46
1.47
1.48
1.49
1.50
1.51
1.52
1.53
1.54
1.25
1.16
1.17
1.18
1.55
1.62
1.64
1.66
1.67
1.69
1.69
1.71
1.73
1.75
1.83
1.93
1.93
2.05
2.90
2.89
2.87
2.85
2.85
2.83
2.80
2.80
2.78
2.75
2.72
2.68
2.67
2.65
2.63
2.61
2.59
2.57
2.56
2.55
2.53
2.51
2.49
2.46
2.43
2.42
2.41
2.40
2.37
2.35
2.31
2.29
2.27
2.26
2.26
2.26
1.69
1.66
1.65
1.65
1.64
1.65
1.64
1.63
1.63
1.62
1.37
1.24
1.17
1.17
1.17
1.16
1.17
1.16
1.16
1.17
1.16
1.15
1.15
1.15
1.15
1.16
1.30
1.59
1.59
1.59
1.58
1.59
1.58
1.58
1.39
1.39
1.58
1.59
1.58
1.59
1.59
1.59
1.59
1.59
1.59
1.59
1.59
1.60
1.58
1.54
1.45
1.35
1.26
1.25
1.30
1.32
1.32
1.32
1.31
1.30
1.29
1.29
1.29
1.29
1.28
1.28
1.27
1.29
81.91
81.91
1.31
1.27
1.28
1.27
1.28
1.27
1.27
1.26
1.27
1.27
1.31
1.47
1.69
1.74
1.75
1.76
1.78
1.79
1.79
1.81
1.81
1.82
1.82
1.83
1.84
1.80
1.77
1.52
81.91
1.71
1.69
1.67
1.66
1.64
1.62
1.59
1.57
1.57
1.55
1.52
1.51
1.55
28.525606 -22.535232 1.408858
