1 360
0.77
0.77
0.78
0.77
0.77
0.77
0.77
0.76
0.77
0.78
0.78
0.77
0.77
0.77
0.78
0.78
0.79
0.78
0.78
0.78
0.80
0.79
0.81
0.80
0.80
0.81
0.80
0.81
0.80
0.81
0.82
0.82
0.82
0.82
0.81
0.81
0.83
0.82
0.84
0.83
0.85
0.84
0.86
0.85
0.86
0.86
0.87
0.87
0.86
0.86
0.86
0.87
0.87
0.88
0.88
0.88
0.90
0.90
0.91
0.91
0.93
0.91
0.92
0.93
0.95
0.93
0.93
0.93
0.93
0.91
0.90
0.89
0.90
0.90
0.91
0.91
0.91
0.94
0.97
0.97
0.98
0.98
0.99
1.00
1.01
1.02
1.04
1.03
1.06
1.06
1.07
1.07
1.09
1.10
1.11
1.12
1.13
1.13
1.16
1.16
1.19
1.19
1.21
1.21
1.24
1.24
1.26
1.27
1.30
1.30
1.34
1.34
1.37
1.37
1.41
1.42
1.46
1.47
1.51
1.51
1.57
1.57
1.62
1.62
1.68
1.68
1.74
1.75
1.82
1.82
1.90
1.90
1.98
1.98
2.09
2.09
2.09
2.09
10.18
10.20
11.48
11.52
2.36
2.36
2.36
2.35
2.35
2.34
2.34
2.33
2.31
2.28
2.08
2.08
2.31
2.31
2.31
2.30
2.30
2.29
2.30
2.29
2.30
2.30
2.77
2.79
2.80
2.80
3.56
3.57
3.62
3.61
3.61
3.59
3.65
3.65
3.59
3.59
3.61
3.60
3.62
3.61
3.63
3.63
3.65
3.63
3.65
3.65
3.58
3.58
3.61
3.60
3.61
3.61
3.63
3.62
3.64
3.64
3.65
3.64
3.68
3.67
1.94
1.94
1.95
1.93
3.71
3.71
3.74
3.73
3.76
3.75
3.80
3.80
3.81
3.80
3.79
3.75
3.86
3.85
3.85
3.85
3.90
3.89
3.93
3.91
3.05
3.04
4.02
4.01
1.79
1.76
4.08
4.07
81.91
81.91
4.18
4.18
2.22
2.22
2.21
2.20
2.25
2.23
4.36
4.36
1.38
1.38
2.11
2.10
2.11
2.11
4.60
4.59
4.65
4.65
4.72
4.72
4.79
4.79
2.26
2.25
4.97
4.98
5.02
5.02
5.06
5.05
6.53
6.52
0.53
0.51
0.52
0.51
0.53
0.53
0.53
0.52
0.55
0.53
5.31
0.52
5.99
5.99
5.93
5.93
5.73
5.73
5.66
5.65
3.18
3.15
3.35
3.36
3.08
3.08
0.58
5.43
0.59
0.58
0.58
0.59
0.58
0.59
5.36
81.91
5.30
5.31
5.27
5.27
5.23
5.23
5.20
5.19
5.04
5.03
2.98
2.99
2.94
2.93
1.17
1.16
1.16
1.16
1.22
1.19
4.89
4.88
1.26
1.28
1.27
1.26
4.85
4.89
4.90
4.90
3.32
4.88
4.86
4.86
4.87
4.87
4.86
4.86
4.85
4.85
2.91
2.86
2.94
2.95
4.72
4.72
4.77
4.74
81.91
0.84
81.91
81.91
4.77
4.84
33.621766 -18.197688 1.620377
