1 360
5.31
4.50
4.49
4.44
4.46
4.46
4.45
4.56
4.58
4.71
4.72
4.80
4.81
4.84
4.84
4.80
4.80
4.80
4.80
4.78
4.78
4.74
4.73
4.71
4.71
4.67
4.67
4.65
4.64
4.59
4.64
4.71
7.52
7.56
7.55
7.74
7.76
9.20
9.19
9.86
9.99
10.54
10.56
11.91
11.90
11.67
11.64
11.47
11.46
16.40
16.34
16.45
16.55
19.66
19.85
4.36
4.36
4.39
4.40
4.39
4.39
4.40
4.40
4.39
4.39
4.39
4.39
4.39
4.39
4.36
4.36
4.10
3.98
3.18
2.96
2.39
2.38
2.00
2.01
1.85
1.85
1.63
1.64
1.47
1.47
1.34
1.35
1.28
1.29
1.29
1.30
1.30
1.30
1.29
1.29
1.31
1.32
1.32
1.32
1.33
1.34
1.26
1.27
1.26
1.26
1.25
1.26
1.21
1.21
1.14
1.15
1.12
1.12
1.07
1.08
0.94
0.95
0.91
0.91
0.86
0.87
0.87
0.87
0.88
0.88
0.90
0.91
0.92
0.95
0.91
0.92
0.94
0.94
0.91
0.92
0.90
0.91
0.95
0.95
0.99
1.00
1.02
1.04
1.10
1.11
1.18
1.19
1.23
1.24
1.32
1.33
1.39
1.41
1.48
1.51
1.60
1.62
1.67
1.67
1.89
1.92
1.99
1.99
2.02
2.04
2.06
2.07
2.11
2.12
2.15
2.17
2.05
2.05
2.04
2.09
2.17
2.19
2.23
2.25
2.29
2.31
2.35
2.37
2.27
2.30
2.34
2.44
2.49
2.57
2.58
2.63
2.64
2.69
2.90
2.94
2.93
2.97
2.91
2.95
2.91
2.94
2.93
2.93
2.91
2.91
2.86
2.68
2.63
2.72
2.87
2.87
2.86
2.86
2.84
2.84
2.91
2.96
3.12
3.18
3.36
3.41
3.65
3.73
3.98
4.07
4.36
4.50
4.84
5.00
5.48
5.64
5.94
5.94
5.93
5.94
5.93
5.93
5.93
5.92
5.91
5.90
5.93
5.98
5.96
81.91
5.45
5.44
5.46
5.46
5.46
5.47
5.46
5.48
5.93
5.91
5.92
5.93
5.93
5.94
5.94
5.94
5.95
5.97
5.94
5.21
5.19
5.99
6.00
6.01
6.02
6.04
6.15
3.44
3.43
3.44
6.16
6.12
6.01
0.45
0.44
0.44
0.43
0.44
0.43
0.44
0.43
0.44
0.44
0.45
0.45
0.45
0.44
0.46
0.45
0.46
0.44
0.50
0.49
0.51
0.51
0.53
0.52
0.53
0.53
0.54
0.53
0.55
0.53
0.54
0.54
0.55
0.55
0.56
0.54
0.55
0.54
0.57
0.56
0.57
0.56
0.57
0.57
0.59
0.59
0.60
0.60
0.60
0.61
0.62
0.61
0.62
0.61
0.63
0.63
0.64
0.64
0.66
0.66
0.67
0.67
0.66
0.67
0.68
0.68
0.70
0.70
0.71
0.71
0.73
0.73
0.75
0.75
0.76
0.76
0.78
0.77
0.79
0.80
0.81
0.83
38.679972 -12.918226 1.979803
