1 360
4.34
4.07
4.17
4.40
4.40
4.39
4.39
4.39
4.38
4.38
4.33
4.30
4.18
4.18
4.36
4.36
4.36
4.36
4.36
4.36
4.35
4.36
3.82
3.64
3.64
3.64
3.63
3.63
3.63
3.63
3.63
3.81
4.18
4.10
2.79
2.69
2.69
2.69
2.70
2.69
2.79
2.78
2.99
3.16
3.15
3.16
3.17
3.17
2.64
2.39
1.97
1.95
1.91
1.87
1.82
1.88
1.84
1.82
1.71
1.84
1.81
1.77
1.76
1.77
1.73
81.91
81.91
81.91
81.91
0.75
0.70
0.69
0.68
0.68
0.67
0.66
0.65
0.66
0.66
0.65
0.64
0.64
0.64
0.64
0.64
0.64
0.64
0.64
0.63
0.63
0.64
0.63
0.63
0.62
0.61
0.62
0.61
0.60
0.62
0.63
0.63
0.63
0.63
0.64
0.64
0.64
0.64
0.64
0.63
0.64
0.64
0.64
0.64
0.66
0.65
0.65
0.67
0.67
0.68
0.69
0.69
0.70
0.74
0.79
81.91
81.91
81.91
1.06
1.10
1.09
1.08
1.08
1.07
1.06
1.06
1.05
1.05
1.04
1.03
1.03
1.02
1.02
1.02
1.02
1.01
1.00
1.00
0.99
0.99
0.98
0.98
0.97
0.97
0.96
0.96
0.95
0.95
0.94
0.94
0.94
0.94
0.94
0.94
0.94
0.94
0.93
0.93
0.93
0.93
0.93
0.92
0.92
0.92
0.91
0.91
0.91
0.91
0.90
0.91
0.91
0.90
0.90
0.89
0.89
0.89
0.89
0.89
0.89
0.89
0.89
0.88
0.89
0.89
0.88
0.88
0.89
0.89
0.89
0.89
0.89
0.87
0.85
0.81
0.80
0.81
0.80
0.80
0.82
0.87
0.84
4.93
4.84
6.36
9.07
9.07
9.08
9.13
9.20
9.21
9.22
9.22
9.26
9.27
9.25
9.20
9.23
9.19
8.85
8.60
3.75
3.70
3.64
3.61
3.66
3.68
3.70
3.69
3.70
3.72
3.73
3.74
3.76
3.79
3.76
3.76
3.76
3.70
3.65
3.65
3.67
3.69
3.70
3.71
3.72
3.80
3.96
4.00
4.02
4.03
4.05
4.07
4.10
4.11
4.14
4.15
4.18
4.21
4.22
4.26
4.29
4.31
4.34
4.36
4.39
4.41
4.44
4.47
4.50
4.53
4.57
4.57
4.60
4.59
4.53
4.51
4.45
4.47
4.43
4.39
4.35
4.31
4.28
4.24
1.34
1.32
1.31
1.30
1.29
1.24
1.21
1.19
1.18
1.18
1.18
1.17
1.16
1.16
1.15
1.15
1.16
1.15
1.15
1.15
1.14
1.13
1.12
1.12
1.12
1.12
1.11
1.10
1.10
1.09
1.09
1.08
1.08
1.08
1.07
1.07
1.06
1.06
1.06
1.05
1.05
1.05
1.05
1.05
1.04
1.05
1.04
1.04
1.04
1.04
1.03
1.03
1.02
1.02
1.02
1.02
1.02
1.01
1.01
1.01
1.01
1.01
1.01
1.00
1.00
1.00
0.99
32.071061 -18.830703 2.013254
