1 360
1.90
1.90
1.90
1.89
1.91
1.93
1.93
1.94
1.94
1.96
1.96
2.13
2.14
3.90
3.93
3.96
3.96
2.10
2.09
4.03
4.03
2.98
2.94
2.83
2.82
2.77
2.76
2.72
2.71
2.67
2.66
2.63
2.62
2.59
2.58
2.54
2.53
2.49
2.47
2.46
2.47
2.39
2.39
2.42
2.42
2.45
2.45
2.51
2.51
2.58
2.59
2.64
2.64
2.68
2.69
2.72
2.74
2.79
2.80
2.85
2.86
2.91
2.92
2.99
3.00
3.02
3.01
2.95
2.94
3.20
3.23
3.32
3.33
3.34
3.39
3.56
3.59
1.90
1.90
81.91
81.91
2.01
2.03
2.08
2.10
2.15
2.35
2.34
4.23
4.43
1.96
4.63
2.68
2.63
2.63
4.36
3.71
3.58
3.57
3.62
3.65
3.66
3.60
3.30
3.24
3.21
3.21
3.14
3.14
1.44
3.16
2.89
2.84
2.78
2.79
2.78
2.79
1.72
1.71
1.72
1.67
1.67
1.68
81.91
2.97
3.00
2.97
5.16
5.16
5.15
5.13
5.14
4.99
4.97
5.15
4.65
4.69
5.03
5.05
5.03
5.04
4.33
4.22
4.21
4.22
4.22
4.24
4.25
4.26
4.25
4.25
4.24
4.25
4.27
4.19
4.16
4.18
4.17
4.19
4.19
4.20
4.22
4.21
3.27
3.29
3.21
3.22
3.20
3.21
3.21
3.22
3.22
2.27
2.19
2.17
2.11
2.09
2.01
1.98
1.92
1.90
1.83
1.82
1.76
1.74
1.70
1.68
1.63
1.61
1.58
1.56
1.52
1.51
1.48
1.45
1.43
1.41
1.38
1.37
1.34
1.33
1.30
1.29
1.25
1.24
1.21
1.20
1.19
1.19
1.16
1.15
1.13
1.13
1.10
1.11
1.09
1.09
1.07
1.07
1.05
1.05
1.03
1.03
1.02
1.01
1.00
0.99
0.99
0.99
0.96
0.88
0.81
0.81
0.79
0.79
0.78
0.77
0.76
0.75
0.74
0.75
0.73
0.73
0.72
0.73
0.72
0.74
0.74
0.79
0.76
0.74
0.73
0.72
0.72
0.72
0.71
0.69
0.69
0.69
0.68
0.67
0.67
0.66
0.67
0.65
0.66
0.66
0.66
0.66
0.65
0.65
0.64
0.64
0.64
0.65
0.66
0.65
0.65
0.65
0.65
0.73
0.73
0.63
0.61
0.59
0.58
0.58
0.58
81.91
81.91
81.91
81.91
0.57
0.56
0.58
0.58
0.58
0.57
0.59
0.56
0.58
0.58
0.57
0.57
0.58
0.57
0.57
0.56
0.57
0.57
0.58
0.56
0.57
0.57
0.56
0.57
0.56
0.56
0.56
0.56
0.56
0.56
0.59
0.57
0.57
0.55
0.56
0.57
0.54
0.55
0.55
0.57
0.58
0.58
0.57
0.57
0.57
0.57
0.58
0.57
0.57
0.58
0.58
0.58
0.58
0.58
0.59
0.59
0.58
0.58
0.58
0.59
0.58
0.58
0.59
0.58
0.59
0.59
0.59
0.60
9.273148 -12.935457 -0.096578
