1 360
0.34
0.33
0.32
0.33
0.34
0.33
0.33
0.33
0.33
0.33
0.33
0.33
0.33
0.33
0.33
0.33
0.33
0.33
0.34
0.33
0.33
0.34
0.33
0.33
0.33
0.33
0.33
0.34
0.33
0.34
0.33
0.34
0.34
0.34
0.34
0.34
0.33
0.33
0.34
0.33
0.34
0.34
0.34
0.32
0.33
0.34
0.33
0.34
0.34
0.33
0.34
0.35
0.34
0.34
0.35
0.35
0.35
0.35
0.35
0.35
0.35
0.36
0.36
0.36
0.35
0.36
0.35
0.36
0.36
0.36
0.36
0.36
0.36
0.37
0.36
0.37
0.37
0.38
0.38
0.38
0.38
0.38
0.39
0.38
0.38
0.38
0.38
0.39
0.39
0.39
0.38
0.39
0.40
0.40
0.40
0.40
0.41
0.41
0.42
0.41
0.42
0.42
0.43
0.43
0.43
0.44
0.44
0.45
0.46
0.46
0.47
0.48
0.48
0.49
0.49
0.49
0.49
0.50
0.50
0.50
0.52
0.52
0.52
0.53
0.53
0.54
0.53
0.46
0.47
0.42
0.43
0.42
0.43
0.44
0.46
0.43
0.43
0.40
0.40
0.40
0.41
0.42
0.42
0.46
0.45
0.43
0.44
0.47
0.48
0.49
0.48
0.48
0.49
0.53
0.52
0.53
0.54
0.56
0.56
0.58
0.60
0.61
0.61
0.65
0.66
0.68
0.69
0.72
0.73
0.76
0.78
0.80
0.82
0.88
0.89
0.93
0.95
1.02
1.03
1.10
1.13
1.26
1.34
2.14
2.06
1.87
1.87
1.87
1.87
2.03
2.14
2.43
2.58
3.01
3.02
2.13
2.06
2.02
2.01
2.01
2.00
2.00
2.00
2.00
2.00
2.01
2.01
2.00
2.01
2.00
2.00
2.00
2.00
2.01
2.01
2.01
2.01
2.01
2.02
2.02
2.03
2.03
2.03
2.04
2.04
2.05
2.05
2.05
2.06
2.06
2.06
2.07
2.08
2.09
2.10
2.10
2.11
2.11
2.12
2.13
2.14
2.15
2.15
2.16
2.17
2.17
2.19
2.20
2.21
2.24
2.25
2.25
2.25
2.26
2.27
2.28
2.29
2.30
2.31
2.32
2.33
2.34
2.35
2.37
2.38
2.40
2.41
2.44
2.44
2.46
2.47
2.49
2.50
2.52
2.53
2.56
2.57
2.59
2.61
2.63
2.66
2.68
2.70
2.72
2.74
2.95
3.01
4.25
4.28
4.31
4.28
4.26
4.27
4.49
4.52
4.56
4.59
4.65
4.68
4.75
4.76
4.50
4.37
4.28
4.28
4.30
4.30
4.46
0.92
0.91
0.91
0.91
0.91
0.92
5.51
4.22
4.18
4.18
5.80
5.91
5.93
1.03
1.02
5.99
5.98
5.93
5.91
5.88
5.86
5.83
5.82
5.78
5.77
1.47
1.46
5.71
5.68
1.57
1.56
1.55
1.54
1.60
4.79
4.81
4.82
4.87
4.87
1.62
1.61
1.59
1.60
1.61
2.46
5.03
5.05
81.91
81.91
81.91
5.16
1.79
28.827067 -18.998510 -1.826804
