1 360
0.80
0.81
0.83
0.82
0.84
0.83
0.81
0.80
0.82
0.80
0.81
0.82
0.82
0.82
0.82
0.82
0.82
0.82
0.83
0.83
0.81
0.81
0.83
0.84
0.83
0.83
0.83
0.83
0.83
0.83
0.84
0.83
0.83
0.84
0.85
0.85
0.85
0.85
0.85
0.86
0.85
0.96
1.06
1.09
1.06
1.02
1.02
1.03
1.03
1.04
1.05
1.05
1.05
1.05
1.05
1.04
1.04
0.90
0.82
0.81
0.82
0.83
0.82
0.83
0.84
0.85
0.84
0.85
0.87
0.87
0.88
0.87
0.88
0.89
0.88
0.90
0.90
0.91
0.92
0.93
0.93
0.93
0.94
0.95
0.96
0.96
0.99
0.99
1.00
1.00
1.03
1.03
1.03
1.04
1.06
1.07
1.23
1.60
1.61
1.63
1.65
1.66
1.69
1.70
1.72
1.72
1.76
1.78
1.80
1.82
1.84
1.86
1.89
1.91
1.95
1.91
1.65
1.60
1.60
1.57
1.55
1.53
1.53
1.52
1.51
1.50
1.49
1.47
1.46
1.46
1.46
1.45
1.46
1.48
1.46
1.46
1.46
1.46
1.47
1.48
1.48
1.49
1.50
1.51
1.52
1.53
1.56
1.57
1.60
1.61
1.66
3.31
3.30
3.31
3.30
3.30
3.29
3.29
3.28
3.28
3.28
3.27
3.27
3.26
3.27
3.25
3.26
3.26
3.26
3.26
3.26
3.26
3.26
3.26
3.25
3.25
3.25
3.25
3.26
3.25
3.28
4.60
4.62
4.65
4.58
4.66
4.57
4.54
4.46
4.53
4.46
4.52
4.46
4.53
4.47
4.54
4.46
3.95
3.93
3.49
3.48
4.55
4.49
4.58
4.48
4.56
4.50
4.53
4.63
4.76
4.18
2.99
2.98
2.98
2.99
1.27
1.26
1.26
1.27
1.26
2.81
2.77
2.75
2.77
2.79
2.80
2.81
1.15
1.12
1.09
1.07
1.05
1.03
1.03
1.01
0.99
1.00
1.00
1.00
1.00
0.94
81.91
1.02
1.02
1.03
1.04
1.05
1.05
1.06
1.07
1.07
1.07
1.08
1.08
1.08
1.09
1.10
1.10
1.11
1.12
1.14
1.14
1.16
1.16
1.17
1.17
1.18
1.19
1.20
1.21
1.22
1.23
1.19
1.22
1.77
1.76
1.75
1.72
1.51
1.50
1.54
1.46
1.62
1.62
1.61
1.61
1.59
1.58
1.58
1.57
1.55
1.54
1.54
1.53
1.53
1.52
1.53
81.91
81.91
81.91
81.91
1.39
1.50
1.50
1.49
1.46
1.48
1.48
1.54
1.60
1.62
1.62
1.28
1.27
1.31
1.29
1.29
1.27
1.25
1.28
1.30
1.28
1.28
1.12
0.75
0.73
0.80
0.92
1.19
1.21
4.52
4.55
4.48
4.47
1.97
1.69
1.95
1.98
4.58
1.98
1.96
2.76
2.74
2.74
2.75
2.77
2.72
2.71
2.70
2.30
2.36
2.52
2.36
2.38
1.18
1.17
2.49
2.49
2.60
2.46
34.729345 -19.350757 -2.708319
