1 360
1.74
1.79
1.78
1.85
1.83
1.85
1.83
1.86
1.87
1.29
1.20
1.84
1.83
1.19
1.19
1.56
1.60
1.80
1.80
1.77
1.77
1.80
1.77
1.83
1.73
2.37
2.36
2.39
2.39
2.37
2.37
2.36
2.36
2.36
2.36
2.35
2.35
2.34
2.34
2.34
2.34
2.33
2.33
2.34
2.34
2.34
2.34
2.33
2.33
2.33
2.33
2.34
2.34
2.34
2.34
2.34
2.34
2.35
2.35
2.35
2.35
2.36
2.36
2.37
2.37
2.38
2.38
2.34
2.34
2.35
2.35
2.41
2.41
2.42
2.42
1.11
2.44
1.03
1.02
2.46
2.47
2.47
2.47
2.49
2.49
2.51
2.51
2.52
2.52
2.55
2.55
2.56
2.56
2.59
2.59
2.60
2.59
2.63
2.63
2.65
2.65
2.68
2.68
1.66
1.68
1.58
1.59
1.55
1.55
1.50
1.51
1.49
1.49
1.50
1.51
1.53
1.53
1.55
1.55
1.57
1.57
1.59
1.59
1.61
1.62
1.65
1.64
1.67
1.67
1.69
1.69
1.73
1.73
1.80
1.76
0.74
0.74
0.72
0.72
0.70
0.70
0.69
0.69
0.69
0.70
0.69
0.69
0.69
0.69
0.69
0.69
0.70
0.70
0.72
0.72
0.72
0.73
0.74
0.74
2.05
2.05
2.04
2.04
2.01
2.01
1.99
1.99
1.91
1.91
1.96
1.96
1.94
1.94
1.87
1.87
1.91
1.91
1.89
1.90
1.88
1.88
1.86
1.87
1.84
1.84
1.79
1.80
1.33
1.34
1.37
1.37
1.50
1.48
1.37
1.37
1.37
1.37
1.67
1.66
1.66
1.67
1.67
1.67
1.66
1.66
1.73
1.73
1.65
1.64
1.67
1.67
1.70
1.71
1.63
1.63
1.68
1.68
1.67
1.67
1.63
1.63
1.72
1.72
1.63
1.63
1.65
1.66
1.68
1.69
1.62
1.62
1.70
1.70
1.66
1.66
1.64
1.64
1.72
1.72
1.65
1.65
1.67
1.67
1.71
1.72
1.64
1.65
1.71
1.70
1.71
1.73
1.80
1.80
1.80
1.81
1.81
1.82
1.82
1.83
1.83
1.83
1.84
1.84
1.85
1.85
1.86
1.86
1.87
1.87
1.89
1.89
1.90
1.91
1.89
1.88
1.85
1.85
1.82
1.82
1.78
1.78
1.58
1.56
1.55
1.55
1.67
1.67
1.62
1.63
1.59
1.58
1.53
1.52
1.61
1.64
2.01
2.02
2.05
2.05
2.07
2.07
2.09
2.09
2.11
2.12
2.16
2.16
2.20
2.20
2.23
2.24
2.26
2.26
2.29
2.29
2.33
2.33
2.39
2.40
2.43
2.43
2.51
2.52
2.71
2.71
2.73
2.73
2.66
2.67
2.50
2.50
2.46
2.46
2.42
2.43
2.39
2.39
2.36
2.35
2.32
2.32
3.15
3.15
3.00
3.00
81.91
81.91
81.91
81.91
3.56
3.56
3.67
3.67
81.91
81.91
81.91
81.91
1.82
1.84
81.91
19.848138 -17.724774 -1.446168
