1 360
1.67
1.65
1.64
1.63
1.63
1.64
1.72
1.75
1.75
6.94
6.97
6.97
6.97
6.95
6.88
7.31
6.88
6.84
6.82
6.86
6.93
7.40
7.42
7.45
7.44
6.28
4.28
4.13
4.10
3.98
3.85
3.83
3.80
3.79
3.78
3.79
3.84
3.85
3.83
3.80
3.83
4.00
4.59
4.61
4.63
4.65
4.67
4.68
4.71
4.73
4.75
4.00
3.72
3.68
3.64
3.65
3.68
2.06
2.00
1.98
1.97
1.99
2.00
2.07
2.09
2.10
2.11
2.13
2.15
2.16
2.17
2.19
2.21
2.22
2.24
2.26
2.28
2.29
2.31
2.32
2.35
2.37
2.39
2.41
2.44
2.46
2.50
2.51
2.53
2.57
2.59
2.62
2.64
2.67
2.71
2.73
2.76
2.79
2.83
2.86
2.89
2.93
2.91
2.91
2.96
2.95
2.95
2.93
2.91
2.90
2.92
2.96
3.00
3.05
3.10
3.73
3.78
3.86
3.93
4.00
4.06
4.15
4.23
4.29
11.03
7.97
4.55
4.50
4.50
4.59
4.86
4.97
5.10
5.24
5.37
5.52
5.66
5.84
5.87
5.99
6.31
6.53
6.75
6.98
7.20
7.32
8.19
8.18
8.33
8.63
8.63
8.75
10.14
10.17
10.17
10.18
10.17
10.17
10.16
10.15
10.11
10.09
12.31
12.29
12.29
12.27
12.27
12.27
12.26
12.27
12.43
12.42
10.12
10.08
10.11
10.11
10.11
10.12
10.12
10.10
10.09
8.64
8.55
8.53
8.13
8.08
7.16
6.84
6.43
5.78
5.73
5.67
5.34
5.09
4.88
4.42
4.31
4.26
4.11
3.97
3.85
3.70
3.14
2.83
2.72
2.66
2.63
2.63
2.64
2.65
2.66
2.67
2.66
2.60
2.60
2.59
2.51
2.46
2.42
2.37
2.32
2.28
2.24
2.19
2.16
2.13
2.09
2.05
2.02
1.98
1.96
1.93
1.90
1.88
1.84
1.82
1.79
1.77
1.75
1.74
1.71
1.69
1.67
1.65
1.63
1.62
1.60
1.58
1.56
1.55
1.53
1.52
1.50
1.49
1.44
1.40
1.38
1.37
1.37
1.39
1.39
1.40
1.39
1.37
1.36
1.35
1.34
1.33
1.33
1.32
1.30
1.29
1.29
1.27
1.27
1.26
1.25
1.25
1.24
1.23
1.22
1.21
1.21
1.20
1.19
1.18
1.18
1.18
1.17
1.17
1.16
1.16
1.15
1.15
1.15
1.14
1.13
1.12
1.12
1.11
1.11
1.11
1.10
1.09
1.09
1.08
1.08
1.08
1.07
1.06
1.06
1.06
1.06
1.06
1.06
1.05
1.04
1.05
1.04
1.05
1.05
1.05
1.04
1.04
1.03
1.03
1.03
1.02
1.02
1.02
1.02
1.02
1.02
1.02
1.01
1.01
1.01
1.01
1.01
1.01
1.00
1.00
1.00
1.00
1.00
1.00
1.00
1.00
1.00
1.00
0.99
1.00
1.00
1.00
1.01
1.00
1.00
1.01
1.01
1.00
-2.994295 8.292039 -3.120965
