1 360
1.46
1.45
1.45
1.45
1.45
1.45
1.45
1.45
1.46
1.46
1.46
1.50
4.06
4.06
4.07
4.08
4.09
4.10
4.10
4.11
4.10
4.12
4.12
4.14
4.14
4.15
4.17
4.19
4.20
4.30
4.25
4.24
4.25
4.26
4.30
4.29
4.30
4.32
4.40
4.35
4.68
4.69
4.80
4.66
4.67
4.64
4.63
4.56
4.53
4.47
4.40
4.35
4.29
4.25
1.73
1.70
1.70
1.70
1.71
1.73
1.73
1.74
1.74
1.73
1.74
1.75
1.77
1.78
1.82
3.38
3.34
3.30
3.28
3.23
3.20
3.16
3.13
2.40
2.33
2.31
2.30
2.26
2.25
2.09
2.07
2.06
2.06
2.09
2.10
2.11
2.14
2.17
2.18
2.21
2.24
2.27
2.29
2.21
2.21
2.19
2.17
2.16
2.20
2.23
2.24
2.27
2.30
2.34
2.37
2.41
2.45
2.49
2.53
2.56
2.60
2.65
2.68
2.73
2.78
2.81
2.86
2.94
3.08
3.13
3.20
3.21
3.26
3.47
3.72
3.82
3.91
3.74
3.69
3.81
3.82
3.80
3.79
3.75
3.76
3.73
3.73
3.72
3.72
3.70
3.70
3.67
3.68
3.66
3.66
3.65
3.65
3.63
3.64
3.73
3.94
4.09
4.53
5.11
5.11
5.11
5.11
5.10
5.10
5.09
5.09
5.06
5.09
5.06
5.06
5.06
5.16
5.17
5.16
5.54
5.53
5.51
5.55
5.55
5.54
9.57
6.70
6.66
4.99
4.95
4.96
4.94
4.96
4.94
4.94
4.93
4.94
4.93
4.93
4.92
4.92
4.91
4.92
4.90
4.91
4.90
4.90
4.89
4.90
4.89
4.89
4.87
4.89
4.92
4.94
5.03
5.82
3.05
3.03
5.86
5.89
3.97
2.68
2.67
3.87
2.58
2.53
2.50
2.45
2.40
2.36
2.32
2.28
2.24
2.21
2.17
2.14
2.10
2.08
2.04
2.01
1.98
1.96
1.93
1.91
1.88
1.85
1.83
1.81
1.79
1.77
1.74
1.72
1.70
1.69
1.67
1.66
1.63
1.62
1.59
1.57
1.52
1.50
1.49
1.47
1.47
1.47
1.45
1.44
1.42
1.42
1.41
1.39
1.38
1.37
1.35
1.35
1.34
1.33
1.32
1.31
1.29
1.29
1.28
1.27
1.26
1.25
1.25
1.24
1.23
1.23
1.22
1.21
1.20
1.20
1.19
1.19
1.19
1.18
1.17
1.17
1.16
1.15
1.15
1.14
1.13
1.13
1.12
1.12
1.12
1.12
1.11
1.11
1.10
1.10
1.09
1.09
1.09
1.08
1.07
1.07
1.07
1.06
1.06
1.06
1.06
1.06
1.06
1.06
1.06
1.05
1.05
1.05
1.04
1.04
1.04
1.03
1.03
1.03
1.03
1.03
1.02
1.03
1.03
1.03
1.02
1.02
1.02
1.01
1.01
1.01
1.01
1.01
1.01
0.99
0.99
0.99
0.99
0.99
0.99
0.99
0.99
0.99
0.99
1.01
1.00
32.314387 -24.064197 0.293705
