1 360
1.10
1.03
1.04
1.13
1.17
1.20
1.17
1.14
1.14
1.29
1.30
1.34
1.35
1.39
1.40
1.44
1.45
1.51
1.51
1.38
1.37
1.41
1.37
1.37
1.38
1.43
1.46
1.51
1.53
1.61
1.65
1.70
1.74
1.81
1.84
1.94
1.96
2.07
2.11
2.33
2.45
2.47
2.49
2.45
2.44
2.44
2.49
2.43
2.15
1.65
1.61
1.61
1.60
1.60
1.60
1.60
1.60
1.60
1.60
1.61
1.60
1.63
1.70
2.46
2.46
2.46
2.46
2.46
2.46
2.45
2.46
2.44
2.44
2.47
2.45
2.47
2.47
2.46
2.46
2.49
2.49
2.50
2.51
2.46
2.46
2.51
2.51
2.51
2.51
1.75
1.75
1.74
1.73
1.73
1.73
1.74
1.75
1.77
1.79
2.36
2.61
1.38
1.29
1.28
1.28
1.27
1.28
1.61
1.60
1.60
1.60
1.61
1.61
1.63
1.72
2.77
2.77
2.80
2.80
2.76
2.70
2.60
2.56
2.50
2.48
2.40
2.15
2.31
2.52
2.98
2.98
2.95
2.95
2.98
3.00
3.06
3.01
2.94
2.96
3.02
3.02
3.06
3.08
3.12
3.12
3.31
3.32
3.36
3.37
3.40
3.20
3.03
3.02
3.01
2.98
3.01
3.02
3.14
3.32
3.65
3.64
3.44
3.44
3.34
3.34
3.39
3.43
3.51
3.49
3.61
3.62
3.69
3.70
3.74
3.75
3.76
3.76
3.75
3.74
3.67
3.68
3.72
4.72
4.26
4.29
4.52
4.15
4.12
4.29
5.46
5.47
1.04
1.03
1.02
1.02
2.07
2.06
1.95
1.94
2.01
2.04
2.12
2.14
7.92
7.89
7.85
4.33
3.32
3.28
3.18
3.16
3.11
3.09
3.09
3.09
3.26
3.27
4.59
4.61
4.77
4.75
4.85
4.86
3.18
3.17
5.00
5.00
0.84
0.84
0.87
0.86
0.94
0.95
0.92
0.90
0.95
0.94
1.04
1.04
1.09
1.09
1.21
1.23
1.38
1.40
1.42
1.42
1.43
1.42
1.42
1.42
1.43
1.42
1.44
1.44
1.43
1.44
1.44
1.44
1.44
1.44
1.47
1.46
1.44
1.44
1.45
1.46
1.46
1.48
1.60
1.60
1.48
1.46
1.46
1.46
1.48
1.47
1.47
1.47
1.49
1.48
1.49
1.49
1.50
1.49
1.51
1.50
1.50
1.51
1.52
1.52
1.53
1.53
1.54
1.53
1.54
1.55
1.56
1.55
1.57
1.58
4.34
4.34
5.28
5.34
5.46
5.47
5.51
5.53
5.58
5.59
5.62
3.44
3.37
3.36
3.40
2.76
2.50
2.49
2.45
2.45
2.40
2.40
2.35
2.34
2.31
2.30
2.26
2.26
2.22
2.21
2.18
2.18
2.13
2.12
2.09
2.09
2.28
2.32
2.22
2.20
2.13
2.12
2.16
2.16
2.18
2.17
2.13
2.11
2.10
2.09
2.02
2.01
2.02
2.01
1.99
1.99
1.95
1.96
1.41
4.386105 -4.898489 -0.628207
