1 360
5.45
5.48
5.42
5.44
5.49
5.40
5.32
5.26
5.18
5.12
5.02
4.96
4.90
4.84
4.78
4.73
4.67
4.63
4.57
4.55
4.54
4.24
4.24
4.23
4.18
4.14
4.10
4.06
4.03
4.00
3.95
3.93
3.89
3.85
3.82
3.79
3.73
3.72
3.68
3.64
3.62
3.59
3.56
3.54
3.51
3.48
3.46
3.43
3.42
3.39
3.37
3.33
3.28
3.25
3.25
3.25
3.23
3.22
3.20
3.18
3.17
3.14
3.13
3.12
3.11
3.09
3.08
3.05
3.05
3.03
3.02
3.00
2.99
2.98
2.97
2.95
2.95
2.93
2.93
2.92
2.92
2.90
2.90
2.88
2.88
2.87
2.87
2.85
2.85
2.83
2.83
2.82
2.81
2.80
2.80
2.79
2.79
2.78
2.78
2.77
2.77
2.76
2.77
2.73
2.71
2.71
2.70
4.85
4.85
6.45
6.40
8.24
8.22
8.27
4.45
4.32
4.19
5.12
5.18
7.10
4.71
4.12
4.02
4.09
4.42
6.48
5.55
8.20
8.21
8.21
8.21
8.21
8.22
8.22
8.33
8.34
8.34
8.34
8.34
8.36
8.39
2.89
2.87
2.73
2.74
2.74
2.77
2.78
2.79
2.79
2.81
2.80
2.82
2.82
2.83
2.83
2.85
2.85
2.87
2.87
2.86
2.85
2.87
2.81
2.78
2.74
2.74
2.75
2.77
2.77
2.79
2.78
2.79
2.79
2.83
2.89
3.03
3.06
3.07
3.08
3.09
3.10
3.13
3.13
3.17
3.17
3.19
3.20
3.23
3.24
3.27
3.28
3.30
3.32
3.35
3.36
3.39
3.40
3.44
3.46
3.48
3.50
3.54
3.55
3.60
3.60
3.64
3.65
3.65
3.67
3.68
3.64
3.61
3.59
3.55
3.54
3.55
3.51
3.49
3.46
3.43
3.41
3.38
3.37
3.33
3.30
3.28
3.25
3.19
3.17
3.22
3.25
6.57
6.54
6.46
6.39
6.27
6.29
6.31
6.30
6.29
6.26
6.22
6.19
6.16
6.17
6.23
6.20
6.11
6.06
6.01
6.00
5.98
6.02
6.05
6.01
5.33
5.15
5.12
5.10
5.05
5.03
5.02
5.01
2.77
2.69
2.69
2.70
2.72
2.70
2.70
2.68
1.07
1.06
1.02
1.02
0.75
0.86
0.53
0.53
0.52
0.51
0.52
0.52
0.52
0.51
0.53
0.52
0.53
0.52
0.53
0.53
0.52
0.51
0.52
0.51
0.52
0.51
0.53
0.51
0.50
0.51
0.49
0.48
0.48
0.48
0.48
0.48
0.48
0.48
0.48
0.48
0.48
0.48
0.48
0.48
0.49
0.48
0.48
0.49
0.49
0.49
0.49
0.49
0.49
0.49
0.50
0.49
0.50
0.50
0.50
0.50
0.52
0.51
0.52
0.52
0.52
0.52
0.52
0.52
0.53
0.53
0.53
0.53
0.54
0.54
0.54
0.54
0.54
0.54
0.55
0.54
0.55
0.55
0.55
0.55
0.55
0.55
0.56
0.56
31.198089 -18.393088 2.657011
