1 360
0.93
0.91
0.92
0.90
0.91
0.90
0.90
0.89
0.90
0.89
0.89
0.88
0.88
0.87
0.87
0.86
0.86
0.86
0.85
0.85
0.85
0.84
0.84
0.84
0.84
0.83
0.83
0.82
0.82
0.81
0.81
0.81
0.81
0.81
0.81
0.81
0.80
0.79
0.80
0.80
0.79
0.79
0.78
0.79
0.78
0.78
0.78
0.78
0.78
0.77
0.78
0.77
0.77
0.77
0.77
0.77
0.77
0.77
0.77
0.77
0.77
0.77
0.77
0.76
0.77
0.76
0.77
0.76
0.77
0.76
0.76
0.76
0.76
0.76
0.77
0.76
0.76
0.76
0.76
0.77
0.76
0.77
0.76
0.77
0.77
0.77
0.78
0.77
0.77
0.77
0.78
0.77
0.78
0.77
0.79
0.77
0.79
0.78
0.79
0.79
0.79
0.79
0.80
0.80
0.80
0.79
0.80
0.81
0.81
0.80
0.81
0.80
0.81
0.80
0.81
0.80
0.81
0.82
0.81
0.81
0.84
0.86
0.85
0.83
0.88
1.11
1.37
1.37
1.38
1.38
1.37
1.37
1.38
1.37
4.36
4.37
4.41
4.41
4.44
4.45
4.49
4.48
8.04
8.08
8.18
8.16
8.05
7.98
7.88
7.84
5.17
5.17
5.22
5.23
5.20
5.18
5.12
5.11
5.17
5.18
5.26
5.27
5.35
5.37
5.44
5.45
2.16
2.14
2.13
2.10
2.11
2.11
2.15
2.15
2.08
2.07
2.06
2.05
1.99
1.98
1.97
1.96
1.96
1.94
1.94
1.93
2.06
2.44
2.41
2.39
2.39
2.38
2.44
2.44
2.51
2.51
2.51
2.49
2.52
2.22
2.20
2.18
3.07
3.09
3.09
3.09
3.10
3.12
5.36
5.30
5.16
5.10
4.99
3.94
3.86
3.86
4.19
4.73
4.61
4.67
4.83
4.90
1.83
1.82
1.81
1.82
1.77
1.76
1.77
1.76
1.76
1.76
1.76
1.76
1.77
1.78
1.84
1.82
1.83
1.82
1.83
1.83
1.85
1.85
2.00
1.99
2.20
2.22
2.26
2.35
2.22
2.17
1.87
1.87
2.01
1.90
1.72
1.71
1.72
1.71
1.72
1.72
1.73
1.72
1.73
1.73
1.74
1.74
1.73
1.72
1.74
1.75
1.69
1.69
4.92
4.92
4.94
4.94
4.95
4.98
5.48
5.48
5.13
5.12
5.12
5.13
5.52
5.57
2.23
2.25
2.14
2.14
2.06
2.05
2.02
2.01
2.00
1.99
2.07
2.07
2.54
2.53
2.57
2.55
2.26
2.24
2.20
2.20
2.25
2.28
2.59
2.64
2.68
2.68
2.70
2.61
2.29
2.29
2.38
2.47
2.69
2.60
2.54
2.52
2.47
2.46
2.42
2.41
2.44
2.45
2.49
2.49
2.43
2.42
2.42
2.42
2.49
2.50
2.54
2.54
2.59
2.59
2.63
2.64
2.69
2.69
2.73
2.74
2.79
2.80
2.85
2.86
2.91
2.92
2.98
2.99
3.05
3.05
3.12
3.13
9.104832 -3.507485 0.590325
