1 360
1.64
1.62
1.61
1.59
1.59
1.57
1.57
1.56
1.55
1.53
1.52
1.51
1.50
1.49
1.49
1.48
1.48
1.46
1.46
1.45
1.45
1.42
1.42
1.40
1.40
1.41
1.40
1.39
1.39
1.38
1.37
1.36
1.35
1.31
1.30
1.29
1.29
1.31
1.33
1.33
1.33
1.33
1.32
1.33
1.32
1.31
1.32
1.31
1.31
1.31
1.31
1.30
1.29
1.28
1.28
1.27
1.28
1.27
1.27
1.27
1.27
1.25
1.26
1.26
1.26
1.25
1.26
1.24
1.25
1.25
1.25
1.25
1.26
1.25
1.25
1.25
1.24
1.24
1.25
1.24
1.24
1.24
1.25
1.26
1.22
1.24
1.24
1.25
1.25
1.25
1.25
1.23
1.24
1.24
1.25
1.24
1.25
1.25
1.26
1.25
1.26
1.26
1.27
1.26
1.27
1.27
1.27
1.27
1.28
1.28
1.28
1.29
1.29
1.29
1.30
1.29
1.30
1.30
1.31
1.32
1.32
1.32
1.33
1.32
1.34
1.33
1.34
1.34
1.35
1.35
1.36
1.36
1.37
1.37
1.38
1.38
1.40
1.39
1.40
1.40
1.42
1.42
1.43
1.44
1.44
1.45
1.46
1.47
1.48
1.48
1.49
1.49
1.51
1.49
1.48
1.47
1.48
1.48
1.50
1.54
1.56
1.56
1.57
1.59
1.61
1.62
1.64
1.65
1.67
1.68
1.69
1.70
1.72
1.73
1.76
1.77
1.79
1.80
1.82
1.82
1.86
1.86
1.89
1.90
1.93
1.95
1.98
1.98
2.02
2.03
2.06
2.08
2.11
2.13
2.17
2.19
2.23
2.25
2.29
2.31
2.35
2.37
2.41
2.45
2.51
2.52
2.59
2.60
2.58
2.64
2.66
2.64
2.63
2.61
2.61
2.60
2.62
2.64
2.71
2.79
3.00
3.41
3.51
3.58
3.68
3.75
3.90
3.99
4.10
4.23
4.25
4.31
4.68
4.81
5.01
5.17
5.39
5.63
5.68
5.89
6.61
6.59
6.63
7.00
7.32
7.73
7.84
8.05
8.44
8.51
11.05
11.49
11.53
11.53
11.58
11.54
11.56
11.54
11.50
11.55
29.40
29.37
29.39
29.37
29.38
29.38
29.39
29.45
11.50
11.50
11.55
11.55
11.58
11.57
11.54
11.11
10.57
9.55
9.03
8.55
8.47
8.47
8.16
8.02
8.07
7.13
7.06
6.92
6.50
6.28
5.76
5.58
5.51
5.36
5.12
5.15
5.14
5.10
5.12
5.13
4.53
4.24
4.19
4.18
4.03
3.95
3.84
3.77
3.68
3.61
3.53
3.47
3.05
2.89
2.80
2.77
2.71
2.68
2.68
2.69
2.71
2.73
2.75
2.75
2.69
2.69
2.70
2.72
2.75
2.73
2.69
2.66
2.61
2.59
2.55
2.52
2.49
2.46
2.43
2.41
2.37
2.35
2.32
2.30
2.27
2.25
2.22
2.21
2.18
2.17
2.14
2.13
2.10
2.09
2.07
2.06
2.03
2.02
2.00
1.99
35.616086 -19.422999 0.333200
