1 360
0.82
0.80
0.80
0.78
0.78
0.77
0.77
0.74
0.75
0.72
0.72
0.71
0.72
0.71
0.70
0.69
0.70
0.68
0.68
0.67
0.67
0.66
0.65
0.63
0.64
0.62
0.63
0.62
0.62
0.61
0.61
0.61
0.60
0.60
0.59
0.59
0.58
0.57
0.58
0.56
0.58
0.56
0.56
0.55
0.55
0.54
0.54
0.53
0.54
0.53
0.53
0.52
0.52
0.52
0.52
0.50
0.51
0.46
0.47
0.45
0.46
0.45
0.45
0.44
0.45
0.44
0.44
0.44
0.44
0.43
0.44
0.43
0.43
0.46
0.46
0.51
4.93
4.91
4.99
6.27
6.25
6.22
6.23
6.22
5.70
5.63
5.57
5.94
6.05
6.04
6.04
6.02
6.02
4.36
4.27
4.23
4.16
4.04
4.00
4.02
4.04
4.05
4.12
5.96
6.03
6.02
6.02
6.01
6.01
6.01
6.01
6.01
6.01
6.00
5.94
5.90
5.92
5.71
4.13
3.99
5.92
5.92
3.84
3.88
4.10
4.20
4.47
4.34
4.27
4.50
4.48
4.41
4.52
4.12
4.12
4.17
4.02
3.90
3.69
3.58
3.40
3.33
3.18
3.11
2.99
2.91
2.81
2.74
2.63
2.59
2.51
2.44
2.36
2.31
2.23
2.17
2.12
2.11
2.12
2.13
2.14
2.13
2.16
2.16
2.17
2.17
2.19
2.19
2.20
2.20
2.22
2.22
2.24
2.01
1.62
1.59
1.56
1.52
1.52
1.53
1.62
1.96
1.95
1.96
1.96
1.97
1.99
1.99
1.98
1.89
1.83
1.82
1.83
1.83
1.87
1.91
2.04
2.01
1.99
1.98
1.96
1.93
1.92
1.91
1.89
1.88
1.86
1.86
1.84
1.82
1.02
0.98
0.95
0.94
0.93
0.92
0.92
0.91
0.90
0.90
0.89
0.88
0.88
0.89
0.91
0.92
0.89
0.89
0.90
0.90
0.92
0.90
0.89
0.87
0.86
0.86
0.85
0.84
0.87
0.87
0.90
0.90
1.02
1.02
1.06
1.06
1.10
1.10
1.14
1.15
1.19
1.20
1.24
1.24
1.24
1.23
1.24
1.24
1.31
1.30
1.30
1.29
1.28
1.28
1.28
1.27
1.27
1.27
1.27
1.27
1.28
1.28
1.28
1.27
1.27
1.26
1.26
1.26
1.30
1.29
1.30
1.29
1.28
1.28
1.28
1.28
1.28
1.28
1.28
1.27
1.28
1.28
1.28
1.28
1.28
1.27
1.28
1.28
1.28
1.28
1.29
1.28
1.29
1.28
1.28
1.28
1.28
1.28
1.29
1.29
1.29
1.29
1.30
1.29
1.30
1.30
1.31
1.31
1.31
1.31
1.32
1.32
1.28
1.28
1.29
1.29
1.30
1.30
7.46
7.33
7.05
6.95
6.69
6.61
6.24
6.25
6.42
6.44
6.56
6.85
9.67
5.38
4.96
4.82
4.66
4.60
4.47
4.40
4.40
4.41
4.45
4.45
4.47
4.48
4.40
4.38
4.73
4.75
4.80
4.81
41.813294 -12.210516 -0.304210
