1 360
1.23
1.24
1.24
1.25
1.25
1.24
1.24
1.25
1.25
1.26
1.26
1.26
1.27
1.27
1.27
1.27
1.28
1.28
1.29
1.30
1.30
1.30
1.30
1.30
1.32
1.33
1.33
1.33
1.34
1.34
1.35
1.36
1.36
1.36
1.36
1.37
1.37
1.38
1.39
1.39
1.40
1.41
1.42
1.42
1.43
1.44
1.44
1.43
1.41
1.40
1.41
1.42
1.50
1.43
2.59
2.58
2.62
3.01
3.03
3.03
3.04
3.06
3.10
3.10
3.50
3.49
3.45
3.42
3.38
3.37
3.33
3.31
3.28
3.25
3.22
3.20
3.17
3.15
3.13
3.10
3.05
2.27
2.18
2.17
2.16
2.14
2.14
2.12
2.18
2.15
2.15
2.12
2.11
2.11
2.19
2.34
2.77
2.74
2.73
2.70
2.51
2.50
2.49
2.46
2.52
2.54
2.53
2.52
2.51
2.50
2.47
2.47
2.50
2.52
2.59
2.62
2.69
2.71
2.78
2.82
2.89
2.97
3.81
3.81
3.82
3.81
3.80
3.79
3.79
3.79
3.91
3.94
4.19
4.29
4.51
4.62
4.87
5.00
5.39
5.45
5.45
5.46
5.47
5.45
5.45
5.43
5.43
5.43
5.43
5.43
5.40
5.37
5.40
19.21
21.90
21.86
24.26
21.87
24.07
24.07
24.10
24.14
21.94
21.91
23.39
23.47
20.38
20.27
17.73
14.41
14.35
14.20
12.88
5.33
5.31
5.29
5.25
5.22
5.19
5.16
5.13
5.11
5.05
5.03
5.00
4.98
4.94
4.92
4.89
4.88
4.83
4.82
4.79
4.79
4.84
4.76
4.59
4.51
4.31
4.20
4.20
4.17
4.11
4.14
5.35
5.36
5.40
5.41
5.16
5.30
3.35
3.28
3.23
2.87
2.74
2.72
2.66
2.63
2.57
2.56
2.56
2.54
2.55
2.49
2.51
2.46
2.53
2.52
2.57
2.53
6.07
6.08
6.15
6.17
2.33
2.29
2.28
2.27
2.27
2.29
2.35
2.33
2.32
2.32
2.35
2.36
2.39
2.40
7.56
7.59
7.70
7.73
3.11
3.09
3.05
3.05
3.03
3.02
3.01
3.02
3.05
3.04
2.97
2.97
3.04
3.05
3.37
3.36
3.40
3.38
3.36
3.35
3.32
3.33
3.37
3.42
1.78
1.74
1.64
1.64
1.63
1.64
1.67
1.66
1.65
1.64
1.64
1.63
1.62
1.61
1.60
1.60
1.59
1.59
1.58
1.58
1.58
1.57
1.56
1.56
1.56
1.56
1.55
1.54
1.54
1.53
1.53
1.53
1.52
1.51
1.50
1.50
1.50
1.50
1.49
1.49
1.50
1.50
1.50
1.49
1.49
1.48
1.48
1.48
1.47
1.47
1.47
1.47
1.47
1.47
1.47
1.46
1.47
1.47
1.46
1.46
1.46
1.46
1.46
1.48
1.48
1.47
1.46
1.46
1.47
1.46
1.46
1.46
1.47
1.46
1.47
1.47
1.47
1.47
1.48
1.47
1.47
1.47
1.48
1.48
21.997056 -11.672471 0.442388
