1 360
5.84
5.73
5.74
5.72
5.72
1.24
1.27
1.28
1.28
1.24
1.17
1.14
1.14
1.15
1.15
1.19
1.18
1.64
1.60
1.43
1.42
1.42
1.41
1.42
1.42
1.42
1.42
1.42
1.42
81.91
81.91
81.91
81.91
81.91
81.91
81.91
81.91
81.91
81.91
81.91
81.91
81.91
81.91
81.91
81.91
1.35
1.33
1.31
1.30
1.26
1.26
1.27
1.28
1.31
1.33
1.30
1.29
1.26
1.25
1.23
1.23
1.20
1.19
1.17
1.18
1.18
1.18
1.19
1.20
1.21
1.21
1.22
1.23
1.24
1.24
1.25
1.26
1.27
1.28
1.30
1.35
1.70
1.72
1.74
1.75
1.77
1.78
81.91
2.24
2.19
2.20
6.10
6.15
6.22
6.28
6.34
6.36
6.42
6.53
6.64
9.80
5.74
5.73
5.90
5.96
5.99
6.07
6.15
6.22
6.06
5.86
5.91
5.98
6.08
6.12
6.07
6.04
3.03
3.00
2.95
2.63
2.58
2.58
2.56
2.57
2.67
2.81
2.87
2.92
2.99
3.04
3.10
3.16
3.24
3.30
3.39
3.45
3.54
3.62
3.73
3.86
3.86
3.90
4.80
4.77
4.76
4.78
4.78
4.79
4.81
5.20
5.21
5.27
5.25
5.25
5.27
5.55
6.87
7.02
8.07
8.24
8.37
9.23
9.63
9.68
9.73
10.18
11.25
12.41
12.78
12.81
12.79
12.80
12.76
12.75
29.26
31.51
31.52
31.53
29.30
29.31
29.30
12.71
12.64
12.57
12.47
12.39
12.29
12.21
12.10
12.06
9.80
9.77
9.72
9.40
6.04
6.02
5.56
8.08
7.59
6.26
6.28
6.94
4.94
4.91
5.30
5.31
5.32
5.28
5.27
4.94
4.85
4.83
4.76
4.91
5.09
5.11
5.14
4.06
3.95
3.95
3.91
3.82
3.72
3.66
3.59
3.52
3.46
3.41
3.34
3.30
3.24
3.18
3.12
3.08
3.02
2.98
2.93
2.83
2.72
2.71
2.71
2.72
2.75
7.39
7.36
2.78
2.76
2.77
2.78
2.79
2.81
2.81
2.82
2.85
2.84
2.87
2.91
6.79
3.05
3.02
6.57
6.52
6.56
6.64
6.69
2.83
2.84
2.83
2.84
2.85
2.86
2.87
2.88
2.91
2.93
2.95
2.97
3.01
4.14
3.87
3.88
4.06
4.07
4.08
4.07
1.69
1.57
1.53
1.52
1.51
1.50
1.49
1.48
1.48
1.47
1.46
1.45
1.44
1.43
1.43
1.42
1.41
1.41
1.44
1.46
1.50
1.52
1.58
1.57
1.55
1.54
1.54
1.52
1.57
1.59
2.51
2.49
4.20
3.89
4.21
4.20
2.76
2.72
2.71
2.70
2.71
2.76
4.48
4.44
81.91
5.73
3.74
3.73
3.72
3.82
4.17
4.35
1.46
1.44
1.43
1.43
1.43
1.44
1.49
1.49
1.48
1.48
1.48
1.48
1.47
1.47
1.55
1.57
3.59
3.61
1.51
1.57
1.56
1.51
14.953839 -15.140568 0.664351
