1 360
1.30
1.32
1.33
1.32
1.33
1.34
1.34
1.35
1.36
1.36
1.36
1.34
1.35
1.35
1.36
1.37
1.38
1.38
1.37
81.91
1.33
1.34
5.19
4.41
4.26
4.16
1.61
1.54
1.53
1.32
1.28
1.23
1.20
1.21
1.21
1.21
1.22
1.24
1.39
1.49
1.51
1.50
1.49
1.50
1.51
1.52
1.54
1.55
1.57
1.57
1.59
1.61
1.65
3.15
3.15
3.15
3.17
11.66
11.64
11.64
12.02
7.56
7.60
7.36
7.00
1.14
1.10
1.07
1.07
1.07
1.08
1.08
1.08
1.08
1.09
1.10
1.11
1.10
1.12
1.11
1.11
6.34
6.22
6.18
5.96
5.92
5.92
5.87
5.82
5.79
2.08
2.06
2.06
1.99
1.91
1.89
1.86
1.85
1.86
1.88
1.90
1.89
1.87
1.86
1.87
1.87
1.84
1.83
1.83
1.84
1.87
1.92
81.91
8.44
8.48
8.56
10.95
81.91
10.33
81.91
10.89
10.84
10.44
81.91
10.75
10.79
1.54
1.52
1.50
1.49
1.51
1.52
1.54
1.55
1.57
1.59
1.69
4.37
4.25
4.23
4.22
4.21
4.20
4.19
4.17
4.16
4.15
4.14
4.13
4.11
4.10
4.11
4.30
4.31
4.33
4.33
4.38
4.34
6.89
7.07
7.20
7.21
7.21
7.20
7.18
7.17
7.18
7.18
7.15
4.34
4.27
4.26
4.28
4.27
4.25
4.10
4.04
4.03
4.04
4.04
4.03
4.04
4.05
4.05
4.06
4.05
4.06
4.06
4.07
4.07
4.08
4.08
4.08
4.08
4.10
4.10
4.11
4.11
1.61
1.59
1.57
1.57
1.58
1.58
1.64
1.63
1.64
1.64
1.66
1.65
1.66
1.65
1.68
1.67
1.69
1.68
1.68
1.68
1.70
1.69
1.71
1.71
1.73
1.72
1.74
1.74
1.76
1.76
1.78
1.77
1.79
1.79
1.80
1.80
1.82
1.82
1.84
1.84
1.86
1.86
1.88
1.88
1.90
1.90
1.93
1.93
1.95
1.94
1.97
1.98
2.01
2.01
2.03
2.02
2.06
2.05
2.05
2.02
1.96
1.95
1.95
1.94
1.91
1.90
1.88
1.87
1.42
1.39
1.38
1.39
1.78
1.79
1.77
1.75
1.74
1.73
1.71
1.70
1.69
1.68
1.67
1.67
1.65
1.64
1.63
1.62
1.61
1.60
1.59
1.59
1.56
1.56
1.55
1.56
1.54
1.54
1.52
1.52
1.50
1.50
1.49
1.48
1.47
1.47
1.47
1.47
1.46
1.46
1.44
1.44
1.43
1.43
1.42
1.42
1.41
1.41
1.40
1.40
1.39
1.39
1.39
1.38
1.37
1.37
1.36
1.36
1.42
1.44
1.37
1.37
1.34
1.35
1.34
1.34
1.33
1.33
1.34
1.33
1.34
1.34
1.33
1.33
1.33
1.33
1.33
1.33
1.33
1.33
1.33
1.33
1.33
1.33
1.33
1.33
1.32
1.33
1.33
1.33
1.33
1.33
26.124104 -8.620666 -1.618905
