1 360
6.86
1.33
1.35
1.32
1.33
1.34
5.55
6.32
6.33
6.33
6.34
6.35
6.36
6.37
6.55
5.07
2.86
2.85
2.88
3.06
3.20
4.09
4.11
3.36
3.35
2.81
2.73
2.69
2.71
4.57
4.36
4.15
4.08
3.78
3.64
2.31
2.28
2.30
2.27
2.31
2.31
2.33
2.32
2.33
2.34
2.34
2.35
81.91
81.91
1.60
1.58
1.66
81.91
1.64
1.65
1.63
1.65
1.66
1.68
1.70
1.69
1.70
1.70
1.61
1.58
1.53
1.52
1.50
1.51
1.52
1.52
1.56
1.55
1.52
1.51
1.48
1.47
1.44
1.44
1.43
1.43
1.44
1.45
1.47
1.47
1.50
1.50
1.52
1.53
1.54
1.56
1.57
1.59
1.56
3.37
3.33
3.33
3.29
3.27
2.26
2.09
2.03
2.03
2.00
2.01
2.03
2.10
2.22
2.37
3.00
2.99
2.95
2.95
2.92
2.91
2.89
2.88
2.85
2.84
2.57
2.56
2.57
2.61
2.64
2.65
2.62
2.69
2.70
2.69
2.67
2.67
2.64
2.64
2.65
2.71
2.76
2.80
2.85
2.91
2.98
3.05
3.06
3.12
3.20
3.27
3.36
3.46
3.55
3.64
3.74
3.88
3.96
4.08
4.30
4.42
4.58
4.63
4.82
4.99
5.24
5.47
5.57
6.09
6.39
6.58
6.56
6.60
6.94
6.85
6.80
6.80
6.80
6.80
6.78
6.79
6.78
6.79
6.76
6.76
6.76
6.76
6.76
6.77
6.77
6.76
6.76
6.77
6.76
6.77
6.77
6.79
6.77
6.78
6.78
6.81
6.79
6.80
6.80
6.82
6.85
6.96
6.97
6.95
6.91
6.91
6.87
6.56
6.42
6.35
6.57
5.59
5.50
5.56
6.99
7.02
7.00
6.90
5.22
4.32
4.19
4.09
4.04
4.06
4.08
4.00
3.90
3.82
3.71
3.64
3.57
3.50
3.43
3.37
3.30
3.24
3.18
2.89
2.85
2.85
2.87
2.92
3.06
3.10
3.11
3.13
3.14
3.16
3.17
3.20
3.21
3.23
3.33
6.81
3.41
3.45
5.71
5.55
5.54
5.49
2.10
2.06
2.03
2.03
2.04
2.07
2.09
2.17
2.18
2.21
2.21
2.25
2.26
2.28
1.87
1.59
1.56
1.55
1.54
1.52
1.51
1.51
1.49
1.48
1.46
1.45
1.44
1.43
1.43
1.44
1.44
1.47
1.48
1.51
1.52
1.56
1.56
1.54
1.52
1.52
1.51
1.54
1.55
1.59
1.61
1.62
1.60
1.60
1.59
1.58
1.58
1.57
1.57
1.57
1.56
1.56
1.55
1.54
1.54
1.53
1.52
1.52
1.51
1.52
1.51
1.57
1.61
1.68
1.70
1.76
1.80
1.87
1.91
1.98
2.02
2.10
2.16
2.26
2.33
2.44
2.55
2.58
2.69
2.83
3.24
3.84
3.82
3.79
3.79
3.80
6.95
4.28
1.69
1.67
1.69
4.16
4.07
81.91
81.91
3.88
3.86
11.003872 -2.768101 -0.749401
