1 360
1.38
1.37
1.37
1.37
1.38
1.37
1.37
1.36
1.37
1.36
1.36
1.35
1.35
1.35
1.35
1.35
1.35
1.35
1.35
1.35
1.35
1.35
1.35
1.35
1.36
1.36
1.35
1.35
1.36
1.35
1.36
1.36
1.36
1.36
1.36
1.37
1.37
1.37
1.37
1.38
1.38
1.37
1.37
1.37
1.37
1.38
1.38
1.38
1.38
1.38
1.39
1.39
1.39
1.40
1.41
1.41
1.41
1.43
1.43
1.44
1.44
1.44
1.45
1.45
1.45
1.45
1.46
1.47
1.47
1.48
1.48
1.49
1.50
1.51
1.51
1.53
1.53
1.54
1.54
1.55
1.56
1.57
1.58
1.59
1.59
1.61
1.61
1.62
1.62
1.63
1.64
1.66
1.66
1.68
1.68
1.71
1.71
1.73
1.74
1.75
1.76
1.78
1.78
1.81
1.81
1.84
1.84
1.86
1.87
1.87
1.88
1.45
1.45
1.45
1.45
1.41
1.42
1.37
1.38
1.38
1.38
1.40
1.41
1.42
1.43
1.42
1.42
1.60
1.61
2.33
2.34
2.39
2.41
2.45
2.47
2.53
2.54
2.60
2.61
2.21
2.21
2.61
2.62
2.60
2.61
2.56
2.57
2.59
2.61
10.24
10.28
10.63
10.67
11.03
11.09
1.46
1.48
1.46
1.47
1.57
1.58
5.20
2.44
2.27
2.26
2.25
2.25
4.99
4.99
4.97
4.98
5.01
5.04
5.11
5.12
4.80
4.81
4.73
4.73
4.74
4.75
4.97
5.00
5.13
5.15
6.38
6.40
7.93
8.03
9.35
9.80
10.51
10.52
10.30
10.20
10.47
10.49
10.49
10.49
10.58
10.59
10.58
10.59
4.96
4.96
4.97
4.99
5.01
2.38
2.29
2.30
2.29
2.29
2.31
2.32
2.31
2.31
2.08
2.08
2.07
2.08
2.08
2.08
2.08
2.09
2.09
2.10
2.09
2.11
2.11
2.11
2.19
2.24
2.35
2.32
2.21
2.18
2.08
2.06
1.97
1.97
1.96
1.96
1.97
1.98
1.99
2.01
2.01
2.02
2.03
2.04
2.05
2.05
2.06
2.07
2.08
2.09
2.10
2.11
2.12
2.13
2.14
2.15
2.17
2.18
2.19
2.19
2.21
2.22
2.24
2.24
2.26
2.28
2.29
2.30
2.31
2.34
2.34
2.36
2.37
2.39
2.42
2.43
2.44
2.46
2.49
2.51
2.53
2.54
2.55
2.57
2.60
2.63
2.65
2.67
2.72
2.73
2.76
2.78
2.82
2.84
2.88
2.89
2.94
2.95
3.00
3.01
3.07
3.08
3.13
3.16
3.21
3.23
3.29
3.31
3.37
3.40
3.45
3.46
3.56
3.67
3.64
3.63
3.61
3.60
3.57
3.56
3.54
3.53
3.51
3.51
3.48
3.47
3.45
3.45
3.12
3.04
2.96
3.00
2.98
2.99
3.29
3.36
3.34
3.33
3.32
3.31
3.30
3.29
3.30
3.29
3.27
1.98
1.95
1.93
1.94
1.93
1.94
1.94
1.93
24.368547 -15.832742 1.652119
