1 360
2.78
2.58
2.57
2.62
2.63
2.72
2.68
2.64
2.58
2.71
2.63
2.61
2.55
2.43
2.43
2.50
2.51
2.53
2.51
2.49
2.47
2.43
2.42
2.44
2.44
2.40
2.40
2.33
2.33
2.29
2.29
2.31
2.31
2.27
2.27
1.53
1.53
1.49
1.49
1.46
1.47
1.45
1.45
1.41
1.41
1.40
1.41
1.39
1.39
1.40
1.40
1.40
1.40
1.39
1.39
1.41
1.41
1.41
1.41
1.44
1.45
1.46
1.46
1.49
1.50
1.53
1.54
1.88
1.88
1.86
1.87
1.86
1.86
1.84
1.85
1.84
1.84
1.82
1.83
1.81
1.82
1.80
1.81
1.79
1.79
1.77
1.79
1.78
1.78
1.77
1.77
1.76
1.76
1.76
1.76
1.75
1.76
1.75
1.75
1.74
1.75
1.74
1.73
1.69
1.69
1.70
1.71
4.39
4.40
4.36
4.36
4.35
5.74
5.77
5.79
6.04
6.08
6.23
6.10
5.70
5.70
6.97
9.92
9.90
9.91
9.91
9.92
10.04
10.04
10.05
10.05
10.07
10.08
4.55
4.49
4.44
4.46
4.48
4.49
4.50
4.51
4.52
4.53
4.54
4.55
4.53
4.54
4.44
4.42
4.41
4.42
4.44
4.45
4.47
4.51
4.68
4.70
4.72
4.73
4.74
4.77
1.89
1.83
1.78
1.78
1.72
1.73
1.70
1.70
1.64
1.65
1.61
1.61
1.57
1.57
1.53
1.53
1.49
1.49
1.47
1.46
1.42
1.42
1.39
1.40
1.37
1.37
1.34
1.34
1.30
1.31
1.29
1.30
1.26
1.26
1.23
1.23
1.22
1.22
1.19
1.19
1.16
1.16
1.15
1.15
1.13
1.13
1.12
1.12
1.11
1.13
1.23
1.30
2.10
2.10
2.06
2.06
2.03
2.03
2.04
2.06
2.09
2.11
2.14
2.23
2.25
2.27
2.30
2.33
2.53
2.75
3.17
3.17
3.14
3.13
3.11
3.10
3.06
3.10
3.10
3.08
3.09
3.09
3.08
3.08
3.05
3.05
2.94
2.87
2.91
2.79
2.68
2.66
2.64
2.70
3.06
3.05
3.04
3.04
3.07
3.07
3.05
3.05
3.03
3.03
3.01
3.01
3.00
3.00
2.91
2.90
2.88
2.92
2.97
2.98
5.47
3.99
3.92
3.91
5.71
5.72
5.71
5.68
5.45
5.41
1.02
1.00
1.36
1.48
1.49
1.50
5.68
5.69
5.68
5.58
5.12
5.12
5.12
5.11
5.11
5.12
5.11
5.12
5.12
5.15
5.78
5.79
2.02
0.48
0.47
0.47
0.47
0.49
0.48
0.46
0.48
0.48
0.45
0.46
0.46
0.47
0.45
0.45
0.45
0.46
0.46
0.47
0.47
3.03
3.04
3.04
3.05
3.05
0.79
0.79
0.83
0.89
0.88
0.88
0.87
0.87
0.86
0.85
0.84
0.83
0.83
0.84
0.84
0.84
0.84
0.84
0.83
0.80
0.74
0.74
0.75
0.76
0.77
0.78
0.79
33.521945 -21.079817 2.654390
