1 360
17.26
17.27
17.21
17.22
33.72
33.71
35.93
35.92
81.91
33.71
17.03
17.05
16.77
16.78
16.49
16.49
10.05
10.05
9.42
9.42
9.67
9.67
9.09
9.10
8.20
8.21
6.89
6.89
6.91
6.90
5.24
5.24
5.25
5.25
5.19
5.19
4.80
4.80
3.85
3.85
3.61
3.61
3.35
3.35
3.19
3.19
3.04
3.04
2.90
2.90
2.77
2.77
2.66
2.66
2.60
2.60
2.51
2.51
2.41
2.41
2.32
2.32
2.24
2.24
2.17
2.17
2.11
2.11
2.01
2.01
1.94
1.94
1.89
1.89
1.84
1.84
1.79
1.79
1.75
1.75
1.71
1.71
1.67
1.67
1.63
1.63
1.61
1.61
1.57
1.57
1.54
1.54
1.52
1.52
1.48
1.48
1.45
1.45
1.43
1.43
1.41
1.41
1.38
1.38
1.37
1.37
1.35
1.35
1.33
1.33
1.31
1.31
1.32
1.32
1.31
1.32
1.30
1.31
1.28
1.29
1.27
1.27
1.25
1.25
1.24
1.23
1.22
1.22
1.22
1.22
1.21
1.21
1.20
1.20
1.18
1.19
1.17
1.17
1.16
1.16
1.15
1.15
1.15
1.15
1.14
1.14
1.13
1.13
1.13
1.12
1.12
1.12
1.11
1.11
1.11
1.11
1.10
1.10
1.09
1.09
1.09
1.09
1.09
1.09
1.09
1.09
1.08
1.08
1.08
1.08
1.07
1.08
1.07
1.07
1.07
1.07
1.07
1.07
1.06
1.06
1.06
1.06
1.06
1.06
1.06
1.06
1.06
1.06
1.06
1.06
1.06
1.06
1.07
1.07
1.07
1.07
1.07
1.07
1.07
1.07
1.08
1.08
1.08
1.08
1.08
1.08
1.09
1.09
1.09
1.09
1.09
1.09
1.09
1.09
1.07
1.07
1.05
1.05
0.99
0.99
0.98
0.98
0.97
0.96
0.97
0.97
0.96
0.96
0.97
0.98
0.98
0.99
1.05
1.05
1.16
1.16
1.18
1.18
1.19
1.19
1.20
1.20
1.21
1.21
1.22
1.22
1.22
1.22
1.22
1.22
0.97
0.96
0.95
0.96
0.93
0.92
0.90
0.90
0.90
0.90
0.85
0.86
0.86
0.86
0.81
0.82
0.84
0.84
0.78
0.77
0.80
0.80
0.74
0.75
0.76
0.76
0.74
0.74
0.71
0.71
0.74
0.74
0.69
0.69
0.69
0.69
0.71
0.71
0.66
0.67
0.66
0.65
0.68
0.69
0.66
0.65
0.62
0.63
0.66
0.65
0.64
0.64
0.61
0.61
0.61
0.61
0.63
0.63
0.62
0.62
0.58
0.58
0.60
0.60
0.61
0.61
0.61
0.61
0.56
0.56
0.57
0.56
0.60
0.59
0.60
0.60
0.56
0.55
0.53
0.54
0.57
0.57
0.61
0.60
0.60
0.59
0.53
0.53
0.53
0.53
0.58
0.58
0.62
0.62
0.60
0.61
0.52
0.52
0.53
0.52
0.58
0.58
0.66
0.65
0.60
0.61
0.51
0.51
0.51
0.52
15.344641 -7.115379 -2.574081
