1 360
1.13
1.15
1.16
1.43
1.64
2.01
2.00
2.00
2.00
1.98
1.97
1.96
1.96
1.95
81.91
0.91
0.97
81.91
2.27
81.91
81.91
2.39
2.45
2.51
2.56
2.33
2.24
2.25
2.26
2.28
2.29
2.30
2.33
81.91
3.74
3.72
3.71
3.69
3.71
3.70
3.68
3.67
3.67
3.65
3.42
3.43
3.62
3.59
3.56
3.55
3.54
3.55
7.24
3.97
2.88
2.86
2.88
2.90
2.94
7.47
1.09
0.75
0.75
7.35
7.37
7.39
7.41
7.43
7.09
7.08
7.11
7.12
7.12
7.12
7.23
7.24
7.42
7.45
7.45
7.54
7.51
7.52
7.52
7.53
7.53
7.54
5.35
5.21
5.11
5.02
5.12
5.34
5.38
3.22
3.16
3.14
3.17
3.20
3.21
3.22
3.24
3.23
3.25
3.26
3.27
3.29
3.29
3.30
3.31
3.33
3.35
3.36
3.37
3.38
3.40
3.42
3.44
3.45
3.47
3.47
3.51
3.52
3.53
3.46
3.42
3.36
3.32
3.27
3.24
3.20
3.22
3.23
3.26
3.27
3.31
3.32
3.35
3.36
3.40
3.41
3.44
2.81
2.49
2.46
2.44
2.42
2.41
2.38
2.36
2.33
2.28
2.28
2.36
2.33
2.32
2.30
2.28
2.26
2.25
2.23
2.23
2.21
2.20
2.17
2.17
2.15
2.13
2.12
2.10
2.09
2.08
2.09
2.13
2.15
2.21
2.22
2.26
2.29
2.33
2.36
2.39
2.41
3.35
3.36
3.35
3.32
3.31
3.30
3.28
3.27
3.26
3.25
3.30
3.33
4.65
4.63
4.62
4.60
4.59
4.57
4.54
4.52
4.52
4.03
3.89
3.95
3.88
3.97
4.36
4.35
4.34
4.32
4.31
4.30
4.31
4.29
2.52
2.49
2.45
2.46
4.25
4.24
4.24
4.23
4.23
4.21
4.22
4.22
4.22
4.21
4.22
4.23
4.29
4.29
4.29
4.28
4.29
4.28
4.29
4.28
4.29
4.28
4.29
4.28
4.29
4.28
4.22
4.19
4.20
4.20
4.21
4.09
3.83
4.17
4.22
4.22
4.23
4.22
2.24
2.21
4.26
2.60
4.29
4.26
2.37
2.32
2.32
2.44
3.14
3.14
3.17
3.17
3.21
3.28
3.27
3.22
3.08
3.00
3.07
3.02
2.76
2.74
2.69
2.33
2.41
2.43
2.45
2.42
2.34
2.32
2.25
2.23
2.17
2.16
2.09
2.08
2.03
2.01
1.96
1.95
1.88
1.86
1.83
1.84
2.18
2.18
1.73
1.71
1.68
1.67
1.65
1.65
1.61
1.60
1.58
1.57
1.54
1.53
1.50
1.49
1.47
1.46
1.44
1.43
1.41
1.41
1.38
1.38
1.36
1.36
1.34
1.34
1.32
1.31
1.29
1.29
1.26
1.26
1.25
1.25
1.23
1.23
1.21
1.21
1.19
1.19
1.17
1.18
1.17
1.16
1.14
1.14
1.12
1.13
1.11
1.11
1.11
1.11
1.10
1.09
42.790872 -13.575947 -1.417371
