1 360
1.95
1.94
1.92
1.91
1.89
1.87
1.87
1.86
1.84
1.84
1.83
1.81
1.80
1.79
1.78
1.77
1.76
1.75
1.74
1.73
1.73
1.70
1.70
1.69
1.68
1.67
1.66
1.65
1.65
1.65
1.64
1.63
1.62
1.61
1.61
1.60
1.60
1.56
1.52
1.51
1.50
1.50
1.51
1.49
1.49
1.49
1.48
1.47
1.47
1.46
1.46
1.47
1.47
1.45
1.44
1.44
1.44
1.46
1.47
1.47
1.47
1.46
1.46
1.46
1.46
1.45
1.46
1.45
1.45
1.45
1.44
1.44
1.44
1.44
1.44
1.44
1.44
1.44
1.44
1.43
1.44
1.43
1.43
1.43
1.44
1.42
1.41
1.40
1.41
1.41
1.45
1.51
1.52
1.51
6.96
7.00
7.06
7.06
6.76
6.76
6.74
6.75
6.79
6.77
6.62
6.63
7.05
7.07
6.78
6.76
6.77
6.79
7.12
7.15
7.18
7.18
7.24
4.04
3.89
3.86
3.74
3.60
3.59
3.55
3.55
3.54
3.55
3.54
3.59
3.57
3.56
3.55
3.58
3.67
4.35
4.36
4.36
4.35
4.42
4.43
4.46
4.47
4.51
4.51
3.68
3.47
3.44
3.40
3.41
3.42
1.85
1.79
1.74
1.72
1.73
1.73
1.76
1.79
1.83
1.83
1.86
1.86
1.88
1.89
1.92
1.92
1.94
1.94
1.98
1.97
2.01
2.01
2.04
2.04
2.07
2.08
2.11
2.12
2.15
2.15
2.20
2.20
2.24
2.24
2.28
2.28
2.33
2.33
2.38
2.39
2.44
2.45
2.50
2.51
2.56
2.57
2.62
2.64
2.70
2.69
2.69
2.69
2.75
2.72
2.72
2.70
2.69
2.67
2.71
2.71
2.80
2.80
2.90
3.53
3.63
3.66
3.77
3.81
3.94
3.97
4.09
4.09
7.88
4.34
4.31
4.30
4.39
4.60
4.81
4.88
5.09
5.17
5.40
5.50
5.68
5.67
6.08
6.19
6.55
6.70
7.05
7.10
8.10
8.02
8.43
8.47
8.48
8.60
10.03
10.02
10.03
10.04
10.03
10.02
10.02
10.01
9.97
9.95
12.16
12.15
12.15
12.14
12.16
12.13
12.17
12.22
12.26
12.35
9.96
9.95
10.01
10.05
10.08
10.08
10.04
9.98
9.98
8.70
8.44
8.44
8.04
7.97
7.21
7.08
6.69
6.52
6.08
5.76
5.62
5.62
5.25
5.15
4.89
4.82
4.43
4.27
4.22
4.16
4.00
3.95
3.79
3.73
3.58
3.54
3.41
3.37
2.72
2.70
2.61
2.59
2.58
2.58
2.60
2.60
2.61
2.61
2.58
2.56
2.57
2.57
2.49
2.46
2.40
2.39
2.33
2.32
2.26
2.25
2.21
2.19
2.14
2.13
2.08
2.07
2.03
2.02
1.98
1.98
1.95
1.95
1.90
1.89
1.86
1.85
1.82
1.82
1.79
1.79
1.76
1.76
1.72
1.72
1.69
1.68
1.66
1.66
1.64
1.64
1.61
1.61
31.556396 -12.299216 -1.644940
