1 360
1.33
1.31
1.32
1.32
1.32
1.32
1.32
1.33
1.33
1.33
1.33
1.33
1.33
1.34
1.34
1.34
1.34
1.34
1.34
1.34
1.34
1.34
1.35
1.35
1.36
1.35
1.36
1.36
1.36
1.36
1.37
1.38
1.38
1.38
1.39
1.39
1.40
1.39
1.39
1.41
1.40
1.41
1.41
1.41
1.42
1.42
1.43
1.43
1.43
1.44
1.45
1.46
1.47
1.47
1.48
1.49
1.49
1.50
1.51
1.51
1.52
1.53
1.54
1.55
1.56
1.57
1.58
1.59
1.59
1.59
1.60
1.62
1.63
1.64
1.65
1.67
1.67
1.69
1.70
1.70
1.71
1.73
1.74
1.76
1.77
1.79
1.79
1.75
1.75
1.76
1.78
1.90
1.95
1.98
1.99
2.02
2.04
2.05
2.07
2.09
2.11
2.13
2.15
2.18
2.20
2.23
2.26
2.28
2.31
2.34
2.37
2.40
2.42
2.46
2.50
2.54
2.57
2.61
2.65
2.69
2.72
2.76
2.80
2.87
2.88
2.46
2.90
2.88
2.88
2.92
2.95
2.93
2.93
2.90
2.91
2.91
2.98
2.55
2.31
3.60
4.55
4.55
4.56
4.58
2.75
2.74
3.61
3.45
3.45
5.01
5.16
5.34
5.53
5.76
5.86
5.86
7.20
7.34
7.25
7.20
7.26
7.26
7.32
8.72
8.76
8.76
9.21
10.05
10.69
11.89
12.83
12.88
13.11
13.10
13.09
13.09
13.09
13.07
13.08
13.07
13.08
13.08
13.09
13.08
13.10
13.08
13.11
13.10
13.17
13.23
13.18
12.80
11.83
11.76
10.26
10.22
8.98
7.38
7.27
7.28
7.27
7.22
7.26
7.08
7.01
5.90
5.87
5.77
5.54
5.37
5.20
5.03
4.87
4.54
4.54
4.63
4.56
7.20
7.22
7.24
7.26
3.66
3.27
3.14
3.01
2.96
2.92
2.92
2.93
2.93
2.95
2.97
2.95
2.91
2.92
2.92
2.96
3.05
2.99
2.95
2.89
2.85
2.79
2.76
2.72
2.68
2.64
2.61
2.56
2.53
2.51
2.46
2.43
2.41
2.37
2.34
2.32
2.28
2.26
2.23
2.21
2.19
2.17
2.14
2.12
2.11
2.09
2.07
2.05
2.03
1.92
1.83
1.81
1.79
1.79
1.81
1.81
1.81
1.80
1.79
1.78
1.76
1.75
1.73
1.72
1.71
1.70
1.69
1.69
1.68
1.67
1.66
1.64
1.64
1.61
1.61
1.60
1.59
1.58
1.58
1.57
1.57
1.56
1.55
1.54
1.54
1.53
1.53
1.52
1.51
1.50
1.50
1.48
1.48
1.48
1.47
1.47
1.46
1.46
1.46
1.45
1.44
1.44
1.44
1.43
1.43
1.42
1.41
1.41
1.41
1.40
1.40
1.40
1.40
1.40
1.39
1.40
1.39
1.39
1.38
1.38
1.38
1.38
1.38
1.37
1.37
1.37
1.36
1.37
1.36
1.37
1.36
1.36
1.36
1.36
1.35
1.36
1.35
1.36
1.35
6.076746 1.129622 -0.607276
