1 360
1.85
1.83
1.95
1.86
1.88
1.96
1.84
1.83
1.88
1.85
1.88
1.91
81.91
81.91
1.36
1.38
1.39
1.89
1.97
1.98
1.99
1.99
2.01
2.01
2.00
1.07
1.40
1.98
2.00
2.02
81.91
81.91
0.87
0.84
0.87
0.87
81.91
81.91
81.91
81.91
81.91
81.91
0.91
0.86
0.75
0.80
0.86
0.87
0.82
0.81
0.74
0.73
0.78
0.77
0.79
0.77
0.77
0.75
0.44
0.44
0.43
0.42
81.91
81.91
81.91
81.91
81.91
81.91
81.91
81.91
81.91
81.91
81.91
81.91
81.91
81.91
81.91
81.91
81.91
81.91
81.91
81.91
81.91
81.91
81.91
81.91
81.91
81.91
81.91
81.91
81.91
81.91
81.91
81.91
81.91
81.91
81.91
81.91
81.91
81.91
81.91
81.91
81.91
3.08
3.09
3.11
3.14
3.17
3.21
3.10
3.03
3.05
3.02
3.01
2.99
2.99
2.96
2.95
2.91
3.05
4.05
4.03
4.01
4.01
3.48
3.34
3.30
3.30
3.32
3.38
3.41
3.39
3.37
3.37
3.35
3.34
3.33
3.32
3.30
3.30
3.30
3.29
3.27
3.27
3.12
3.07
3.02
2.94
2.93
3.00
3.20
3.20
3.19
3.19
3.17
3.17
3.16
3.15
3.15
3.21
3.55
3.55
3.54
3.55
3.24
3.18
3.12
1.72
1.69
1.68
1.69
1.69
2.60
2.94
3.12
3.10
3.12
3.12
3.12
3.09
2.96
2.79
3.12
2.96
2.89
3.13
3.11
3.13
2.90
2.92
3.14
3.14
3.14
3.14
3.14
3.15
3.15
3.15
3.16
3.16
3.17
3.17
0.95
0.92
0.88
0.86
0.81
0.80
0.77
0.75
0.72
0.71
0.68
0.67
0.65
0.63
0.61
0.60
0.58
0.57
0.57
0.55
0.53
0.52
0.51
0.50
0.49
0.48
0.48
0.47
0.45
0.45
0.44
0.44
0.43
0.42
0.42
0.41
0.40
0.39
0.39
0.39
0.37
0.38
0.37
0.36
0.36
0.35
0.34
0.35
0.35
0.34
0.33
0.33
0.33
0.33
0.32
0.31
0.31
0.31
0.30
0.31
0.28
0.29
0.29
0.29
0.29
0.29
0.29
0.28
0.28
0.29
0.28
0.28
0.29
0.28
0.27
0.28
0.29
0.30
0.29
0.30
0.31
0.32
0.32
0.33
0.32
0.33
0.34
0.34
0.33
0.34
0.35
0.36
0.35
0.36
0.38
0.38
0.38
0.39
0.39
0.40
0.41
0.42
0.42
0.43
0.43
0.44
0.44
0.45
0.46
0.47
0.49
0.50
0.50
0.53
0.54
0.55
0.56
0.58
0.59
0.62
0.62
3.74
3.73
3.72
3.12
3.11
3.70
3.69
3.68
3.68
3.65
3.63
3.63
3.62
3.58
3.60
3.60
3.59
3.58
3.58
3.57
3.58
3.20
3.13
3.13
3.13
3.14
3.13
3.13
3.13
3.13
3.13
3.13
3.13
3.12
3.08
3.04
81.91
33.795056 -6.624521 2.439525
