1 360
0.62
0.61
0.61
0.61
0.62
0.62
0.61
0.61
0.61
0.60
0.60
0.61
0.60
0.61
0.62
0.61
0.62
0.62
0.62
0.62
0.63
0.63
0.62
0.62
0.62
0.62
0.62
0.62
0.63
0.63
0.63
0.64
0.64
0.63
0.63
0.63
0.63
0.63
0.63
0.64
0.64
0.64
0.65
0.65
0.65
0.65
0.65
0.65
0.66
0.66
0.66
0.65
0.65
0.67
0.67
0.68
0.68
0.68
0.69
0.69
0.69
0.70
0.69
0.70
0.69
0.69
0.69
0.70
0.70
0.71
0.71
0.72
0.72
0.72
0.72
0.73
0.74
0.74
0.75
0.76
0.76
0.76
0.76
0.78
0.77
0.77
0.78
0.80
0.81
0.80
0.82
0.82
0.83
0.82
0.83
0.84
0.84
0.84
0.85
0.87
0.86
0.88
0.90
0.90
0.90
0.90
0.92
0.93
0.93
0.94
0.95
0.97
0.98
0.99
1.00
1.01
1.01
1.03
1.04
1.06
1.07
1.08
1.09
1.10
1.13
1.14
1.15
1.17
1.18
1.20
1.21
1.23
1.25
1.27
1.29
1.31
1.32
1.36
1.37
1.40
1.43
1.46
1.48
1.52
1.54
1.58
1.61
1.64
1.67
1.72
1.75
1.80
1.84
1.90
1.94
2.00
2.05
2.12
2.17
2.26
2.40
2.45
2.47
2.43
2.46
2.42
2.46
2.41
2.45
2.40
2.43
2.40
2.41
2.41
2.40
2.41
2.38
2.41
2.38
2.42
2.38
2.41
2.39
2.36
2.38
2.37
2.42
2.36
2.42
2.49
2.47
2.49
2.47
2.41
81.91
2.05
1.99
1.94
1.97
1.93
1.92
1.95
1.94
1.93
1.94
1.93
1.93
1.95
1.96
1.97
1.97
1.98
1.98
1.98
1.99
1.98
1.98
2.04
81.91
81.91
81.91
2.43
2.49
2.45
2.49
2.47
2.50
2.49
2.51
2.51
2.52
2.52
2.54
2.53
2.56
2.55
2.60
2.57
2.61
2.59
2.63
2.61
2.64
2.63
2.65
2.66
2.67
2.69
2.70
2.72
2.73
2.74
2.76
2.76
2.89
2.91
2.94
2.95
2.95
1.88
1.68
1.69
1.78
1.69
2.93
2.88
2.86
2.88
2.91
3.05
2.85
2.75
2.73
2.70
2.67
2.64
2.62
2.61
2.59
2.54
2.52
2.50
2.47
2.44
2.43
2.41
2.40
2.38
2.36
2.34
2.28
2.16
2.16
2.18
2.24
2.25
2.24
2.22
2.19
2.15
2.13
2.10
2.14
2.16
2.14
2.13
2.12
2.10
2.09
2.08
2.07
2.07
2.06
2.04
2.02
2.02
2.02
2.00
1.99
1.98
1.98
1.97
1.96
1.96
1.96
1.94
1.94
1.93
1.93
1.92
1.90
1.90
1.89
1.89
1.89
1.88
1.88
1.86
1.86
1.86
1.85
1.85
1.84
1.84
1.84
1.83
1.83
1.82
1.82
1.82
1.82
1.81
1.80
1.81
1.81
1.81
1.78
1.74
1.74
1.74
36.021886 -10.626078 2.355503
