1 360
0.55
0.57
0.54
0.55
0.57
0.53
0.55
0.54
0.54
0.54
0.54
0.54
0.54
0.54
0.54
0.61
0.53
0.96
0.65
1.04
1.02
1.05
1.04
1.06
1.05
1.06
1.06
0.99
1.07
12.01
12.03
10.33
10.35
10.30
10.31
9.92
9.92
9.09
9.26
8.72
8.77
8.28
8.29
7.67
7.69
6.96
6.60
7.24
7.26
6.40
6.41
6.08
6.11
5.85
5.79
6.07
6.08
6.03
6.05
5.70
5.71
5.67
5.64
5.99
5.99
6.05
6.04
5.13
6.10
4.86
4.87
4.80
4.81
4.68
4.69
4.57
4.59
4.47
4.48
4.37
4.38
4.26
4.27
4.17
4.19
4.09
4.10
4.00
4.02
3.93
3.94
3.76
3.76
3.81
3.80
4.23
4.76
3.84
3.84
3.92
3.92
3.94
3.93
4.11
4.12
7.04
7.05
6.94
6.95
6.83
6.85
3.97
3.99
4.07
4.06
4.08
4.08
6.49
6.50
6.66
6.65
5.20
5.20
7.08
7.07
9.31
9.32
2.96
3.07
2.77
2.78
2.75
2.76
2.73
2.74
2.70
2.71
2.69
2.69
2.76
2.75
2.81
2.82
2.80
2.81
4.95
4.94
81.91
81.91
3.97
3.99
3.94
4.00
5.62
5.70
4.98
5.00
2.70
2.72
2.71
2.71
2.72
2.73
2.72
2.73
7.09
2.68
8.12
8.11
5.26
5.28
4.88
4.90
4.83
4.83
4.81
4.82
4.00
4.02
3.94
3.94
3.93
3.94
2.80
2.83
2.67
2.68
2.67
2.68
2.64
2.65
2.64
2.65
2.53
2.54
2.49
2.49
2.49
2.50
2.50
2.51
2.50
2.51
2.51
2.52
2.52
2.52
2.52
2.53
2.54
2.54
2.54
2.54
2.54
2.55
2.54
2.55
2.55
2.55
2.56
2.56
2.58
2.58
2.60
2.60
2.61
2.62
2.64
2.64
2.66
2.66
2.67
2.68
2.69
2.70
2.72
2.73
2.75
2.75
2.76
2.77
2.79
2.80
2.82
2.83
2.85
2.86
2.88
2.90
2.91
2.92
2.96
2.97
3.00
3.01
3.04
3.04
3.08
3.09
3.12
3.13
3.16
3.17
3.20
3.21
3.24
3.25
3.31
3.32
3.36
3.36
3.38
3.39
3.43
3.44
3.50
3.49
3.54
3.55
3.62
3.62
3.70
3.70
3.79
3.79
3.87
3.88
3.96
3.96
4.07
4.07
4.20
4.20
4.30
4.31
4.43
4.42
4.52
4.53
4.65
4.66
4.79
4.79
4.93
4.94
4.92
4.93
4.93
4.94
5.32
5.33
5.11
5.12
5.04
5.04
5.01
5.01
4.98
4.98
4.94
4.95
4.91
4.91
4.87
4.88
4.84
4.84
4.81
4.81
4.78
4.79
4.75
4.75
4.74
4.73
4.73
4.73
4.71
4.71
4.70
4.70
4.67
4.67
4.65
4.65
4.67
0.30
0.30
0.40
0.39
0.40
0.39
0.40
0.40
0.40
0.40
0.40
0.40
0.40
0.40
9.761707 -11.861728 2.532182
