1 360
0.85
0.76
0.78
0.77
0.76
0.78
0.78
0.78
0.78
0.80
0.79
0.80
0.80
0.80
0.81
0.81
0.82
0.83
0.82
0.87
0.84
0.83
0.84
0.83
0.80
0.80
0.81
0.81
0.82
0.81
0.82
0.84
0.84
0.86
0.86
0.86
0.93
0.97
0.97
1.02
1.04
1.02
81.91
81.91
81.91
0.94
0.94
0.95
0.96
0.98
1.02
81.91
81.91
1.03
1.06
1.05
1.13
1.15
1.17
1.18
1.18
1.19
1.23
1.26
1.29
1.31
1.33
1.32
1.31
1.31
1.33
1.34
1.37
1.38
1.43
1.42
7.46
81.91
4.48
4.41
4.23
4.22
4.07
4.05
4.04
4.03
4.01
4.00
3.99
4.01
4.14
4.13
4.14
4.10
5.31
5.30
6.89
8.32
6.35
6.34
6.75
4.04
4.04
4.06
4.08
4.08
4.06
4.01
6.60
6.60
6.24
6.20
6.20
6.18
6.17
5.38
5.31
5.30
4.02
4.14
4.03
4.02
4.01
3.98
3.99
3.95
3.83
3.82
3.83
3.83
3.84
3.83
3.84
3.84
3.85
3.85
3.85
3.85
3.86
3.86
3.86
3.85
3.87
3.86
1.35
1.36
1.39
1.38
1.35
1.34
1.35
1.42
3.96
3.95
3.98
3.97
4.00
4.00
1.39
1.37
1.41
1.40
1.35
1.33
1.28
1.26
1.23
1.21
1.18
1.18
1.15
1.12
1.11
1.09
1.06
1.05
1.03
1.01
1.00
1.00
1.00
1.00
1.01
1.01
1.02
1.02
1.05
1.06
1.06
1.06
1.08
1.07
1.09
1.09
1.11
1.10
1.12
1.12
1.13
1.13
1.15
1.15
1.17
1.17
1.19
1.19
1.20
1.20
1.22
1.22
1.25
1.24
1.27
1.26
1.30
1.29
1.32
1.32
1.35
1.35
1.37
1.37
1.39
1.40
1.43
1.43
1.46
1.46
1.50
1.50
1.54
1.54
1.58
1.58
1.61
1.61
1.66
1.66
1.71
1.71
1.75
1.75
1.81
1.80
1.84
1.83
1.95
1.95
1.93
1.93
1.91
1.90
1.90
1.89
1.89
1.88
1.88
1.87
1.87
1.86
1.85
1.84
1.83
1.82
1.82
1.82
1.83
1.82
1.81
1.81
1.80
1.79
1.79
1.78
1.79
1.78
1.78
1.78
1.76
1.76
1.77
1.76
1.77
1.76
1.73
1.73
1.70
1.69
1.68
1.67
1.68
1.68
1.68
1.68
1.68
1.68
1.68
1.68
1.69
1.70
1.75
1.73
1.61
1.71
4.06
3.99
3.71
3.70
1.65
1.65
3.42
3.43
3.43
3.42
3.43
3.43
3.43
3.43
3.43
3.43
3.37
3.37
3.45
3.45
3.46
3.45
3.46
3.45
3.46
3.46
2.34
2.32
2.21
2.22
2.13
2.12
2.06
2.06
1.99
1.99
1.91
1.91
1.91
1.91
1.81
1.82
1.82
1.82
1.83
1.83
1.84
1.84
1.86
1.85
1.88
1.88
1.92
1.92
1.94
1.94
10.748558 -12.769045 2.918152
