1 360
6.50
9.90
12.50
13.92
13.86
13.77
14.07
14.55
13.80
18.44
20.02
21.59
24.03
24.29
24.29
24.27
24.27
24.26
6.38
6.40
6.42
6.42
6.42
6.42
6.42
6.43
6.43
6.43
6.40
6.29
5.74
5.30
4.73
4.34
4.05
3.91
3.64
3.47
3.33
3.33
3.33
3.32
3.34
3.35
3.29
3.27
3.16
2.88
2.89
2.91
2.90
2.91
2.90
2.87
2.90
2.93
2.96
3.01
3.04
2.20
1.98
1.95
1.97
1.95
1.95
1.92
1.86
1.83
1.79
1.77
1.74
1.70
1.68
1.65
1.61
1.58
1.56
1.54
1.52
1.48
1.47
1.44
1.42
1.41
1.39
1.37
1.35
1.32
1.32
1.30
1.28
1.27
1.25
1.24
1.22
1.21
1.19
1.18
1.17
1.16
1.14
1.13
1.12
1.12
1.10
1.09
1.07
1.06
1.05
1.05
1.04
1.04
1.03
1.02
1.01
0.99
0.99
0.98
0.98
0.97
0.96
0.95
0.94
0.94
0.93
0.90
0.85
0.84
0.82
0.82
0.82
0.81
0.81
0.81
0.80
0.79
0.78
0.78
0.78
0.78
0.77
0.77
0.76
0.77
0.76
0.76
0.76
0.75
0.75
0.75
0.75
0.75
0.73
0.73
0.72
0.72
0.72
0.71
0.71
0.72
0.72
0.73
0.73
0.73
0.73
0.74
0.74
0.74
0.74
0.74
0.73
0.73
0.73
0.73
0.73
0.73
0.73
0.73
0.72
0.72
0.72
0.71
0.71
0.72
0.72
0.71
0.71
0.71
0.71
0.70
0.70
0.70
0.70
0.70
0.70
0.70
0.71
0.71
0.71
0.71
0.71
0.71
0.71
0.71
0.71
0.71
0.71
0.71
0.71
0.71
0.71
0.71
0.71
0.71
0.71
0.72
0.71
0.70
0.70
0.70
0.69
0.67
0.67
0.67
0.67
0.67
0.67
0.68
0.68
0.69
0.75
0.80
0.80
6.45
6.47
6.49
6.50
6.51
6.55
4.78
4.89
5.31
5.36
5.15
3.37
3.32
3.23
3.21
3.21
3.18
2.98
2.96
2.96
2.92
2.91
2.92
2.93
2.92
2.92
2.97
2.98
2.98
2.95
2.95
2.97
3.11
3.56
3.54
3.48
3.45
3.76
3.90
3.93
3.96
3.97
4.00
4.03
4.11
2.99
2.95
2.91
2.90
2.87
2.86
2.89
2.90
2.93
2.96
2.92
3.00
3.04
3.07
3.09
2.96
2.90
2.93
2.96
2.98
3.02
3.05
3.09
3.32
3.31
3.29
3.26
3.25
3.17
3.13
2.13
1.52
1.39
1.32
1.31
1.28
1.27
1.27
1.26
1.28
1.31
1.35
1.47
1.48
1.50
1.53
1.55
1.58
1.61
1.63
1.66
1.69
1.72
1.76
1.79
1.82
1.85
1.89
1.92
1.97
2.02
2.06
2.11
2.17
2.22
2.28
2.34
2.40
2.45
2.47
2.47
2.49
2.54
2.54
2.53
2.52
2.52
2.51
2.51
2.59
2.68
4.25
36.683764 -13.146638 1.835310
