1 360
1.24
1.23
1.24
1.25
1.25
1.25
1.26
1.26
1.22
1.18
1.15
1.15
1.16
1.17
1.28
1.29
1.30
1.30
1.31
1.29
1.25
1.24
1.21
1.25
1.25
1.25
1.25
1.25
1.26
1.26
1.28
1.31
1.31
1.31
1.31
1.32
1.32
1.34
1.33
1.36
1.35
1.37
1.36
1.38
1.38
1.39
1.39
1.41
1.41
1.43
1.43
1.45
1.42
1.45
1.45
1.46
1.46
1.48
1.48
1.49
1.45
1.49
1.48
1.49
1.47
1.56
1.52
1.57
1.54
1.59
1.59
1.62
1.61
1.63
1.65
1.81
1.84
1.83
1.81
1.80
1.79
1.79
1.77
1.77
1.75
1.74
1.44
1.41
1.42
1.47
1.52
1.53
1.56
1.59
1.64
1.64
1.64
1.64
1.63
1.63
1.62
1.61
1.60
1.60
1.61
1.63
1.68
1.71
1.77
1.79
1.85
1.87
1.94
1.96
2.04
2.07
2.15
2.18
2.29
2.32
2.44
2.47
2.60
2.66
2.80
2.85
3.00
3.08
3.30
3.33
3.59
3.68
4.03
4.13
4.55
4.65
4.66
4.67
4.65
4.65
4.65
4.63
4.64
4.63
4.62
4.65
4.60
4.61
4.64
4.65
4.71
4.70
81.91
4.22
4.17
4.16
4.16
4.17
4.19
4.19
4.21
4.21
4.24
4.26
4.62
4.63
4.67
4.67
4.70
4.68
4.69
4.69
4.69
4.71
4.72
4.73
4.74
4.73
4.76
4.73
3.75
3.86
4.79
4.79
4.82
4.84
4.95
4.96
4.97
4.98
4.98
5.00
4.87
4.84
4.78
4.71
4.54
4.49
2.30
2.27
2.26
2.27
4.04
3.94
3.87
3.87
3.83
3.80
3.69
3.67
3.58
3.55
3.48
3.44
3.37
3.34
3.28
3.25
1.63
1.67
1.56
1.55
1.51
1.50
1.47
1.46
1.44
1.43
1.41
1.41
1.37
1.36
1.35
1.34
1.33
1.32
1.29
1.29
1.26
1.25
1.24
1.24
1.22
1.22
1.20
1.19
1.18
1.18
1.16
1.16
1.14
1.13
1.12
1.12
1.11
1.10
1.08
1.09
1.07
1.06
1.06
1.06
1.06
1.05
1.04
1.04
1.03
1.03
1.01
1.01
1.00
0.99
0.99
0.98
0.97
0.97
0.97
0.97
0.96
0.96
0.95
0.95
0.95
0.94
0.94
0.94
0.93
0.93
0.93
0.92
0.92
0.92
0.91
0.91
0.90
0.90
0.90
0.91
0.91
0.89
0.89
0.88
0.89
0.89
0.89
0.89
0.88
0.88
0.88
0.88
0.88
0.88
0.88
0.88
0.88
0.87
0.88
0.87
0.87
0.87
0.87
0.87
0.87
0.87
0.86
0.85
0.87
0.86
0.85
0.85
0.85
0.85
0.85
0.85
0.85
0.85
0.85
0.85
0.85
0.85
0.85
0.86
0.85
0.85
0.86
0.86
0.85
0.86
0.86
0.86
0.87
0.86
0.87
0.86
0.87
0.87
0.87
0.87
0.88
0.88
37.789752 -12.081085 2.724223
