1 360
13.16
13.28
11.09
10.97
10.98
10.98
10.97
10.98
10.98
9.55
9.38
9.10
3.38
3.36
3.37
3.37
3.38
3.32
3.30
3.13
2.95
2.66
2.54
2.30
1.94
1.88
1.89
1.88
1.88
1.83
1.73
1.58
1.55
1.46
1.43
1.36
1.34
1.27
1.25
1.19
1.17
1.12
1.11
1.04
1.04
1.00
0.99
0.95
0.95
0.91
0.91
0.86
0.87
0.83
0.83
0.79
0.80
0.77
0.76
0.74
0.74
0.72
0.73
0.70
0.70
0.58
0.61
0.57
0.57
0.53
0.56
0.54
0.54
0.52
0.53
0.53
0.53
0.53
0.54
0.55
0.55
0.57
0.57
0.57
0.57
0.58
0.58
0.56
0.56
4.52
4.54
1.10
1.11
1.09
1.10
1.10
1.08
1.08
1.11
1.08
1.08
1.08
1.09
1.08
1.09
1.06
1.06
1.15
1.19
1.17
1.16
1.10
1.09
1.15
5.78
5.81
5.88
5.81
5.80
5.80
5.86
5.92
5.90
5.86
5.78
5.83
3.60
3.57
3.57
3.55
3.56
3.56
3.58
3.60
3.68
3.72
3.80
3.87
3.94
4.16
3.22
3.04
3.03
3.00
3.00
2.98
2.96
2.95
2.95
2.94
2.94
2.93
2.94
2.92
2.93
2.93
3.06
3.53
3.60
3.58
3.72
3.83
3.82
3.82
3.83
3.88
3.89
3.89
3.89
3.88
3.88
3.86
3.86
3.85
3.83
3.45
3.44
3.85
5.91
5.89
5.90
5.90
5.90
5.89
5.84
5.06
4.93
4.92
4.91
4.90
4.90
4.90
4.91
4.91
4.93
4.99
5.83
5.84
5.77
5.41
5.21
4.72
4.66
4.67
4.68
4.67
4.68
4.66
4.68
4.68
4.70
4.72
4.72
4.66
4.44
4.29
4.17
3.28
3.07
3.06
3.04
3.03
3.05
3.05
3.05
3.13
3.09
3.03
1.39
1.37
1.32
1.28
1.26
1.25
1.23
1.19
1.17
1.13
1.10
1.08
1.06
1.05
1.02
1.01
1.01
1.00
0.97
0.94
0.91
0.90
0.88
0.86
0.84
0.83
0.81
0.81
0.79
0.78
0.76
0.75
0.75
0.74
0.72
0.72
0.71
0.71
0.70
0.69
0.69
0.68
0.68
0.67
0.66
0.65
0.65
0.64
0.63
0.63
0.62
0.62
0.61
0.60
0.60
0.60
0.61
0.60
0.63
0.62
0.62
0.62
0.59
0.60
0.62
0.62
0.62
0.61
0.61
0.62
0.59
0.59
0.57
0.57
0.56
0.56
0.56
0.56
0.55
0.55
0.58
0.59
0.61
0.61
0.63
0.62
0.68
0.68
0.70
0.70
0.72
0.73
0.77
0.77
0.80
0.80
0.84
0.84
0.87
0.88
0.93
0.93
0.93
0.93
0.93
0.94
0.99
1.00
1.02
1.04
1.12
1.13
1.20
1.22
1.34
1.37
1.45
1.48
1.58
1.62
1.72
1.72
1.66
1.65
1.69
1.70
1.90
1.90
1.88
1.88
2.37
2.37
33.321974 -11.567148 1.287672
