1 360
1.31
1.12
1.11
1.11
1.11
1.12
1.12
1.12
1.13
1.35
1.38
1.39
1.40
1.42
1.65
2.16
2.16
2.17
2.17
2.18
2.19
2.20
2.21
2.22
2.14
1.62
2.15
2.25
2.26
2.27
2.27
2.25
2.29
1.64
1.57
2.22
81.91
2.23
2.27
2.25
2.29
2.27
2.31
2.30
2.34
2.34
2.36
2.38
2.38
2.41
2.41
2.28
2.15
2.45
2.47
2.46
2.51
2.52
2.55
2.58
2.58
2.60
2.64
2.64
81.91
2.62
2.58
2.56
2.63
2.96
3.00
3.03
3.06
3.08
3.08
3.16
3.18
3.22
3.25
3.29
3.33
3.25
3.23
3.24
3.23
3.23
3.29
3.31
3.47
3.52
3.56
3.62
3.66
2.17
2.15
2.12
2.16
4.00
3.99
3.20
3.36
4.47
4.56
4.62
4.56
4.56
4.62
3.54
3.39
3.38
2.97
3.24
2.92
3.30
3.36
3.51
3.62
3.65
3.71
3.72
2.92
5.60
3.78
5.57
5.55
5.54
5.54
5.51
5.49
2.89
2.84
2.92
2.84
3.17
3.03
1.95
1.93
1.93
1.92
1.91
1.95
2.64
2.64
2.62
2.66
3.22
3.08
3.04
3.04
3.03
3.04
3.05
3.07
3.06
3.08
3.66
3.69
3.68
3.34
3.27
3.27
3.25
3.26
3.36
3.45
3.64
3.90
3.71
3.96
3.78
3.18
2.87
2.94
2.86
2.95
2.71
2.75
2.75
2.76
2.76
1.93
1.94
1.86
1.52
1.48
1.46
1.46
1.45
1.47
1.46
1.42
1.38
1.40
1.38
1.37
1.36
1.42
1.44
1.45
1.45
1.46
1.45
1.46
1.45
1.45
1.44
1.44
1.44
1.44
1.43
1.44
1.45
1.49
1.47
1.48
1.47
1.48
1.47
1.48
1.50
1.54
1.61
1.63
1.62
1.66
1.74
2.34
2.36
2.62
2.57
2.57
2.59
2.60
2.62
2.65
2.66
2.69
2.69
2.71
2.73
2.76
2.78
2.80
2.82
2.86
4.95
4.91
4.88
2.85
2.81
2.81
2.84
4.58
4.61
4.60
4.57
4.55
4.51
4.48
4.42
4.41
4.39
4.36
4.34
4.31
4.28
4.25
4.23
4.19
4.15
4.17
4.18
4.16
4.14
4.12
4.09
4.06
81.91
81.91
81.91
81.91
81.91
81.91
81.91
81.91
81.91
81.91
81.91
81.91
81.91
81.91
81.91
81.91
81.91
0.40
81.91
0.38
0.37
0.36
0.36
0.36
0.36
0.37
0.36
0.36
0.36
0.36
0.36
0.36
0.36
0.36
0.36
0.37
0.37
0.36
0.36
0.37
0.36
0.36
0.36
0.35
0.36
0.35
0.34
0.35
0.35
0.36
0.36
0.37
0.36
0.37
0.37
0.36
0.36
0.36
0.35
0.35
0.35
0.36
0.35
0.35
0.35
0.35
0.35
0.35
0.35
0.35
0.36
0.37
0.37
0.41
0.38
81.91
81.91
81.91
81.91
81.91
81.91
81.91
81.91
33.754218 -23.011297 0.705531
