1 360
1.13
1.13
1.13
1.13
1.13
1.12
1.13
1.12
1.12
1.12
1.12
1.12
1.12
1.12
1.12
1.12
1.13
1.13
1.12
1.10
1.10
1.10
1.09
1.10
1.10
2.63
4.92
3.14
6.72
3.17
3.22
3.29
3.31
6.74
2.48
2.47
2.52
6.89
6.91
6.90
6.95
6.96
6.97
6.90
6.90
6.92
6.94
6.96
6.85
6.62
6.46
6.28
6.20
6.07
5.95
5.83
5.66
5.57
5.45
5.34
5.24
5.13
5.04
5.02
5.01
5.03
4.95
4.99
5.12
5.14
5.16
5.17
5.21
5.29
6.07
5.91
5.90
5.80
5.73
5.40
5.34
5.37
5.39
5.39
5.33
5.27
5.22
5.16
1.62
1.60
1.61
1.61
1.60
1.57
1.57
1.52
1.52
1.51
1.52
1.55
1.59
1.62
1.63
1.65
1.67
1.68
1.70
1.71
1.73
1.75
1.77
1.79
1.81
1.83
1.84
1.83
1.83
1.85
1.89
1.88
1.88
1.83
1.83
1.83
1.83
1.81
1.81
1.81
1.83
1.86
1.89
1.91
1.95
2.01
2.08
2.43
2.49
2.52
2.57
2.61
2.66
2.71
2.77
2.82
2.88
2.94
3.00
3.07
3.14
3.20
3.19
3.26
3.27
3.24
3.24
3.22
3.23
3.21
3.20
3.22
3.23
3.21
3.22
3.20
3.20
3.19
3.19
3.18
3.18
3.17
3.17
3.16
3.16
3.15
3.15
3.14
3.12
3.10
3.10
3.08
5.96
5.38
5.27
5.26
5.26
5.26
5.26
5.26
5.26
5.24
5.25
5.25
5.25
5.25
5.35
5.29
5.27
5.27
5.28
5.30
5.42
5.46
5.52
5.41
5.57
6.08
6.10
6.10
6.12
6.12
6.01
5.77
5.52
3.26
3.27
3.23
3.18
3.15
3.18
3.21
3.22
3.22
3.24
3.23
3.26
3.26
3.27
3.27
3.28
3.28
3.30
3.31
3.33
3.34
3.34
3.32
3.34
3.35
3.36
3.37
3.38
3.39
3.37
3.33
3.29
3.24
3.17
3.13
3.08
3.03
2.98
2.94
2.89
2.85
2.81
2.77
2.73
2.70
2.66
2.63
2.60
2.56
2.53
2.47
2.22
2.16
2.14
2.11
2.08
2.06
2.04
2.02
2.02
2.02
2.05
2.05
2.08
2.09
2.13
2.12
2.08
2.06
2.08
2.07
2.06
2.03
2.03
2.01
1.99
1.98
1.97
1.95
1.94
1.92
1.90
1.90
1.87
1.86
1.82
1.81
1.80
1.79
1.84
1.87
1.88
1.89
1.86
1.86
1.90
1.92
2.00
2.02
2.08
2.10
2.16
2.20
2.26
2.30
2.38
2.41
2.49
2.53
2.60
2.60
2.71
7.67
7.58
7.50
7.48
7.45
6.83
6.60
6.71
5.36
6.90
3.80
3.72
3.74
3.81
3.81
3.82
3.81
7.31
4.41
4.36
4.30
3.37
3.48
4.30
4.30
3.99
3.71
3.63
3.62
3.53
3.51
3.68
3.67
3.72
6.19
34.377844 -18.740930 -1.235114
