1 360
0.86
0.85
0.83
0.82
0.84
0.77
0.75
0.81
0.83
0.82
0.81
0.81
0.83
0.85
0.85
0.84
0.84
0.83
0.83
0.81
0.80
0.79
0.78
0.77
0.76
0.75
0.76
0.78
0.77
0.78
0.79
0.79
0.79
0.81
0.81
0.82
0.83
0.86
0.86
0.87
0.88
0.89
0.90
0.91
0.92
0.94
0.95
0.95
0.96
0.98
1.00
1.02
1.03
1.05
1.05
1.06
1.06
1.08
1.09
1.31
1.92
1.94
1.93
1.92
1.91
1.90
1.89
1.90
1.90
0.77
0.77
0.78
0.77
0.73
0.73
0.71
0.72
0.72
0.70
0.71
0.71
0.70
0.71
0.70
0.70
0.69
0.69
0.68
0.70
0.69
0.69
0.70
0.70
0.68
0.67
1.92
1.97
1.85
1.76
1.71
1.72
1.85
1.92
1.84
1.88
1.89
1.83
1.92
1.89
1.83
1.91
1.85
1.84
1.93
1.85
1.86
1.93
1.83
1.86
1.89
1.83
1.86
1.85
1.83
1.88
1.87
1.83
1.93
1.97
1.97
1.93
1.95
1.96
1.97
1.98
1.98
1.98
1.98
1.99
1.99
2.00
2.00
2.00
2.01
2.02
2.02
2.03
2.03
2.03
2.03
2.04
2.04
2.05
2.06
2.06
2.07
2.08
2.09
2.09
2.10
2.09
2.01
1.99
2.04
2.02
2.03
2.04
2.04
2.07
2.04
2.09
2.08
2.09
2.10
2.10
2.13
2.13
2.15
2.15
2.17
2.16
2.20
2.19
2.23
2.22
2.25
2.25
2.28
2.28
2.31
2.31
2.32
2.34
2.36
2.37
2.39
2.41
2.42
2.45
2.47
2.50
2.67
2.69
2.71
2.73
2.73
2.71
2.79
2.81
2.78
2.83
2.90
2.92
2.95
2.98
3.02
3.04
2.97
2.94
2.96
2.99
3.03
3.05
3.10
3.13
3.17
3.21
3.24
3.28
3.33
3.36
3.43
3.47
3.46
3.12
3.02
3.01
2.99
2.98
2.96
2.95
3.00
3.06
3.12
3.17
3.24
3.31
3.61
3.82
3.81
2.42
2.36
2.38
2.44
3.33
2.90
2.87
2.87
2.88
2.74
2.65
2.63
2.63
1.83
1.56
1.70
1.56
3.11
3.57
3.57
3.56
3.53
3.50
3.51
3.53
3.53
3.53
3.52
3.51
3.01
3.51
3.51
3.50
3.48
3.48
3.49
3.49
3.50
1.13
1.13
1.14
3.17
3.04
3.43
3.47
3.49
3.48
3.47
3.49
81.91
81.91
81.91
0.25
0.23
0.22
0.22
0.21
0.20
0.21
0.22
0.21
0.22
0.22
0.21
0.22
0.22
0.22
0.22
0.22
0.22
0.22
0.22
0.23
0.22
0.22
0.22
0.23
0.22
0.22
0.23
0.22
0.23
0.23
0.22
0.22
0.22
0.22
0.22
0.22
0.22
0.22
0.23
0.23
0.23
0.22
0.22
0.22
0.23
0.23
0.24
0.24
0.23
0.23
0.24
0.24
0.25
0.24
0.25
0.24
0.25
5.337228 -2.768859 -2.518103
