1 360
8.43
9.10
6.72
6.38
6.36
6.27
6.26
6.25
6.26
3.58
3.58
3.63
3.62
3.63
3.63
3.64
3.65
3.67
3.67
3.69
3.69
3.71
3.71
3.72
3.73
3.75
3.76
3.80
3.80
3.81
3.81
3.84
3.85
3.86
3.87
3.90
3.91
3.92
3.94
3.96
3.96
4.00
4.00
4.03
4.04
4.06
4.07
4.11
4.12
4.12
4.12
4.21
4.24
4.27
4.28
4.32
4.33
4.37
4.39
4.44
4.45
1.21
1.21
1.16
1.16
1.14
1.14
1.13
1.14
1.11
1.12
1.14
1.14
1.24
1.24
1.26
1.27
1.29
1.30
1.32
1.32
1.34
1.35
1.36
1.37
1.39
1.40
1.41
1.42
1.45
1.46
1.49
1.49
1.52
1.53
1.56
1.57
1.59
1.59
1.63
1.64
1.68
1.69
1.72
1.74
1.78
1.80
1.82
1.84
1.88
1.90
1.96
1.98
2.01
2.04
2.10
2.13
2.17
2.19
2.27
2.31
2.34
2.34
2.31
2.31
2.50
2.53
2.62
2.66
2.76
2.79
2.90
2.94
3.07
3.12
3.28
3.34
3.50
3.59
3.67
3.67
4.00
3.98
3.97
3.97
3.95
3.96
3.84
3.75
3.83
3.93
3.92
3.92
3.92
3.92
4.37
4.41
4.80
5.16
5.28
5.30
5.25
5.24
5.25
5.33
5.22
5.27
5.24
5.23
5.23
5.25
5.26
5.20
5.23
5.23
3.52
3.64
3.61
3.51
3.22
3.23
1.98
1.96
1.96
1.97
5.30
5.30
5.31
5.31
1.92
1.92
1.92
1.93
2.80
2.78
2.52
2.49
5.43
3.67
2.06
2.08
3.63
3.57
3.47
3.47
5.54
5.55
1.17
81.91
81.91
5.65
2.85
2.82
2.81
5.72
5.76
5.77
5.79
2.22
2.17
2.18
2.18
2.19
2.17
3.76
2.22
2.18
2.18
2.20
2.21
2.20
1.36
1.38
1.37
6.47
7.80
8.08
7.85
7.82
3.75
7.60
7.49
6.99
81.91
81.91
7.30
7.02
6.85
6.88
6.94
6.97
6.76
6.71
6.61
6.58
0.78
0.79
0.78
3.70
6.28
6.26
6.18
6.16
6.12
0.52
0.51
0.52
0.50
0.52
0.51
0.53
0.54
0.55
0.56
5.65
5.62
5.58
3.28
3.30
3.34
3.32
3.29
5.40
5.37
5.36
5.33
5.31
5.27
5.27
4.03
4.01
4.00
3.70
5.20
5.23
5.16
5.19
5.17
5.14
5.12
3.11
3.01
2.95
2.96
2.94
2.93
1.66
1.65
4.89
1.11
1.13
1.17
1.16
1.18
1.26
1.36
2.61
1.27
1.27
1.27
1.27
1.25
1.26
4.78
4.77
1.50
3.54
3.04
4.74
2.62
2.14
2.29
2.81
4.70
4.70
4.61
2.86
1.95
3.13
4.59
4.63
4.64
4.59
4.60
4.58
4.57
4.61
4.61
4.63
4.63
4.59
4.59
4.60
4.59
4.64
4.61
4.63
4.65
4.71
4.72
33.092999 -20.449702 1.529743
