1 360
0.97
0.97
0.97
0.97
0.97
0.97
0.97
0.96
0.97
0.96
0.96
0.96
0.96
0.96
0.96
0.96
0.96
0.96
0.96
0.96
0.97
0.97
0.97
0.97
0.97
0.97
0.96
0.96
0.97
2.02
2.01
2.03
2.04
2.11
2.12
2.18
2.18
2.19
2.20
2.28
2.29
3.51
3.50
3.50
3.49
3.51
3.54
3.56
3.61
3.65
3.65
3.66
3.66
3.67
3.69
3.71
3.72
3.73
3.73
3.75
3.76
3.80
3.81
3.82
3.81
1.87
1.86
1.83
1.83
1.85
1.86
3.68
3.67
3.44
3.45
3.58
3.65
3.96
3.97
3.99
4.00
4.03
4.05
4.08
4.09
4.13
3.93
3.63
3.63
3.63
3.65
3.68
3.67
3.58
3.58
3.40
3.25
3.00
3.00
3.04
3.05
3.11
3.12
3.23
3.24
3.18
3.18
2.67
2.65
3.07
3.06
3.10
3.14
2.19
2.19
2.98
2.97
2.89
2.89
2.86
2.86
2.83
2.83
2.78
2.78
2.73
2.75
2.71
2.70
2.68
2.68
2.65
2.65
2.61
2.53
2.60
2.60
2.57
2.57
2.54
2.54
2.52
2.52
2.50
2.51
2.49
2.49
2.45
2.46
2.43
2.43
2.42
2.42
2.39
2.39
2.36
2.37
2.63
2.80
2.77
2.78
2.39
2.38
2.31
2.32
2.29
2.30
2.30
2.31
2.29
2.30
2.28
2.29
2.28
2.28
2.27
2.27
2.26
2.26
2.25
2.26
2.25
2.25
2.24
2.24
2.23
2.24
2.23
2.23
2.22
2.23
2.23
2.23
2.22
2.22
2.21
2.23
2.21
2.22
2.21
2.22
2.21
2.22
2.21
2.22
2.22
2.22
2.22
2.23
2.23
2.23
2.22
2.23
2.23
2.24
2.24
2.24
2.24
2.25
2.24
2.24
2.24
2.24
2.28
2.33
2.84
2.85
2.86
2.86
2.85
2.84
2.63
2.64
2.61
2.61
2.66
2.73
2.93
2.85
2.75
2.76
2.75
2.82
3.00
3.01
3.03
3.03
2.54
2.50
2.50
2.51
2.52
2.53
2.57
3.11
3.16
3.17
3.19
3.21
3.23
3.25
3.25
3.28
3.30
3.31
3.34
3.34
3.21
3.03
3.17
3.31
3.31
3.29
3.27
3.30
3.26
3.23
2.98
2.86
2.83
2.84
2.86
2.88
2.95
2.97
3.13
3.79
3.82
3.86
3.87
3.86
3.88
6.12
6.04
6.03
5.94
5.92
5.85
5.83
5.77
5.75
5.70
5.68
5.61
5.60
1.22
1.12
81.91
81.91
81.91
1.68
5.00
5.02
2.34
2.32
2.34
2.34
2.32
2.32
2.29
2.29
2.28
2.26
2.24
2.25
2.22
2.23
2.21
2.21
1.89
1.72
1.99
2.16
1.38
1.31
2.13
2.14
2.13
2.13
2.12
2.12
2.11
2.11
2.10
2.09
2.09
2.08
2.07
2.07
1.66
1.36
1.37
1.35
1.35
1.33
1.35
1.36
1.36
1.37
1.64
31.558148 -7.618702 2.571897
