1 360
3.47
3.47
3.46
3.46
3.46
3.38
3.14
3.17
3.36
3.35
3.36
3.34
3.29
3.32
3.41
3.41
3.41
3.40
3.40
3.41
3.41
3.42
3.51
3.55
3.52
3.49
3.48
3.50
3.57
3.58
3.43
3.38
3.24
3.22
3.22
3.22
3.25
3.25
3.27
3.27
3.29
3.30
3.32
3.32
3.34
3.36
3.45
3.43
3.56
3.60
3.89
3.90
3.93
3.93
3.97
3.97
4.01
4.01
4.02
4.03
4.10
4.11
4.05
4.02
3.95
3.91
3.85
3.81
3.87
3.93
4.44
4.43
4.33
4.30
4.31
4.29
4.62
4.64
4.69
4.71
4.77
4.79
4.85
4.86
4.92
4.94
5.00
5.00
5.00
5.03
5.15
2.77
2.75
2.73
2.73
2.72
2.71
2.71
2.72
2.71
2.78
2.79
2.84
2.86
2.89
2.25
2.12
2.09
2.07
2.05
2.05
2.03
2.01
2.00
1.99
1.99
1.98
1.98
1.97
1.96
1.97
1.96
1.96
1.96
2.09
2.55
2.94
2.94
3.93
3.91
3.89
2.92
2.88
2.86
2.86
2.85
2.84
2.83
2.83
2.82
2.81
2.80
2.86
2.89
2.87
2.85
2.84
2.83
2.84
2.83
2.82
2.82
2.81
2.81
2.82
2.75
2.38
2.36
2.54
2.65
2.84
2.85
4.82
4.80
4.84
4.81
4.84
4.84
4.84
4.83
4.83
4.77
3.98
3.91
3.86
3.85
3.85
3.84
3.84
3.83
3.84
3.84
3.86
3.86
3.88
3.95
4.74
4.74
4.72
4.46
4.25
4.14
3.60
3.57
3.56
3.57
3.61
3.61
3.63
3.65
3.66
3.63
3.63
3.63
3.63
3.63
3.66
3.65
3.52
3.47
3.32
3.28
3.14
3.11
2.98
2.95
2.69
2.66
2.20
2.15
2.04
2.04
2.02
2.00
2.01
2.01
2.02
2.02
2.04
2.05
2.13
2.13
2.06
2.05
2.00
1.99
1.94
1.93
1.88
1.87
1.73
1.72
1.72
1.72
1.73
1.74
1.76
1.75
4.28
4.29
4.35
4.35
3.34
3.31
3.26
3.24
3.19
3.17
3.12
3.11
3.06
3.05
3.03
3.03
3.08
3.07
3.02
3.04
3.10
3.10
3.17
3.16
3.30
3.31
3.38
3.38
3.45
3.46
3.51
3.52
3.59
6.25
6.02
6.06
6.17
6.16
6.10
6.09
6.02
6.00
6.42
5.80
5.74
5.71
5.68
5.79
5.73
5.66
0.49
0.50
0.49
0.49
0.48
0.48
0.49
0.49
0.49
0.49
0.48
0.48
0.48
0.48
0.47
0.47
0.47
0.47
0.47
0.46
0.46
0.46
0.46
0.46
0.45
0.46
0.45
0.45
0.46
0.44
0.46
0.45
0.44
0.45
0.45
0.44
0.44
0.44
0.44
0.44
0.44
0.43
0.43
0.44
0.42
0.42
0.43
0.42
0.42
0.42
0.42
0.42
0.42
0.42
0.42
0.42
0.42
0.41
0.42
0.41
0.42
0.42
33.498967 -10.536788 1.297971
