1 360
0.97
0.96
0.96
0.96
0.96
0.95
0.92
0.76
0.76
0.75
0.75
0.76
0.77
0.73
0.73
0.72
0.71
0.73
0.75
0.76
0.76
0.78
0.78
0.76
0.81
0.97
0.97
0.96
0.98
0.98
0.97
0.97
0.97
0.97
0.97
0.97
0.97
0.98
0.97
0.97
0.97
0.97
0.98
0.98
0.98
0.99
0.98
0.98
0.99
0.98
0.99
1.00
1.00
0.99
0.99
0.98
0.97
0.96
0.96
0.95
0.95
0.95
0.96
0.98
0.96
0.95
0.97
0.98
0.94
0.99
1.01
1.01
81.91
1.01
1.03
1.11
1.11
81.91
1.10
1.13
1.10
1.12
1.13
1.14
1.15
1.15
1.15
1.16
1.16
1.17
1.18
1.18
1.19
1.21
1.20
1.22
1.23
1.24
1.24
1.24
1.25
1.22
1.22
1.20
1.21
1.23
1.23
1.30
1.36
1.42
1.44
1.47
1.49
1.73
1.84
1.99
1.67
1.30
1.27
1.25
1.24
1.25
1.25
1.25
1.26
1.27
1.28
1.32
1.33
1.31
1.30
1.30
1.29
1.29
1.29
1.27
1.27
1.26
1.26
1.25
1.25
1.23
1.23
1.21
1.22
1.21
1.21
1.20
1.20
1.19
1.20
1.18
1.19
1.23
1.24
1.29
1.31
1.35
1.36
1.42
1.45
1.50
1.52
1.58
1.62
1.65
1.64
1.64
1.68
1.96
2.00
2.00
2.01
2.08
2.04
2.01
2.08
2.00
2.01
2.01
2.00
2.06
2.01
2.01
2.05
1.99
2.02
1.99
1.98
2.05
1.99
2.02
2.05
1.97
2.01
1.99
1.98
2.04
1.98
2.01
2.04
1.99
2.02
1.99
1.99
2.03
1.99
1.99
2.00
1.99
2.04
2.00
2.00
2.10
2.11
2.11
2.12
2.12
2.12
2.12
2.13
2.13
2.13
2.13
2.14
2.14
2.15
2.15
2.15
2.16
2.17
2.17
2.19
2.19
2.19
2.19
2.18
2.12
2.09
2.05
2.01
1.76
1.76
1.72
1.72
1.83
1.82
1.77
1.74
1.74
1.89
2.22
2.21
2.25
2.24
2.28
2.27
2.28
2.27
1.59
81.91
81.91
81.91
81.91
81.91
81.91
81.91
81.91
81.91
81.91
81.91
81.91
81.91
81.91
81.91
81.91
81.91
81.91
81.91
81.91
81.91
81.91
1.29
1.27
1.26
1.25
1.25
1.23
1.23
1.23
1.25
1.26
1.27
1.28
1.29
1.31
1.32
1.33
1.35
1.35
1.37
1.38
1.39
1.42
1.42
1.44
1.46
1.49
1.49
1.50
1.51
1.56
1.58
2.01
1.69
1.66
3.57
3.56
3.54
1.65
1.65
1.68
3.62
2.97
2.96
2.95
2.77
2.73
2.72
1.62
2.81
2.86
1.57
1.57
1.59
3.30
1.57
3.29
3.28
3.26
3.26
3.24
3.23
3.22
3.22
3.21
3.20
3.20
3.25
3.50
3.57
3.65
3.64
3.63
3.63
3.63
3.62
3.62
3.61
3.60
36.774948 -8.715207 1.099069
