1 360
0.68
0.72
0.73
0.79
0.79
0.74
0.73
0.68
0.68
0.74
0.74
0.80
0.80
0.72
0.71
0.68
0.68
0.76
0.76
0.80
0.80
0.71
0.70
0.70
0.70
0.77
0.78
0.76
0.76
0.69
0.69
0.72
0.74
0.80
0.80
0.73
0.73
0.70
0.70
0.77
0.77
0.77
0.76
0.73
0.73
0.73
0.72
0.78
0.78
0.75
0.74
0.73
0.74
0.78
0.79
0.78
0.78
0.75
0.75
0.78
0.79
0.80
0.80
0.76
0.77
0.80
0.81
0.82
0.82
0.78
0.79
0.84
0.83
0.84
0.83
0.81
0.82
0.86
0.87
0.85
0.84
0.87
0.88
0.89
0.88
0.87
0.88
0.93
0.93
0.88
0.90
1.01
1.06
1.08
1.09
1.10
1.11
1.11
1.13
1.14
1.16
1.16
1.15
1.12
1.11
1.20
1.21
1.19
1.19
1.17
1.16
1.15
1.15
1.13
1.14
1.13
1.14
1.11
1.11
1.10
1.09
1.07
1.09
1.11
1.13
1.15
1.20
1.37
1.39
1.43
1.42
1.37
1.37
1.37
1.33
1.08
1.05
1.05
1.05
1.04
1.04
1.03
1.03
1.02
1.02
1.01
1.01
1.00
1.01
0.99
1.00
0.99
1.00
0.98
0.98
0.97
0.98
0.97
0.97
0.97
0.97
0.97
0.97
0.97
0.97
0.96
0.97
0.97
0.97
0.96
0.96
0.95
0.95
0.94
0.95
0.94
0.94
0.93
0.94
0.94
0.94
0.94
0.94
0.94
0.94
0.94
0.94
0.94
0.95
0.94
0.95
0.94
0.95
0.95
0.95
0.95
0.96
0.95
0.96
0.95
0.96
0.95
0.96
0.96
0.97
0.96
0.97
0.97
0.97
0.97
0.97
0.97
0.97
0.97
0.98
0.97
0.98
0.98
0.98
0.98
1.00
1.00
0.94
0.92
0.87
0.87
0.88
0.88
1.02
1.03
1.03
1.02
1.03
1.02
1.04
1.03
1.00
1.00
1.01
1.01
1.02
1.03
1.11
1.11
1.12
1.12
1.13
1.13
1.15
1.14
1.16
1.16
1.17
1.17
1.19
1.19
1.21
1.21
1.21
1.22
1.23
1.23
1.24
1.24
1.26
1.26
1.29
1.28
1.30
1.30
1.32
1.32
1.34
1.34
1.36
1.36
1.38
1.38
1.40
1.40
1.43
1.43
1.46
1.46
1.48
1.49
1.52
1.52
1.54
1.54
1.58
1.58
1.61
1.62
1.65
1.66
1.68
1.69
1.73
1.73
1.77
1.74
1.73
1.73
81.91
81.91
81.91
81.91
81.91
81.91
81.91
81.91
81.91
81.91
81.91
81.91
81.91
0.33
81.91
81.91
2.52
81.91
2.60
2.63
2.69
2.70
2.69
2.68
2.72
2.71
3.13
3.15
3.30
3.36
2.72
2.72
2.65
2.64
2.63
2.62
2.61
2.62
2.62
2.60
2.60
2.60
2.59
2.59
2.59
2.59
2.58
2.57
2.57
2.57
2.56
2.56
1.99
1.91
1.82
1.82
34.026924 -10.021388 -2.402981
