1 360
3.32
3.40
3.40
3.72
3.72
3.74
3.75
3.76
3.76
3.81
3.81
3.80
3.80
3.82
3.82
3.84
3.84
3.89
3.89
3.73
3.73
3.62
3.62
3.63
3.63
4.12
4.12
4.22
4.22
4.07
4.07
4.07
4.07
4.35
4.35
4.42
4.41
4.46
4.46
4.51
4.51
4.57
4.58
2.45
2.46
2.42
2.42
2.39
2.40
2.39
2.39
2.40
2.38
2.46
2.47
1.78
1.79
1.71
1.71
1.67
1.68
1.64
1.65
1.63
1.63
1.60
1.62
1.59
1.60
1.59
1.59
1.62
1.62
1.72
1.68
1.90
1.90
2.57
2.31
2.64
2.65
2.61
2.61
2.58
2.59
2.55
2.55
3.54
3.55
2.50
2.50
2.47
2.48
2.46
2.46
2.45
2.45
2.41
2.42
2.36
2.39
2.34
2.33
2.44
2.45
2.42
2.43
2.40
2.41
2.38
2.39
2.38
2.38
2.36
2.37
2.15
2.15
1.89
1.91
2.05
2.07
2.35
2.35
3.90
3.92
4.34
4.35
4.35
4.35
4.38
4.38
4.37
4.37
4.36
4.37
4.36
4.36
3.65
3.56
3.38
3.39
3.36
3.37
3.36
3.36
3.35
3.36
3.35
3.36
3.36
3.37
3.40
3.44
4.27
4.28
4.27
4.29
3.89
3.89
3.51
3.49
3.10
3.10
3.09
3.09
3.13
3.13
3.14
3.15
3.16
3.16
3.17
3.19
3.15
3.15
3.19
3.20
3.20
3.19
3.02
3.02
2.88
2.87
2.74
2.73
2.61
2.60
2.50
2.50
2.27
2.26
2.21
2.22
2.21
2.20
1.76
1.65
1.58
1.60
1.60
1.61
1.56
1.58
1.59
1.60
1.61
1.62
1.63
1.64
1.70
1.71
1.67
1.67
1.62
1.62
1.59
1.59
1.55
1.56
1.51
1.51
1.48
1.48
1.45
1.44
1.34
1.33
1.31
1.31
1.31
1.32
1.34
1.36
1.45
1.49
2.80
2.80
2.74
2.74
2.70
2.70
2.66
2.66
2.71
2.72
2.69
2.67
2.72
2.73
2.77
2.80
2.86
2.86
3.04
3.05
3.11
3.13
3.19
3.21
3.25
3.29
5.04
4.96
4.84
4.84
4.96
5.11
5.58
5.57
5.31
5.36
5.51
5.50
5.30
5.39
5.43
5.43
5.36
5.39
5.35
5.35
5.31
5.31
5.27
5.27
5.26
5.25
5.25
5.29
5.35
5.27
5.15
5.15
5.13
5.13
5.10
5.10
5.06
5.06
5.04
5.04
5.01
5.01
5.00
5.00
4.98
4.98
4.96
4.96
4.94
4.95
4.94
4.94
4.92
4.93
4.92
4.91
4.90
5.21
5.47
5.47
2.76
2.79
1.03
1.01
1.00
1.01
0.90
0.90
0.87
0.87
0.87
0.87
0.87
0.87
0.88
0.87
81.91
81.91
81.91
81.91
5.54
5.55
81.91
3.02
2.96
2.96
3.01
3.02
4.94
4.95
4.98
5.01
5.03
5.13
5.58
5.60
5.65
1.85
1.80
33.524515 -9.956394 1.337650
