1 360
1.32
1.31
1.31
1.31
1.31
1.30
1.30
1.30
1.30
1.30
1.29
1.29
1.29
1.29
1.28
1.28
1.28
1.27
1.27
1.26
1.26
1.26
1.26
1.26
1.25
1.25
1.25
1.24
1.25
1.25
1.24
1.30
1.76
1.78
1.79
1.79
1.79
1.80
1.81
1.81
1.81
1.80
1.80
1.81
1.82
1.82
1.81
1.81
1.81
1.69
1.59
1.60
1.59
1.56
1.57
1.60
1.60
1.61
1.76
1.86
1.86
1.86
1.82
1.71
1.69
1.68
1.68
1.67
1.72
1.86
1.92
1.92
1.94
1.94
1.94
1.93
1.45
1.40
1.41
1.41
1.42
1.42
1.42
1.42
1.43
1.43
1.45
1.54
2.06
2.08
2.09
2.09
2.11
2.11
2.13
2.14
2.16
2.16
2.18
2.18
2.20
2.20
2.22
2.24
2.25
2.25
2.29
2.29
2.28
2.25
1.99
1.93
2.08
2.25
2.23
2.21
2.20
2.21
2.23
2.22
2.20
2.17
2.16
2.15
2.12
2.10
1.83
1.78
1.77
1.78
1.79
1.80
1.83
1.84
1.89
1.94
2.07
2.21
2.85
2.90
4.90
4.88
4.83
4.81
4.78
4.75
4.72
4.70
4.67
4.65
4.63
4.61
4.58
4.56
4.54
4.19
3.80
3.76
3.79
3.82
4.02
4.04
4.15
4.21
4.25
4.27
4.32
4.29
4.27
4.25
4.24
4.23
4.22
4.21
4.19
4.18
4.17
4.16
4.16
4.14
4.13
4.12
4.11
4.10
4.09
4.09
4.08
4.07
1.55
1.61
1.50
1.49
1.48
1.48
1.50
1.50
1.50
1.50
1.50
1.49
1.49
1.49
1.49
1.49
1.49
1.49
1.49
1.50
1.50
1.50
1.50
1.49
1.51
1.48
1.50
1.47
81.91
81.91
1.48
1.48
1.49
1.49
1.49
1.49
1.49
1.49
1.48
1.49
1.50
1.48
1.49
1.49
1.50
1.50
1.51
1.50
1.51
1.51
1.52
1.52
1.53
1.53
1.54
1.53
81.91
81.91
1.55
1.55
1.56
1.56
1.57
1.57
1.58
1.58
1.59
1.59
1.61
1.60
1.62
1.62
1.63
1.63
1.65
1.64
1.65
1.65
1.66
1.65
81.91
81.91
1.73
1.75
1.72
1.72
1.74
1.74
1.76
1.76
1.78
1.78
1.79
1.79
1.79
1.79
1.06
1.06
1.04
1.03
1.01
1.03
0.68
0.73
0.80
0.78
0.76
0.78
1.94
0.92
2.00
2.00
2.02
2.02
2.06
2.06
2.01
2.01
1.98
1.98
1.95
1.95
1.93
1.92
81.91
81.91
1.29
1.18
1.84
1.83
1.81
1.81
1.79
1.79
1.78
1.78
1.82
1.82
1.89
1.89
1.94
1.94
1.99
1.99
2.09
2.09
2.12
2.13
81.91
81.91
81.91
81.91
2.01
2.02
2.03
2.03
2.04
2.05
2.12
2.12
2.74
2.75
2.84
2.85
3.54
3.55
3.50
3.51
3.48
3.48
3.46
3.45
30.312358 -6.858961 -2.663218
