1 360
0.62
0.58
0.58
0.59
0.58
0.58
0.59
0.59
0.59
0.60
0.60
0.60
0.59
0.60
0.61
0.61
0.59
0.60
0.61
0.57
0.59
0.61
0.60
0.60
0.62
0.56
0.59
0.57
0.57
0.58
0.57
0.58
0.58
0.59
0.59
0.60
0.60
0.62
0.61
0.62
0.62
0.63
0.62
0.63
0.63
0.65
0.64
0.67
0.67
0.70
0.69
0.70
0.70
0.71
0.71
0.73
0.73
0.75
0.75
0.77
0.76
0.79
0.78
0.81
0.81
0.81
0.83
0.84
0.83
0.86
0.85
0.88
0.88
0.92
0.92
0.92
0.93
0.95
0.95
0.98
0.98
1.01
1.01
1.06
1.07
1.11
1.09
1.15
1.15
1.19
1.19
1.18
1.18
1.26
1.26
1.40
1.42
1.46
1.47
1.49
1.49
1.50
1.51
1.53
1.54
1.56
1.57
1.59
1.59
1.62
1.63
1.65
1.66
1.59
1.57
1.54
1.53
1.61
1.63
1.69
1.69
1.72
1.72
1.76
1.77
1.80
1.81
1.84
1.85
1.66
1.72
1.75
1.78
1.80
1.84
1.85
1.89
1.91
1.96
1.93
1.99
2.00
2.03
2.00
2.06
2.06
2.13
2.14
2.22
2.23
2.27
2.36
2.42
2.40
2.41
2.38
2.39
2.37
2.37
2.18
2.12
2.09
2.12
2.32
2.33
2.33
2.33
2.31
2.32
2.29
2.30
2.43
2.46
2.61
2.67
2.85
2.91
3.11
3.18
3.43
3.52
3.83
4.00
4.36
4.53
5.05
5.30
5.43
5.45
5.43
5.44
5.43
5.44
5.42
5.43
5.42
5.43
5.42
5.44
5.50
5.50
5.13
5.00
4.93
4.95
4.96
4.97
4.96
4.97
4.99
5.04
5.41
5.42
5.45
5.47
5.46
5.49
5.48
5.50
5.50
5.51
5.52
5.52
4.89
4.68
4.72
5.57
5.58
5.59
5.63
5.71
5.73
5.75
5.74
5.77
5.62
5.59
2.99
3.00
5.23
5.15
4.71
4.74
4.71
4.62
4.60
4.59
2.31
2.28
2.21
2.19
2.14
2.11
2.04
2.03
1.97
1.95
1.90
1.87
1.84
1.82
1.78
1.77
1.73
1.71
1.67
1.66
1.63
1.63
1.60
1.59
1.55
1.55
1.52
1.50
1.47
1.47
1.45
1.44
1.42
1.41
1.39
1.39
1.37
1.36
1.34
1.33
1.32
1.31
1.30
1.29
1.27
1.26
1.24
1.24
1.23
1.23
1.21
1.20
1.18
1.17
1.17
1.17
1.15
1.14
1.13
1.12
1.11
1.11
1.10
1.11
1.09
1.09
1.08
1.08
1.06
1.07
1.06
1.05
1.04
1.04
1.03
1.03
1.03
1.02
1.01
1.01
1.01
0.99
0.99
0.98
0.98
0.98
0.97
0.97
0.96
0.96
0.96
0.96
0.95
0.95
0.94
0.94
0.94
0.93
0.93
0.93
0.92
0.92
0.92
0.91
0.91
0.91
0.90
0.90
0.90
0.91
0.91
0.92
0.93
38.392673 -12.459268 2.391721
