1 360
1.24
1.24
1.23
1.23
1.23
1.23
1.22
1.23
1.22
1.21
1.21
1.21
1.21
1.21
1.21
1.21
1.21
1.21
1.21
1.21
1.21
1.20
1.21
1.21
1.21
1.20
1.20
1.20
1.20
1.20
1.20
1.20
1.20
1.20
1.20
1.20
1.20
1.20
1.20
1.20
1.20
1.20
1.20
1.20
1.20
1.20
1.21
1.21
1.21
1.21
1.22
1.22
1.22
1.22
1.23
1.23
1.23
1.23
1.24
1.24
1.26
1.25
1.26
1.26
1.27
1.27
1.28
1.28
1.28
1.28
1.29
1.28
1.28
1.27
1.27
1.24
1.20
1.18
1.18
1.18
1.17
1.18
1.17
1.18
1.18
1.19
1.20
1.20
1.36
1.39
1.40
1.40
1.42
1.42
1.44
1.44
1.45
1.45
1.47
1.47
1.49
1.48
1.22
1.21
1.24
1.21
1.18
1.17
1.14
1.12
1.15
1.11
1.10
1.10
1.08
1.06
1.08
1.09
1.03
1.02
1.06
1.03
0.99
1.00
1.03
1.00
0.97
0.96
1.00
0.98
0.94
0.93
0.97
0.95
0.91
0.91
0.93
0.93
0.91
0.89
0.89
0.89
0.91
0.89
0.86
0.84
0.89
0.89
0.88
0.85
0.83
0.83
0.86
0.85
0.83
0.82
0.82
0.82
0.83
0.84
0.81
0.80
0.79
0.81
0.82
0.84
0.80
0.78
0.77
0.77
0.82
0.82
0.81
0.80
0.77
0.76
0.81
0.79
0.83
0.82
0.76
0.74
0.77
0.76
0.83
0.83
0.78
0.76
0.74
0.72
0.80
0.80
0.84
0.85
0.74
0.73
0.76
0.75
0.89
0.89
0.78
0.78
0.72
0.72
0.84
0.82
0.87
0.88
0.74
0.73
0.75
0.73
0.89
0.88
0.77
0.78
0.72
0.72
0.82
0.80
0.82
0.83
0.74
0.73
0.75
0.74
0.85
0.87
0.77
0.77
0.74
0.74
0.82
0.81
0.80
0.80
0.75
0.76
0.80
0.77
0.82
0.81
0.78
0.78
0.79
0.76
0.84
0.83
0.79
0.80
0.80
0.78
0.85
0.84
0.82
0.82
0.81
0.81
0.87
0.85
0.82
0.83
0.84
0.82
0.88
0.88
0.85
0.85
0.88
0.85
0.90
0.90
0.87
0.87
0.93
0.91
0.91
0.90
0.92
0.89
0.94
0.94
0.93
0.92
0.98
0.97
0.94
0.94
1.00
0.99
0.97
0.98
1.03
1.01
1.00
1.00
1.05
1.04
1.04
1.03
1.09
1.08
1.08
1.07
1.11
1.11
1.27
1.15
1.38
1.38
1.37
1.38
1.35
1.35
1.33
1.34
1.36
1.36
1.40
1.39
1.43
1.43
1.47
1.47
1.44
1.43
1.42
1.43
1.45
1.43
1.55
1.48
1.76
1.79
1.74
1.76
1.75
1.74
1.74
1.73
1.81
1.79
1.88
1.87
1.96
1.94
1.83
2.01
1.63
1.67
1.95
1.95
1.93
1.94
1.92
1.92
1.27
1.35
1.26
1.26
15.290470 -6.892515 -1.111166
