1 360
0.70
0.70
0.70
0.70
0.70
0.70
0.70
0.70
0.70
0.69
0.69
0.69
0.69
0.69
0.69
0.69
0.70
0.69
0.70
0.69
0.70
0.69
0.69
0.69
0.69
0.69
0.69
0.69
0.69
0.70
0.70
0.70
0.70
0.70
0.70
0.69
0.69
0.69
0.70
0.69
0.69
0.71
0.70
0.70
0.71
0.71
0.71
0.71
0.71
0.71
0.71
0.71
0.72
0.72
0.72
0.71
0.72
0.72
0.72
0.74
0.74
0.74
0.74
0.74
0.75
0.74
0.75
0.74
0.74
0.75
0.75
0.75
0.76
0.75
0.77
0.77
0.77
0.78
0.77
0.78
0.78
0.79
0.80
0.80
0.80
0.81
0.81
0.81
0.81
0.82
0.82
0.83
0.84
0.85
0.86
0.86
0.87
0.87
0.87
0.87
0.88
0.89
0.89
0.90
0.91
0.92
0.92
0.93
0.94
0.94
0.96
0.96
0.96
0.97
0.98
0.99
1.00
1.01
1.02
1.03
1.04
1.04
1.06
1.07
1.07
1.06
1.08
1.09
1.10
1.12
1.13
1.15
1.17
1.17
1.19
1.21
1.24
1.26
1.27
1.30
1.32
1.33
1.35
1.37
1.39
1.41
1.43
1.45
1.48
1.52
1.55
1.56
1.60
1.63
1.66
1.69
1.73
1.76
1.80
1.84
1.88
1.93
1.96
2.02
2.06
2.13
2.15
2.20
2.25
2.36
2.43
2.52
2.60
2.68
2.77
2.87
2.97
3.07
3.19
3.30
3.08
2.87
2.83
2.78
2.74
2.72
2.73
2.73
2.68
2.68
2.69
2.71
2.81
2.80
2.80
2.79
2.79
2.78
2.81
2.92
3.36
3.44
3.45
3.45
3.45
3.45
3.56
3.55
3.56
3.55
3.56
3.56
3.57
3.56
3.57
3.57
3.50
3.17
3.16
3.17
3.17
3.17
3.18
3.18
3.19
3.18
3.19
3.19
3.21
3.21
3.23
3.23
3.23
3.23
3.25
3.25
3.27
3.27
3.30
3.31
3.32
3.32
3.35
3.35
3.36
3.37
3.39
3.39
3.40
3.41
3.43
3.43
3.46
3.46
3.49
3.49
3.51
3.49
3.43
3.37
3.33
3.29
81.91
81.91
81.91
81.91
2.96
2.97
2.96
2.98
3.01
3.07
3.05
2.98
2.97
2.95
2.91
2.89
2.87
2.83
2.83
2.85
3.01
3.12
3.14
3.16
3.20
3.82
3.85
3.88
2.57
2.53
2.49
2.46
2.45
2.46
2.43
2.41
2.39
2.38
2.43
4.42
4.45
4.50
4.53
4.46
4.55
4.56
4.62
4.65
4.72
4.76
4.83
4.86
4.92
4.98
5.06
5.09
5.19
5.22
5.25
5.26
5.27
5.26
5.25
5.25
2.00
2.00
1.99
1.98
1.97
1.96
1.96
1.95
1.94
1.93
1.92
1.91
1.92
1.91
1.90
1.90
1.93
4.58
4.57
4.56
4.55
4.54
4.52
4.51
4.50
4.49
4.48
4.47
4.46
4.46
4.44
4.43
4.40
4.41
33.018153 -23.532850 -3.061024
