1 360
4.56
4.52
4.52
4.51
4.51
4.47
4.48
4.45
4.44
4.42
4.42
4.37
4.37
6.97
6.99
7.46
7.48
8.99
8.99
9.65
9.68
10.34
10.33
11.16
11.93
13.06
13.11
13.24
13.24
16.36
16.37
17.99
18.22
19.37
20.79
23.72
23.72
4.13
4.13
4.06
4.06
4.00
4.00
3.93
3.93
3.86
3.86
3.80
3.80
3.72
3.72
3.66
3.67
3.61
3.62
3.56
3.56
3.51
3.51
3.45
3.45
3.45
3.46
3.44
3.45
3.12
3.13
2.81
2.81
2.78
2.79
2.71
2.71
2.83
2.82
3.87
3.88
1.43
3.94
1.33
1.32
1.24
1.24
1.15
1.19
1.13
1.14
1.11
1.11
1.07
1.08
1.06
1.06
1.03
1.04
0.99
1.00
1.00
1.01
0.97
0.98
1.05
1.02
1.09
1.08
1.11
1.12
1.16
1.17
4.49
4.50
4.53
4.55
4.59
4.60
4.68
4.67
4.71
4.72
4.76
4.76
4.80
4.81
0.87
5.20
0.85
0.86
0.83
0.84
0.82
0.82
0.84
0.84
0.84
0.85
0.90
0.89
0.87
0.89
0.89
0.88
0.92
0.94
0.87
0.88
0.88
0.90
0.92
0.93
0.94
0.95
0.99
0.99
1.79
1.77
1.69
1.69
1.67
1.67
1.65
1.66
1.64
1.64
1.63
1.64
1.62
1.62
1.65
1.65
1.67
1.68
1.70
1.70
1.62
1.62
1.62
1.63
1.80
1.84
2.05
2.05
2.04
2.05
2.03
2.03
2.02
2.02
2.06
2.05
2.20
2.21
3.20
3.21
3.20
3.21
3.47
3.48
3.52
3.53
3.51
3.52
3.59
3.59
4.19
4.24
4.59
4.61
5.19
5.25
5.85
5.89
6.13
6.13
6.11
6.13
5.75
5.76
5.79
5.85
6.09
6.10
6.09
6.10
6.11
6.12
6.17
6.18
6.17
6.18
6.18
6.18
6.18
6.19
5.90
5.85
5.84
5.87
6.12
6.13
6.12
6.12
5.94
6.07
6.17
6.17
6.18
6.18
6.21
6.22
3.90
3.87
3.41
3.36
3.35
3.35
3.24
3.25
3.26
3.27
3.28
3.29
3.30
3.31
3.32
3.33
3.34
3.35
3.37
3.37
5.82
5.83
5.86
5.87
4.96
5.05
5.80
5.82
5.85
0.73
0.73
0.70
0.68
0.67
0.66
0.65
0.64
0.65
0.65
0.66
0.66
0.66
0.67
0.68
0.71
0.76
0.76
0.77
0.77
0.78
0.78
0.79
0.79
0.80
0.80
0.81
0.81
0.82
0.83
0.83
0.84
0.85
0.85
0.86
0.87
0.88
0.89
0.89
0.89
0.91
0.91
0.92
0.93
0.95
0.95
0.97
0.96
0.97
1.00
1.01
1.01
1.04
1.04
1.05
1.06
1.07
1.09
1.10
1.11
1.12
1.14
1.15
1.16
1.19
1.20
1.23
1.25
1.25
1.27
1.29
1.32
1.33
1.37
1.38
1.41
1.42
1.46
1.49
1.52
1.53
1.57
7.452715 3.296985 -2.940815
