1 360
1.45
1.52
1.50
1.54
1.53
1.58
1.57
1.62
1.62
1.66
1.66
2.04
1.70
1.73
1.84
1.68
1.69
1.75
1.74
1.81
1.81
1.90
1.88
2.08
2.07
2.07
2.08
2.05
2.06
2.04
2.04
2.03
2.04
2.03
2.02
1.91
1.92
1.90
1.90
1.88
1.89
1.95
1.91
81.91
1.98
0.62
0.63
0.63
0.63
0.62
0.64
81.91
81.91
1.82
1.80
1.87
1.87
1.93
1.93
1.92
1.93
1.92
1.93
1.90
1.91
1.91
1.91
1.91
1.91
1.88
1.88
1.89
1.89
1.91
1.91
1.92
1.92
1.88
1.92
1.49
1.52
1.08
1.18
1.06
1.06
1.06
1.06
1.07
1.07
1.07
1.07
1.08
1.08
1.08
1.09
1.09
1.09
1.09
1.10
1.10
1.10
1.29
1.16
1.33
1.32
1.34
1.34
1.33
1.33
1.33
1.33
1.34
1.34
1.35
1.35
1.36
1.37
1.37
1.37
5.13
5.10
6.67
6.67
1.94
1.94
1.97
1.98
1.98
1.99
2.00
2.00
2.01
2.02
0.98
2.04
0.98
0.98
0.94
0.96
0.92
0.92
0.92
0.92
0.92
0.93
0.90
0.92
0.88
0.89
0.87
0.88
0.88
0.88
0.87
0.88
0.88
0.88
0.87
0.88
0.87
0.87
0.88
0.88
0.90
0.89
0.93
0.91
0.96
0.95
1.17
1.12
3.23
3.24
3.19
3.19
3.17
3.17
3.20
3.21
3.12
3.12
1.47
1.47
3.07
3.07
3.62
3.60
3.72
3.71
3.82
3.82
3.63
3.65
3.54
3.55
3.63
3.63
3.67
3.68
3.65
3.64
3.61
3.61
3.59
3.60
3.56
3.57
3.54
3.54
3.50
3.50
2.89
2.90
2.79
2.80
2.79
2.79
2.95
2.95
3.53
3.53
3.51
3.52
3.42
3.44
3.37
3.37
3.37
3.38
3.36
3.36
3.46
3.46
3.37
3.38
3.31
3.32
3.32
3.31
3.32
3.31
3.31
3.31
3.31
3.31
3.30
3.31
3.30
3.29
3.30
3.30
3.30
3.30
3.30
3.30
3.30
3.31
3.30
3.30
3.31
3.31
3.30
1.19
3.33
3.34
3.36
3.36
3.34
3.34
81.91
81.91
81.91
81.91
81.91
81.91
81.91
81.91
81.91
81.91
0.49
0.48
0.46
0.44
81.91
0.44
0.42
81.91
81.91
81.91
81.91
81.91
81.91
81.91
81.91
81.91
81.91
81.91
81.91
81.91
81.91
81.91
81.91
81.91
81.91
81.91
81.91
81.91
81.91
81.91
81.91
81.91
81.91
81.91
81.91
81.91
81.91
81.91
81.91
81.91
81.91
81.91
81.91
81.91
81.91
81.91
81.91
81.91
81.91
81.91
81.91
81.91
81.91
81.91
81.91
81.91
81.91
81.91
81.91
81.91
81.91
81.91
81.91
81.91
81.91
81.91
81.91
81.91
81.91
81.91
81.91
5.88
6.00
5.98
2.83
2.84
2.81
2.79
2.81
2.85
2.92
4.168346 0.099019 -0.140472
